01 29296 29260 29240 29216 29208 29192 29200 29228 29255 29275 29307 29325 29331 29351 29377 29401 29419 29449 29471 29497 29513 29537 29541 29551
02 29553 29549 29539 29533 29529 29517 29517 29517 29521 29523 29521 29515 29501 29489 29489 29493 29499 29497 29503 29485 29493 29469 29453 29427
03 29407 29387 29369 29375 29383 29391 29397 29415 29437 29455 29474 29484 29502 29506 29524 29536 29550 29570 29576 29608 29644 29676 29698 29730
04 29757 29790 29817 29850 29874 29907 29937 29966 30002 30024 30047 30054 30059 30065 30071 30081 30096 30113 30129 30144 30153 30157 30157 30155
05 30145 30135 30129 30125 30123 30111 30105 30104 30087 30057 30045 30017 29961 29921 29871 29825 29779 29733 29685 29651 29623 29615 29623 29637
06 29653 29701 29741 29787 29837 29867 29907 29945 29975 29997 30009 30017 30011 30015 30019 30021 30037 30067 30067 30081 30085 30091 30097 30111
07 30113 30117 30117 30117 30131 30145 30155 30175 30191 30203 30219 30219 30233 30237 30239 30261 30275 30295 30309 30337 30357 30373 30379 30393
08 30405 30413 30415 30419 30429 30443 30449 30461 30475 30483 30496 30494 30484 30476 30472 30468 30466 30476 30486 30486 30486 30484 30482 30478
09 30466 30456 30450 30446 30448 30450 30454 30456 30460 30464 30458 30446 30438 30416 30410 30414 30414 30418 30422 30423 30414 30415 30409 30406
10 30398 30383 30370 30356 30358 30350 30340 30332 30332 30324 30322 30308 30294 30278 30262 30250 30245 30245 30230 30216 30206 30190 30174 30154
11 30134 30116 30098 30085 30078 30056 30042 30036 30028 30016 30004 29978 29958 29932 29914 29898 29882 29884 29876 29870 29864 29862 29850 29844
12 29840 29832 29818 29804 29804 29806 29810 29814 29810 29814 29807 29795 29781 29761 29753 29747 29743 29749 29749 29743 29739 29733 29727 29717
13 29705 29693 29681 29671 29665 29659 29653 29655 29651 29639 29634 29628 29612 29596 29586 29576 29558 29553 29556 29538 29532 29514 29496 29472
14 29448 29422 29396 29451 29488 29514 29546 29582 29614 29636 29653 29663 29663 29668 29668 29681 29691 29706 29720 29732 29736 29742 29742 29742
15 29742 29736 29724 29718 29706 29706 29704 29712 29718 29720 29719 29711 29695 29683 29681 29671 29671 29677 29677 29681 29687 29691 29693 29691
16 29683 29676 29663 29657 29663 29661 29663 29669 29683 29687 29689 29685 29680 29677 29670 29667 29671 29679 29683 29691 29696 29699 29697 29701
17 29691 29690 29696 29693 29689 29693 29705 29721 29733 29747 29757 29761 29759 29759 29761 29766 29781 29799 29817 29831 29843 29853 29865 29868
18 29873 29874 29875 29876 29879 29883 29891 29903 29911 29925 29926 29922 29910 29906 29892 29886 29887 29896 29906 29904 29904 29896 29890 29888
19 29884 29886 29882 29880 29882 29890 29896 29895 29896 29905 29914 29917 29910 29904 29885 29885 29904 29890 29916 29925 29930 29935 29932 29938
20 29936 29938 29935 29934 29938 29942 29944 29952 29966 29974 29984 29980 29968 29964 29957 29958 29960 29964 29972 29974 29974 29978 29974 29975
21 29977 29974 29970 29966 29974 29974 29980 30002 30016 30026 30030 30030 30030 30032 30038 30048 30067 30080 30088 30105 30114 30129 30130 30135
22 30150 30155 30166 30170 30177 30190 30198 30216 30225 30229 30230 30220 30217 30207 30202 30194 30194 30194 30195 30186 30170 30163 30148 30136
23 30120 30104 30090 30080 30068 30064 30056 30054 30050 30038 30030 30022 30015 30000 29990 29984 29982 29976 29972 29956 29950 29954 29940 29938
24 29930 29916 29902 29884 29878 29872 29872 29878 29876 29875 29867 29857 29847 29831 29821 29817 29825 29829 29843 29846 29851 29845 29846 29843
25 29839 29827 29831 29823 29823 29827 29831 29841 29851 29854 29847 29850 29847 29847 29848 29855 29867 29886 29899 29909 29917 29935 29951 29953
26 29963 29959 29966 29981 29999 30016 30037 30063 30081 30085 30095 30110 30100 30098 30100 30105 30104 30108 30116 30116 30118 30110 30106 30102
27 30094 30076 30070 30046 30032 30020 30020 30012 30014 30006 30001 29990 29963 29945 29931 29911 29915 29915 29915 29915 29905 29899 29891 29879
28 29875 29876 29873 29873 29873 29879 29879 29891 29891 29893 29891 29883 29856 29837 29821 29799 29777 29753 29725 29675 29651 29601 29561 29541
