01 30172 30167 30162 30153 30145 30144 30136 30132 30134 30145 30137 30128 30115 30109 30092 30078 30075 30068 30066 30061 30043 30038 30023 30006
02 29989 29972 29964 29962 29943 29925 29937 29943 29952 29957 29960 29960 29960 29957 29960 29963 29968 29969 29983 29991 30008 30029 30034 30040
03 30045 30051 30064 30073 30077 30090 30098 30105 30118 30135 30139 30142 30142 30152 30138 30132 30124 30111 30088 30082 30084 30085 30070 30071
04 30068 30060 30055 30059 30054 30062 30074 30087 30104 30129 30139 30146 30154 30172 30171 30181 30188 30194 30203 30216 30231 30244 30252 30255
05 30259 30259 30252 30252 30252 30266 30277 30288 30294 30311 30314 30324 30316 30323 30310 30310 30307 30304 30299 30303 30308 30304 30297 30294
06 30286 30277 30249 30247 30244 30241 30228 30228 30228 30224 30211 30201 30193 30181 30163 30151 30141 30133 30124 30121 30125 30121 30105 30091
07 30073 30053 30044 30022 30005 30013 30013 30013 30008 30007 30003 29996 29983 29969 29951 29945 29941 29934 29934 29915 29915 29921 29921 29915
08 29907 29897 29893 29885 29881 29886 29889 29889 29898 29908 29918 29917 29918 29915 29917 29914 29911 29911 29913 29917 29931 29933 29933 29936
09 29924 29925 29923 29915 29912 29911 29916 29917 29907 29906 29903 29896 29901 29887 29876 29873 29873 29868 29868 29868 29871 29875 29871 29871
10 29862 29861 29853 29848 29843 29852 29862 29869 29877 29888 29882 29888 29894 29898 29895 29900 29899 29899 29901 29902 29904 29905 29898 29893
11 29882 29876 29865 29860 29852 29852 29834 29830 29821 29813 29797 29791 29778 29767 29745 29735 29722 29699 29687 29668 29663 29648 29631 29608
12 29567 29531 29499 29474 29454 29442 29424 29414 29416 29425 29419 29408 29397 29377 29359 29347 29347 29357 29367 29374 29374 29361 29371 29361
13 29357 29349 29343 29331 29331 29347 29355 29357 29364 29377 29372 29378 29378 29392 29393 29420 29435 29450 29451 29468 29495 29508 29531 29570
14 29567 29580 29592 29618 29635 29657 29674 29692 29720 29746 29757 29767 29782 29803 29816 29817 29826 29840 29840 29844 29856 29868 29876 29885
15 29884 29899 29903 29926 29930 29944 29966 29984 29994 30003 29994 30003 30001 30003 29993 29987 29977 29966 29950 29940 29913 29878 29833 29795
16 29755 29721 29689 29673 29694 29721 29739 29765 29773 29793 29789 29793 29792 29795 29785 29778 29768 29763 29747 29737 29727 29721 29699 29678
17 29651 29615 29577 29537 29477 29427 29384 29355 29309 29230 29143 29059 28988 28997 29056 29221 29297 29315 29330 29349 29367 29382 29378 29387
18 29387 29389 29389 29387 29398 29413 29430 29449 29467 29477 29495 29514 29533 29563 29577 29609 29627 29653 29680 29705 29731 29747 29748 29761
19 29763 29765 29766 29767 29781 29795 29805 29813 29826 29841 29859 29868 29876 29885 29897 29900 29900 29902 29908 29922 29930 29948 29940 29939
20 29937 29942 29936 29932 29934 29940 29947 29954 29948 29955 29957 29961 29957 29961 29959 29963 29964 29976 30002 30010 30020 30035 30048 30062
21 30060 30060 30073 30083 30090 30111 30122 30138 30146 30163 30174 30189 30192 30202 30202 30207 30214 30222 30229 30248 30252 30258 30244 30242
22 30232 30220 30211 30202 30196 30192 30187 30184 30182 30174 30163 30157 30150 30146 30130 30127 30118 30115 30111 30124 30128 30132 30127 30118
23 30118 30107 30098 30080 30077 30071 30077 30077 30080 30082 30079 30070 30057 30056 30042 30045 30040 30020 30018 30025 30023 30017 30010 30002
24 29985 29968 29960 29950 29942 29947 29945 29940 29930 29921 29916 29907 29897 29836 29867 29855 29850 29840 29835 29828 29828 29820 29810 29793
25 29778 29762 29744 29728 29716 29710 29705 29705 29702 29693 29681 29679 29671 29662 29659 29657 29646 29646 29641 29641 29648 29657 29647 29659
26 29649 29646 29631 29619 29615 29621 29628 29633 29627 29623 29617 29620 29602 29591 29572 29553 29535 29517 29505 29482 29460 29447 29435 29420
27 29407 29403 29403 29405 29416 29430 29437 29446 29452 29464 29474 29470 29473 29485 29494 29501 29504 29504 29517 29528 29536 29542 29554 29560
28 29560 29560 29558 29560 29566 29571 29588 29605 29616 29625 29631 29635 29643 29643 29643 29645 29647 29653 29663 29671 29681 29701 29703 29705
29 29705 29705 29706 29713 29723 29732 29741 29757 29766 29777 29777 29789 29791 29797 29795 29797 29809 29810 29818 29836 29848 29853 29855 29856
30 29862 29862 29868 29881 29881 29905 29915 29937 29947 29955 29956 29970 29970 29974 29974 29980 29979 29987 29993 30002 30016 30022 30019 30020
31 30012 30017 30008 29996 29996 29997 29999 30004 30004 30002 29998 29987 29978 29967 29949 29935 29919 29901 29899 29901 29903 29907 29895 29881
