01 30235 30235 30231 30223 30208 30198 30188 30189 30190 30193 30183 30164 30145 30122 30115 30099 30087 30075 30067 30064 30049 30035 30028 30023
02 30009 30007 30012 30014 30014 30014 30019 30027 30042 30065 30073 30071 30064 30055 30052 30055 30050 30053 30045 30041 30037 30025 30015 29999
03 29983 29964 29944 29927 29901 29867 29847 29825 29805 29781 29768 29747 29714 29693 29681 29671 29664 29665 29695 29726 29733 29740 29749 29755
04 29755 29755 29765 29757 29754 29749 29745 29737 29741 29744 29757 29737 29721 29709 29708 29707 29709 29712 29714 29745 29756 29773 29793 29805
05 29805 29808 29817 29823 29824 29815 29817 29819 29824 29829 29827 29825 29815 29804 29795 29764 29733 29695 29634 29592 29605 29584 29552 29554
06 29532 29529 29525 29509 29502 29512 29534 29577 29624 29703 29776 29814 29848 29868 29897 29945 29989 30011 30048 30087 30103 30129 30139 30144
07 30150 30152 30159 30156 30156 30141 30141 30132 30128 30125 30098 30068 30034 30000 29960 29945 29932 29908 29881 29856 29858 29864 29858 29868
08 29862 29857 29877 29876 29882 29886 29895 29902 29916 29938 29952 29961 29957 29948 29950 29955 29974 29981 29987 29995 30014 30028 30035 30054
09 30065 30079 30087 30101 30115 30129 30143 30157 30171 30184 30202 30200 30199 30188 30185 30176 30181 30181 30176 30160 30142 30141 30134 30130
10 30118 30116 30116 30107 30102 30091 30086 30086 30084 30078 30060 30037 30006 29980 29959 29936 29905 29879 29850 29824 29785 29749 29759 29776
11 29800 29825 29859 29899 29933 29971 30037 30067 30099 30141 30170 30211 30226 30238 30260 30293 30310 30341 30362 30372 30387 30392 30390 30386
12 30394 30378 30378 30377 30364 30351 30322 30318 30305 30292 30267 30255 30231 30183 30151 30124 30120 30105 30113 30097 30073 30040 30001 29973
13 29909 29879 29845 29809 29807 29744 29765 29775 29796 29815 29831 29842 29841 29845 29864 29894 29907 29944 29975 30007 30028 30054 30055 30058
14 30074 30085 30104 30104 30108 30124 30126 30127 30130 30137 30124 30120 30095 30083 30058 30047 30032 30027 30018 29998 29989 29989 29953 29930
15 29903 29885 29858 29834 29807 29781 29781 29777 29756 29745 29737 29693 29683 29655 29633 29641 29641 29632 29644 29681 29675 29702 29714 29722
16 29733 29745 29753 29757 29745 29727 29704 29688 29654 29631 29580 29533 29493 29452 29459 29469 29475 29487 29495 29497 29507 29503 29524 29524
17 29509 29496 29486 29477 29453 29449 29429 29407 29397 29370 29357 29319 29307 29283 29244 29205 29179 29167 29163 29137 29133 29124 29118 29107
18 29085 29084 29068 29067 29064 29071 29098 29157 29205 29272 29298 29301 29295 29294 29303 29312 29327 29364 29373 29385 29388 29414 29419 29424
19 29435 29424 29422 29422 29436 29444 29443 29467 29492 29516 29545 29562 29585 29590 29587 29601 29602 29631 29639 29657 29658 29649 29631 29624
20 29605 29585 29545 29504 29472 29465 29464 29469 29478 29504 29515 29532 29541 29548 29562 29565 29575 29591 29602 29597 29599 29594 29595 29598
21 29602 29604 29601 29597 29603 29615 29621 29631 29643 29645 29647 29642 29635 29632 29629 29628 29632 29633 29638 29643 29642 29637 29637 29636
22 29631 29635 29628 29624 29611 29604 29599 29595 29599 29605 29611 29603 29595 29589 29587 29585 29592 29598 29613 29612 29617 29619 29625 29625
23 29625 29628 29635 29636 29632 29630 29631 29634 29633 29638 29636 29636 29622 29611 29595 29589 29589 29592 29587 29583 29575 29565 29549 29551
24 29551 29547 29538 29532 29532 29527 29527 29528 29530 29536 29528 29525 29515 29507 29495 29492 29487 29485 29478 29477 29479 29468 29468 29463
25 29448 29433 29425 29418 29413 29407 29408 29409 29405 29407 29408 29408 29407 29393 29381 29380 29384 29392 29387 29391 29375 29360 29349 29330
26 29318 29307 29309 29307 29309 29323 29341 29365 29392 29418 29443 29463 29470 29481 29489 29507 29527 29543 29563 29578 29595 29614 29624 29631
27 29633 29633 29644 29648 29659 29668 29682 29691 29712 29735 29749 29754 29750 29740 29742 29749 29752 29763 29763 29777 29773 29774 29775 29771
28 29762 29741 29725 29698 29671 29655 29631 29607 29585 29569 29547 29525 29504 29467 29447 29421 29415 29405 29395 29383 29384 29378 29377 29381
29 29381 29381 29381 29384 29385 29435 29485 29511 29543 29569 29602 29656 29675 29699 29713 29751 29753 29759 29771 29767 29741 29681 29672 29652
30 29617 29619 29581 29552 29535 29519 29507 29497 29481 29484 29485 29472 29465 29446 29445 29446 29446 29453 29458 29463 29455 29443 29435 29413
31 29385 29357 29333 29304 29277 29258 29253 29259 29291 29322 29368 29389 29407 29417 29424 29431 29447 29463 29464 29457 29451 29431 29425 29417
