01 29877 29859 29856 29827 29816 29823 29817 29826 29809 29788 29777 29784 29784 29759 29749 29751 29753 29766 29777 29792 29807 29823 29836 29844
02 29843 29845 29853 29866 29874 29875 29883 29895 29896 29896 29903 29895 29883 29879 29875 29859 29863 29873 29889 29927 29956 29978 29994 29999
03 29999 29999 29986 29999 30018 30026 30048 30066 30071 30083 30090 30088 30089 30091 30089 30094 30094 30105 30114 30123 30131 30135 30138 30139
04 30141 30143 30141 30141 30147 30151 30149 30148 30149 30149 30149 30145 30137 30124 30116 30103 30098 30092 30103 30118 30132 30141 30145 30145
05 30146 30135 30127 30122 30118 30113 30109 30115 30103 30090 30086 30067 30043 30028 30013 29997 29983 29981 29979 29985 29993 29994 29989 29983
06 29977 29959 29954 29945 29942 29943 29943 29939 29931 29919 29915 29904 29902 29885 29873 29865 29859 29861 29871 29874 29884 29886 29887 29886
07 29878 29879 29873 29864 29871 29874 29878 29879 29881 29876 29876 29869 29860 29855 29854 29843 29843 29849 29859 29879 29895 29902 29908 29907
08 29896 29895 29892 29894 29898 29899 29899 29897 29889 29876 29867 29858 29846 29826 29809 29806 29805 29810 29811 29815 29821 29824 29824 29817
09 29810 29805 29801 29802 29800 29800 29801 29810 29805 29800 29795 29788 29773 29763 29753 29741 29732 29735 29737 29753 29767 29776 29774 29767
10 29754 29746 29730 29726 29721 29731 29745 29751 29744 29748 29758 29755 29754 29758 29759 29757 29765 29776 29787 29803 29828 29841 29847 29846
11 29845 29842 29858 29866 29878 29893 29897 29913 29918 29916 29917 29912 29907 29907 29897 29879 29866 29858 29845 29828 29817 29803 29796 29777
12 29755 29748 29739 29727 29732 29737 29738 29734 29725 29717 29715 29694 29687 29674 29686 29677 29682 29681 29679 29684 29695 29698 29702 29698
13 29698 29697 29702 29711 29722 29734 29758 29771 29769 29775 29781 29788 29794 29819 29829 29839 29844 29857 29881 29893 29918 29934 29943 29950
14 29957 29966 29977 29984 29993 29998 30008 30017 30017 30011 30006 29998 29986 29974 29963 29950 29935 29917 29898 29882 29878 29878 29875 29878
15 29882 29887 29901 29922 29938 29959 29971 29994 30002 30009 30028 30029 30028 30026 30027 30033 30032 30040 30043 30068 30073 30072 30079 30075
16 30069 30071 30065 30067 30069 30071 30077 30069 30078 30073 30069 30061 30062 30065 30059 30059 30056 30063 30064 30069 30075 30078 30079 30075
17 30072 30062 30058 30056 30055 30053 30043 30036 30037 30032 30025 30018 30019 30016 30020 30021 30038 30027 30024 30029 30036 30040 30034 30025
18 30022 30016 30013 29999 29998 29995 29999 29993 29995 29992 29990 29983 29981 29982 29970 29962 29953 29944 29943 29942 29943 29941 29932 29921
19 29903 29883 29862 29852 29845 29833 29814 29808 29792 29780 29777 29762 29746 29732 29748 29745 29746 29765 29780 29818 29839 29862 29867 29873
20 29877 29879 29880 29887 29890 29905 29923 29926 29927 29938 29951 29953 29949 29953 29953 29963 29976 29986 29999 30010 30018 30028 30020 30027
21 30027 30026 30019 30023 30037 30033 30039 30039 30049 30054 30060 30056 30048 30042 30035 30021 30015 30013 29999 29996 29996 29992 29989 29970
22 29963 29949 29938 29932 29923 29922 29928 29927 29919 29917 29911 29905 29891 29872 29867 29856 29854 29845 29851 29855 29853 29850 29840 29828
23 29811 29801 29800 29792 29786 29781 29782 29763 29758 29741 29738 29728 29722 29715 29709 29717 29725 29742 29758 29783 29809 29829 29847 29865
24 29876 29887 29903 29916 29933 29949 29963 29978 29985 29983 29986 29977 29971 29955 29949 29938 29937 29936 29939 29939 29949 29954 29958 29948
25 29947 29943 29936 29942 29948 29962 29970 29973 29976 29979 29994 29985 29986 29983 29979 29972 29965 29966 29974 29992 30008 30017 30015 30017
26 30011 30012 30008 30011 30020 30022 30023 30026 30022 30012 30012 30010 30005 29998 29995 29989 29988 29997 30008 30016 30035 30044 30058 30063
27 30063 30067 30075 30085 30092 30103 30113 30118 30123 30117 30123 30125 30119 30119 30118 30113 30115 30108 30112 30121 30143 30157 30162 30156
28 30152 30147 30143 30146 30153 30159 30163 30165 30168 30169 30168 30161 30158 30145 30143 30125 30127 30126 30139 30150 30171 30185 30187 30186
29 30183 30179 30175 30179 30183 30192 30197 30196 30197 30194 30193 30189 30179 30169 30160 30157 30160 30163 30166 30187 30205 30216 30219 30223
30 30226 30227 30219 30226 30230 30235 30238 30243 30242 30233 30229 30230 30223 30223 30219 30210 30209 30207 30216 30235 30248 30251 30262 30266
