01 29668 29669 29675 29688 29694 29713 29724 29736 29749 29758 29765 29777 29785 29792 29797 29805 29808 29820 29835 29846 29859 29872 29886 29898
02 29905 29905 29911 29921 29935 29945 29956 29976 29986 29999 30013 30022 30026 30029 30040 30035 30039 30054 30069 30082 30086 30096 30101 30105
03 30104 30103 30111 30112 30113 30122 30128 30130 30139 30142 30139 30139 30141 30145 30134 30125 30120 30118 30115 30115 30112 30102 30098 30088
04 30077 30057 30045 30033 30015 30005 29991 29982 29975 29965 29948 29931 29915 29906 29894 29881 29866 29864 29860 29864 29872 29880 29883 29878
05 29878 29879 29889 29892 29888 29884 29886 29885 29881 29873 29869 29866 29877 29862 29864 29869 29872 29875 29884 29896 29894 29899 29898 29892
06 29882 29876 29866 29856 29852 29853 29850 29851 29848 29835 29837 29826 29813 29804 29793 29779 29771 29768 29762 29764 29762 29759 29750 29747
07 29737 29730 29723 29723 29728 29739 29739 29741 29741 29741 29750 29755 29760 29758 29761 29760 29763 29765 29773 29784 29772 29761 29745 29723
08 29695 29664 29636 29601 29567 29528 29467 29411 29356 29297 29229 29176 29109 29072 29029 29021 29034 29066 29088 29115 29122 29125 29129 29129
09 29115 29099 29070 29062 29046 29022 29002 28982 28958 28932 28895 28873 28855 28823 28812 28808 28793 28795 28792 28795 28814 28835 28842 28850
10 28865 28873 28873 28881 28893 28905 28917 28942 28959 28990 29020 29049 29069 29102 29121 29150 29181 29205 29236 29267 29289 29302 29315 29322
11 29335 29348 29365 29386 29405 29436 29454 29476 29494 29516 29538 29536 29576 29595 29613 29627 29646 29671 29690 29722 29740 29756 29771 29787
12 29792 29821 29826 29831 29854 29876 29893 29903 29915 29935 29937 29949 29949 29956 29973 29980 29971 29965 29967 29969 29965 29962 29947 29931
13 29924 29909 29879 29861 29847 29839 29820 29802 29800 29780 29757 29738 29720 29701 29685 29662 29646 29625 29606 29569 29546 29480 29457 29418
14 29368 29355 29371 29380 29385 29392 29391 29400 29401 29398 29375 29367 29363 29346 29323 29308 29291 29272 29268 29265 29259 29246 29230 29223
15 29218 29209 29205 29207 29210 29221 29235 29245 29254 29271 29286 29306 29330 29359 29381 29398 29422 29453 29473 29508 29537 29562 29590 29613
16 29635 29648 29662 29688 29711 29735 29758 29777 29798 29816 29830 29841 29853 29861 29865 29868 29873 29879 29898 29903 29905 29898 29888 29877
17 29855 29843 29830 29813 29802 29795 29790 29783 29771 29755 29740 29721 29700 29700 29694 29687 29675 29670 29680 29709 29730 29747 29771 29792
18 29805 29820 29830 29844 29845 29857 29866 29870 29879 29877 29875 29859 29866 29853 29871 29859 29866 29872 29881 29901 29920 29928 29939 29949
19 29956 29968 29981 29995 30016 30046 30060 30071 30083 30083 30086 30089 30096 30096 30091 30092 30095 30093 30096 30105 30103 30103 30091 30085
20 30079 30066 30043 30033 30018 30009 30006 29990 29978 29945 29933 29909 29902 29879 29859 29842 29845 29846 29828 29839 29841 29843 29856 29857
21 29867 29878 29883 29907 29923 29950 29971 30002 30020 30031 30031 30045 30055 30074 30068 30070 30065 30070 30063 30068 30062 30061 30063 30070
22 30062 30058 30054 30055 30059 30072 30068 30066 30065 30061 30053 30046 30036 30035 30031 30027 30031 30043 30060 30076 30083 30093 30109 30109
23 30110 30116 30116 30121 30123 30130 30138 30143 30145 30145 30142 30142 30137 30137 30139 30132 30131 30137 30147 30157 30155 30153 30144 30138
24 30129 30122 30117 30110 30109 30099 30102 30099 30091 30084 30084 30082 30071 30069 30062 30062 30064 30065 30072 30073 30074 30078 30069 30059
25 30054 30042 30032 30019 30015 30008 30005 30002 29996 29983 29968 29956 29942 29927 29916 29912 29909 29905 29907 29907 29909 29902 29888 29876
26 29862 29839 29823 29816 29819 29813 29817 29804 29800 29797 29790 29781 29768 29772 29769 29761 29750 29746 29752 29749 29740 29715 29699 29690
27 29670 29631 29631 29593 29571 29552 29537 29548 29559 29575 29587 29590 29592 29580 29571 29603 29632 29616 29612 29620 29626 29630 29650 29647
28 29670 29675 29690 29671 29672 29699 29708 29706 29703 29691 29689 29666 29656 29629 29626 29612 29581 29571 29548 29513 29489 29465 29448 29443
29 29439 29455 29480 29491 29519 29565 29592 29609 29621 29643 29659 29669 29676 29692 29696 29702 29701 29704 29715 29728 29718 29728 29729 29694
30 29682 29671 29660 29656 29643 29634 29633 29619 29604 29582 29570 29546 29534 29506 29472 29472 29431 29407 29387 29380 29374 29386 29414 29447
31 29450 29464 29461 29473 29484 29484 29484 29487 29487 29473 29471 29461 29448 29443 29444 29447 29449 29450 29441 29438 29420 29412 29407 29395
