01 30323 30321 30303 30279 30251 30245 30241 30249 30261 30271 30293 30293 30273 30269 30263 30263 30261 30282 30299 30293 30303 30315 30325 30325
02 30325 30323 30311 30311 30314 30323 30324 30331 30331 30346 30343 30341 30329 30313 30313 30313 30313 30309 30311 30317 30317 30305 30314 30311
03 30311 30309 30301 30301 30303 30309 30321 30332 30336 30342 30350 30347 30336 30332 30324 30320 30334 30342 30355 30365 30364 30363 30363 30368
04 30356 30356 30360 30364 30370 30368 30380 30394 30400 30415 30415 30414 30402 30394 30382 30377 30382 30394 30400 30412 30416 30418 30420 30428
05 30432 30418 30420 30410 30414 30418 30428 30426 30422 30420 30423 30407 30389 30365 30343 30327 30329 30323 30321 30321 30319 30313 30295 30265
06 30246 30241 30233 30196 30161 30183 30177 30195 30169 30157 30130 30102 30094 30065 30028 30048 30040 30040 30056 30058 30064 30074 30080 30088
07 30082 30076 30062 30054 30036 30024 30028 30026 30002 29994 29976 29940 29926 29900 29870 29840 29818 29794 29765 29758 29736 29700 29675 29654
08 29635 29616 29590 29580 29572 29568 29570 29575 29590 29602 29610 29616 29612 29615 29614 29626 29642 29662 29690 29715 29725 29745 29752 29765
09 29768 29772 29765 29755 29764 29774 29784 29790 29788 29788 29804 29790 29775 29762 29758 29748 29746 29752 29752 29746 29740 29732 29725 29722
10 29718 29703 29685 29675 29668 29662 29672 29684 29690 29688 29688 29687 29683 29669 29661 29655 29661 29667 29681 29687 29691 29691 29685 29679
11 29681 29671 29659 29645 29635 29631 29637 29647 29645 29643 29651 29639 29629 29619 29611 29599 29591 29594 29599 29597 29594 29603 29603 29599
12 29593 29597 29594 29603 29637 29653 29677 29704 29723 29745 29766 29782 29788 29783 29798 29812 29823 29836 29858 29873 29888 29898 29903 29906
13 29910 29912 29906 29901 29898 29894 29893 29900 29905 29904 29909 29897 29881 29857 29849 29829 29809 29797 29751 29759 29739 29721 29704 29694
14 29674 29663 29641 29621 29609 29603 29594 29589 29576 29557 29553 29526 29506 29481 29461 29441 29419 29407 29396 29376 29363 29351 29337 29329
15 29316 29311 29313 29316 29329 29336 29351 29365 29379 29385 29403 29407 29413 29419 29431 29441 29441 29457 29469 29481 29493 29512 29513 29517
16 29514 29519 29511 29509 29511 29507 29501 29503 29496 29491 29493 29488 29480 29472 29462 29462 29458 29460 29458 29460 29465 29456 29458 29450
17 29450 29446 29435 29425 29420 29420 29426 29422 29415 29414 29401 29397 29385 29379 29363 29357 29361 29377 29381 29397 29399 29404 29404 29407
18 29407 29402 29397 29389 29389 29385 29392 29397 29408 29409 29413 29409 29413 29409 29413 29417 29427 29451 29469 29474 29481 29491 29497 29501
19 29509 29509 29501 29504 29519 29534 29547 29563 29569 29574 29591 29585 29579 29567 29569 29569 29569 29585 29589 29595 29594 29585 29579 29579
20 29569 29551 29543 29531 29521 29517 29509 29501 29483 29461 29445 29421 29409 29391 29373 29359 29341 29333 29325 29317 29307 29295 29279 29259
21 29245 29231 29213 29205 29195 29179 29173 29187 29189 29198 29206 29228 29228 29246 29257 29280 29300 29328 29355 29378 29404 29430 29448 29464
22 29478 29505 29518 29526 29550 29578 29610 29640 29656 29678 29699 29703 29707 29709 29713 29717 29723 29736 29743 29755 29761 29763 29768 29775
23 29777 29771 29771 29773 29773 29777 29786 29801 29801 29801 29812 29800 29790 29782 29784 29784 29792 29806 29819 29832 29844 29858 29868 29866
24 29869 29876 29862 29856 29842 29849 29844 29850 29829 29841 29829 29819 29803 29779 29765 29739 29729 29719 29711 29705 29699 29693 29697 29691
25 29683 29671 29665 29663 29663 29653 29653 29655 29653 29651 29642 29605 29574 29540 29503 29470 29464 29445 29420 29382 29348 29302 29280 29238
26 29215 29200 29180 29162 29154 29154 29160 29168 29182 29188 29196 29197 29196 29189 29193 29187 29189 29193 29189 29206 29209 29211 29216 29213
27 29216 29221 29233 29235 29259 29271 29291 29327 29371 29418 29457 29486 29514 29540 29565 29598 29628 29666 29695 29730 29742 29760 29764 29785
28 29804 29818 29830 29835 29855 29885 29908 29924 29945 29964 29968 29970 29977 29978 29974 29975 29972 29978 29978 29968 29958 29950 29935 29920
29 29892 29862 29825 29790 29772 29756 29735 29712 29698 29666 29641 29597 29581 29533 29504 29459 29438 29411 29391 29367 29344 29291 29239 29184
30 29149 29117 29083 29061 29051 29034 29034 29049 29069 29116 29164 29202 29235 29268 29305 29346 29382 29416 29446 29484 29505 29524 29528 29545
31 29558 29562 29572 29574 29598 29628 29657 29681 29700 29722 29746 29754 29772 29784 29804 29820 29848 29872 29888 29910 29926 29932 29942 29954
