01 30379 30358 30337 30324 30326 30328 30346 30376 30398 30432 30449 30449 30455 30465 30467 30472 30482 30504 30521 30525 30526 30539 30554 30555
02 30557 30563 30563 30571 30583 30581 30586 30595 30604 30618 30613 30599 30591 30584 30584 30585 30588 30596 30597 30600 30607 30609 30610 30619
03 30627 30621 30617 30614 30623 30634 30646 30660 30661 30666 30667 30663 30656 30652 30645 30646 30652 30665 30670 30673 30677 30682 30679 30679
04 30676 30669 30660 30659 30662 30664 30671 30672 30669 30680 30678 30668 30655 30639 30622 30614 30621 30637 30638 30647 30649 30644 30643 30651
05 30651 30644 30640 30641 30634 30637 30627 30621 30604 30608 30599 30580 30546 30514 30486 30466 30444 30419 30406 30408 30396 30381 30367 30342
06 30310 30296 30274 30246 30240 30209 30206 30200 30186 30169 30151 30136 30120 30103 30088 30079 30075 30080 30075 30066 30065 30057 30053 30054
07 30057 30057 30042 30040 30036 30026 30020 30009 30000 29965 29954 29944 29918 29883 29860 29840 29826 29816 29789 29765 29745 29727 29709 29706
08 29700 29677 29670 29666 29675 29677 29692 29707 29722 29738 29753 29762 29773 29789 29790 29810 29825 29853 29864 29877 29887 29904 29908 29910
09 29914 29915 29911 29915 29917 29927 29938 29948 29955 29961 29961 29954 29954 29946 29941 29924 29922 29926 29926 29919 29922 29913 29907 29907
10 29897 29889 29870 29859 29852 29857 29855 29860 29861 29850 29850 29837 29826 29821 29809 29798 29798 29805 29804 29810 29808 29805 29806 29799
11 29792 29774 29753 29744 29721 29713 29702 29700 29695 29685 29681 29669 29657 29644 29641 29631 29625 29619 29618 29627 29627 29634 29640 29649
12 29656 29669 29674 29681 29707 29721 29744 29768 29793 29817 29830 29841 29848 29861 29877 29903 29918 29940 29961 29971 29987 29985 29996 29996
13 30001 29998 29994 29991 29992 29994 29998 30012 30013 30012 30005 29991 29976 29963 29959 29943 29942 29931 29924 29912 29902 29877 29858 29829
14 29809 29787 29779 29761 29749 29738 29734 29729 29732 29725 29721 29697 29677 29659 29657 29646 29645 29646 29648 29645 29644 29641 29645 29641
15 29635 29629 29610 29607 29601 29597 29599 29601 29599 29609 29616 29612 29614 29612 29611 29613 29620 29637 29647 29652 29657 29655 29652 29647
16 29641 29633 29625 29613 29611 29605 29602 29584 29583 29573 29552 29534 29526 29517 29504 29490 29493 29489 29488 29484 29494 29486 29490 29486
17 29489 29494 29496 29498 29500 29502 29506 29508 29511 29507 29500 29497 29485 29485 29468 29460 29472 29496 29498 29502 29507 29514 29517 29522
18 29530 29533 29532 29532 29537 29546 29566 29578 29588 29603 29613 29620 29620 29626 29629 29637 29653 29675 29691 29709 29723 29734 29737 29745
19 29747 29745 29740 29734 29743 29735 29739 29745 29745 29739 29729 29714 29706 29696 29690 29686 29677 29679 29674 29674 29670 29659 29650 29647
20 29644 29636 29622 29618 29622 29624 29625 29627 29623 29620 29619 29618 29615 29608 29603 29598 29596 29596 29596 29596 29598 29591 29585 29572
21 29566 29550 29546 29542 29544 29553 29566 29580 29590 29590 29604 29613 29625 29634 29645 29663 29674 29716 29752 29780 29803 29828 29838 29857
22 29876 29900 29920 29939 29954 29984 30011 30036 30056 30088 30096 30110 30101 30104 30108 30110 30121 30140 30148 30165 30174 30181 30186 30177
23 30181 30176 30168 30158 30152 30154 30161 30163 30165 30160 30138 30124 30100 30086 30086 30075 30081 30086 30095 30098 30099 30094 30088 30082
24 30071 30056 30044 30034 30036 30016 30003 29995 29993 29958 29937 29899 29860 29836 29813 29803 29788 29776 29766 29803 29819 29825 29842 29846
25 29846 29840 29836 29837 29834 29829 29822 29816 29794 29770 29748 29706 29656 29621 29572 29536 29498 29452 29419 29354 29343 29298 29273 29243
26 29217 29194 29184 29183 29191 29201 29213 29220 29225 29232 29233 29231 29227 29219 29214 29230 29242 29255 29265 29279 29284 29299 29309 29312
27 29326 29336 29340 29350 29372 29395 29419 29443 29467 29494 29528 29547 29573 29595 29631 29658 29701 29741 29769 29804 29827 29849 29860 29883
28 29893 29900 29914 29927 29938 29964 29994 30021 30037 30058 30074 30086 30091 30105 30112 30119 30132 30146 30166 30174 30173 30180 30182 30186
29 30180 30167 30156 30143 30141 30127 30122 30114 30116 30095 30073 30040 30019 29970 29938 29906 29876 29867 29837 29817 29787 29752 29719 29691
30 29648 29609 29570 29547 29518 29481 29460 29421 29401 29372 29358 29348 29346 29350 29366 29387 29426 29483 29522 29566 29603 29636 29669 29694
31 29712 29739 29757 29768 29790 29808 29835 29868 29884 29903 29914 29912 29922 29933 29946 29973 29995 30017 30047 30076 30096 30111 30128 30150
