01 30095 30080 30072 30062 30049 30043 30031 30028 30022 30016 30002 29994 29984 29978 29970 29970 29971 29972 29975 29979 29991 30003 30008 30013
02 30018 30021 30022 30026 30034 30043 30060 30063 30068 30073 30072 30070 30072 30075 30068 30068 30062 30065 30072 30095 30121 30143 30137 30144
03 30142 30140 30146 30151 30142 30138 30132 30137 30133 30123 30116 30112 30107 30094 30087 30076 30078 30081 30082 30087 30093 30091 30083 30063
04 30063 30050 30032 30030 30018 30013 30003 29993 29977 29965 29949 29938 29914 29913 29888 29879 29861 29861 29871 29876 29887 29888 29879 29875
05 29849 29847 29839 29830 29829 29833 29830 29829 29821 29821 29814 29808 29799 29791 29784 29780 29780 29787 29794 29800 29807 29826 29829 29830
06 29827 29828 29827 29821 29819 29824 29825 29819 29813 29804 29795 29782 29770 29760 29750 29750 29747 29748 29748 29750 29758 29764 29762 29762
07 29756 29758 29752 29745 29741 29740 29741 29744 29744 29737 29743 29744 29740 29741 29737 29736 29738 29726 29729 29733 29742 29745 29747 29753
08 29747 29743 29742 29745 29746 29753 29753 29765 29765 29763 29769 29773 29762 29770 29769 29769 29759 29766 29767 29796 29814 29826 29829 29834
09 29831 29830 29829 29830 29835 29840 29849 29849 29848 29856 29858 29845 29845 29824 29827 29839 29858 29858 29868 29880 29897 29897 29899 29903
10 29901 29899 29892 29897 29910 29916 29921 29918 29920 29925 29922 29915 29913 29916 29910 29910 29908 29910 29934 29962 29978 29992 30003 30007
11 30010 30011 30018 30031 30038 30059 30071 30089 30099 30098 30120 30130 30142 30148 30150 30154 30166 30167 30179 30193 30212 30231 30240 30244
12 30250 30252 30250 30264 30273 30288 30292 30292 30291 30287 30282 30275 30273 30262 30261 30254 30256 30263 30267 30278 30294 30308 30316 30323
13 30327 30330 30335 30340 30343 30351 30361 30368 30370 30366 30359 30361 30349 30340 30330 30324 30318 30311 30306 30302 30308 30315 30302 30287
14 30288 30280 30269 30265 30261 30261 30261 30259 30254 30250 30240 30213 30198 30179 30164 30148 30137 30117 30106 30103 30096 30083 30066 30043
15 30019 29987 29972 29961 29944 29932 29919 29905 29887 29877 29855 29841 29817 29808 29775 29758 29746 29740 29747 29745 29743 29739 29741 29743
16 29742 29731 29732 29749 29755 29765 29772 29779 29786 29797 29820 29832 29823 29824 29825 29845 29841 29839 29850 29854 29872 29883 29883 29886
17 29878 29879 29879 29884 29892 29900 29905 29907 29903 29900 29899 29907 29899 29905 29903 29905 29902 29905 29910 29922 29934 29948 29952 29955
18 29951 29941 29940 29931 29925 29934 29939 29937 29930 29923 29918 29910 29902 29890 29880 29878 29870 29876 29875 29885 29897 29903 29902 29896
19 29895 29887 29870 29870 29876 29881 29882 29888 29884 29886 29881 29874 29866 29850 29844 29840 29834 29830 29831 29833 29838 29839 29836 29832
20 29820 29812 29804 29805 29806 29802 29808 29808 29813 29828 29833 29842 29834 29830 29835 29840 29839 29840 29848 29862 29873 29872 29863 29862
21 29848 29837 29831 29832 29831 29835 29836 29844 29849 29849 29853 29845 29831 29846 29842 29839 29847 29861 29875 29894 29916 29921 29926 29936
22 29943 29947 29951 29957 29957 29984 29989 29998 29999 30004 30002 29998 29998 29986 29981 29977 29975 29976 29973 29966 29969 29965 29966 29968
23 29964 29968 29967 29966 29963 29976 29981 29989 29991 29997 29992 29995 29984 29974 29972 29975 29976 29978 29976 29977 29983 29985 29980 29975
24 29969 29964 29961 29956 29960 29963 29962 29963 29954 29951 29940 29931 29916 29904 29895 29884 29868 29867 29861 29855 29859 29862 29847 29834
25 29827 29816 29811 29804 29809 29808 29808 29804 29805 29796 29778 29771 29754 29745 29731 29727 29724 29725 29724 29726 29731 29730 29729 29729
26 29725 29720 29709 29708 29709 29713 29716 29719 29716 29719 29723 29750 29759 29761 29769 29778 29773 29782 29803 29821 29825 29847 29852 29855
27 29854 29853 29860 29860 29864 29873 29882 29884 29888 29889 29890 29895 29890 29889 29875 29870 29860 29849 29838 29841 29838 29830 29823 29817
28 29815 29812 29813 29818 29821 29832 29842 29860 29869 29889 29896 29912 29922 29932 29940 29950 29949 29951 29964 29978 30000 30001 30001 30005
29 30012 30012 30006 30004 30006 30009 30012 30005 29991 29980 29969 29965 29952 29940 29931 29928 29919 29914 29925 29916 29913 29918 29914 29938
30 29929 29949 29921 29910 29927 29929 29926 29937 29947 29946 29963 29962 29963 29971 29972 29976 29973 29987 30003 30024 30045 30055 30060 30044
