01 29665 29667 29674 29681 29685 29698 29709 29726 29734 29743 29750 29762 29760 29770 29775 29784 29794 29813 29826 29845 29840 29847 29844 29839
02 29832 29828 29818 29811 29802 29807 29808 29810 29807 29805 29790 29782 29770 29749 29720 29702 29684 29669 29651 29640 29638 29616 29597 29566
03 29550 29512 29473 29430 29399 29376 29364 29357 29356 29355 29361 29365 29362 29359 29366 29379 29404 29435 29459 29486 29494 29509 29520 29544
04 29546 29566 29574 29603 29618 29646 29663 29691 29711 29731 29745 29751 29759 29769 29780 29788 29802 29824 29842 29863 29872 29884 29886 29894
05 29892 29893 29890 29890 29880 29878 29889 29900 29919 29926 29931 29931 29939 29935 29935 29932 29936 29948 29945 29956 29961 29974 29975 29991
06 30003 30017 30027 30043 30066 30075 30100 30121 30135 30144 30145 30147 30141 30145 30143 30151 30142 30148 30169 30174 30157 30153 30155 30138
07 30135 30131 30111 30099 30087 30102 30101 30116 30119 30126 30120 30114 30120 30129 30136 30150 30164 30177 30192 30200 30200 30198 30188 30192
08 30199 30199 30207 30218 30226 30232 30246 30267 30271 30270 30270 30261 30256 30248 30243 30230 30223 30219 30210 30204 30186 30169 30154 30128
09 30114 30088 30059 30042 30023 30004 29992 29980 29976 29976 29969 29960 29959 29951 29947 29943 29941 29945 29945 29939 29937 29935 29930 29929
10 29927 29925 29911 29898 29892 29887 29886 29882 29871 29871 29855 29837 29823 29808 29790 29778 29773 29769 29763 29752 29746 29734 29725 29707
11 29696 29689 29681 29680 29679 29682 29686 29700 29705 29716 29724 29723 29729 29732 29732 29746 29763 29776 29790 29800 29811 29816 29827 29842
12 29849 29839 29843 29848 29850 29858 29862 29872 29873 29870 29865 29853 29832 29821 29797 29783 29779 29782 29775 29760 29751 29740 29726 29714
13 29697 29684 29662 29642 29625 29619 29604 29595 29592 29583 29565 29544 29539 29530 29518 29498 29494 29508 29504 29512 29508 29499 29483 29475
14 29469 29454 29447 29425 29423 29413 29407 29394 29374 29364 29348 29336 29316 29303 29291 29291 29296 29307 29317 29331 29340 29339 29335 29338
15 29336 29342 29336 29338 29340 29338 29345 29345 29345 29339 29325 29304 29273 29257 29231 29206 29176 29133 29087 29037 28977 28924 28908 28888
16 28873 28853 28815 28790 28748 28697 28667 28657 28653 28656 28700 28724 28741 28744 28730 28693 28699 28752 28789 28806 28818 28819 28810 28801
17 28791 28780 28775 28781 28793 28795 28833 28864 28890 28923 28956 28969 28980 28973 28956 28955 28948 28958 28977 29001 29024 29058 29067 29094
18 29118 29142 29150 29170 29182 29199 29216 29254 29301 29329 29354 29370 29389 29394 29391 29419 29425 29447 29462 29472 29477 29476 29456 29465
19 29454 29449 29432 29420 29413 29403 29398 29403 29393 29379 29357 29343 29319 29309 29291 29280 29271 29283 29285 29279 29277 29279 29269 29275
20 29266 29253 29240 29239 29232 29222 29224 29238 29248 29256 29258 29262 29257 29257 29263 29265 29272 29287 29296 29311 29324 29344 29355 29366
21 29379 29396 29413 29434 29451 29474 29493 29524 29539 29568 29587 29602 29613 29629 29638 29660 29684 29702 29725 29736 29745 29752 29751 29758
22 29763 29758 29755 29747 29735 29739 29731 29724 29711 29690 29665 29643 29611 29575 29539 29497 29457 29437 29401 29369 29342 29296 29251 29225
23 29195 29199 29197 29190 29199 29205 29215 29216 29221 29227 29233 29247 29249 29243 29243 29243 29233 29229 29219 29223 29211 29217 29227 29254
24 29269 29291 29311 29317 29323 29346 29347 29349 29350 29351 29353 29331 29310 29294 29280 29253 29216 29199 29172 29142 29100 29063 29028 28980
25 28958 28946 28910 28973 29012 29056 29096 29153 29190 29234 29278 29298 29329 29340 29357 29375 29402 29439 29470 29494 29525 29554 29576 29606
26 29619 29623 29630 29646 29644 29662 29678 29703 29712 29724 29720 29698 29687 29672 29656 29632 29619 29598 29572 29546 29514 29492 29478 29466
27 29450 29457 29480 29511 29543 29569 29592 29628 29665 29694 29733 29763 29772 29800 29817 29831 29853 29871 29889 29906 29915 29929 29933 29936
28 29927 29924 29917 29919 29915 29914 29914 29917 29923 29922 29917 29903 29899 29894 29887 29886 29887 29896 29899 29910 29916 29921 29922 29922
29 29923 29923 29931 29937 29951 29963 29984 30013 30035 30046 30059 30059 30074 30087 30095 30099 30116 30132 30153 30155 30167 30179 30185 30197
30 30193 30193 30199 30201 30203 30211 30226 30232 30234 30233 30225 30217 30211 30193 30196 30192 30190 30200 30204 30199 30193 30189 30182 30172
31 30156 30140 30124 30100 30090 30080 30082 30079 30076 30071 30070 30051 30042 30019 29995 29992 29997 30001 30011 30011 30019 30024 30022 30021
