01 30314 30308 30322 30320 30314 30322 30318 30336 30348 30342 30340 30353 30344 30347 30350 30337 30342 30347 30351 30352 30354 30365 30372 30378
02 30382 30382 30377 30379 30382 30382 30385 30392 30408 30418 30416 30410 30407 30398 30386 30379 30374 30370 30375 30379 30394 30392 30388 30394
03 30384 30372 30373 30370 30376 30375 30382 30388 30388 30394 30412 30418 30400 30390 30381 30389 30393 30403 30416 30419 30421 30423 30430 30440
04 30442 30449 30439 30430 30436 30432 30448 30474 30483 30490 30496 30492 30484 30478 30483 30488 30491 30506 30510 30523 30540 30543 30561 30563
05 30564 30561 30561 30532 30560 30557 30563 30557 30588 30575 30569 30562 30551 30531 30512 30497 30473 30472 30467 30457 30464 30445 30440 30427
06 30412 30385 30372 30341 30319 30318 30337 30333 30325 30328 30334 30321 30313 30307 30284 30277 30277 30290 30305 30309 30313 30315 30299 30305
07 30299 30285 30259 30235 30231 30203 30187 30163 30149 30125 30091 30073 30039 30002 29983 29951 29925 29921 29915 29893 29867 29883 29903 29906
08 29903 29907 29905 29894 29889 29894 29896 29919 29939 29943 29951 29945 29949 29957 29973 29995 30007 30023 30037 30052 30054 30057 30065 30057
09 30055 30043 30028 30025 30025 30017 30017 30015 30009 29999 29985 29965 29948 29923 29894 29868 29848 29833 29813 29801 29787 29770 29767 29753
10 29745 29736 29718 29701 29709 29713 29725 29733 29738 29743 29746 29740 29730 29714 29704 29697 29694 29694 29711 29706 29716 29726 29726 29727
11 29726 29718 29712 29699 29698 29697 29698 29702 29705 29699 29706 29689 29686 29669 29662 29649 29652 29640 29652 29652 29687 29701 29706 29717
12 29718 29724 29738 29752 29768 29780 29791 29808 29818 29836 29844 29851 29849 29841 29844 29843 29841 29843 29857 29863 29868 29868 29864 29863
13 29859 29851 29834 29821 29811 29806 29797 29789 29779 29769 29771 29761 29735 29717 29705 29691 29688 29679 29678 29677 29668 29668 29668 29659
14 29645 29631 29623 29616 29606 29593 29589 29583 29581 29577 29575 29559 29561 29549 29542 29541 29549 29555 29564 29562 29565 29573 29572 29577
15 29582 29581 29584 29586 29587 29592 29590 29593 29592 29593 29589 29585 29583 29569 29559 29549 29551 29558 29565 29563 29565 29557 29558 29547
16 29535 29528 29515 29496 29475 29467 29455 29443 29433 29413 29406 29392 29376 29355 29338 29331 29328 29331 29336 29331 29324 29320 29327 29312
17 29300 29306 29290 29295 29306 29322 29336 29338 29354 29356 29374 29370 29372 29366 29354 29354 29366 29371 29372 29372 29376 29370 29364 29357
18 29349 29342 29330 29306 29319 29314 29314 29325 29320 29312 29312 29306 29306 29308 29322 29333 29340 29357 29370 29389 29404 29420 29435 29446
19 29460 29462 29464 29476 29492 29505 29516 29525 29547 29554 29566 29576 29575 29570 29585 29593 29602 29606 29628 29629 29634 29632 29640 29637
20 29632 29626 29623 29611 29608 29604 29604 29600 29596 29584 29573 29550 29557 29537 29526 29507 29493 29491 29488 29484 29479 29476 29469 29459
21 29455 29451 29459 29463 29470 29480 29499 29513 29528 29543 29565 29589 29596 29600 29609 29623 29645 29670 29700 29720 29743 29785 29806 29829
22 29843 29847 29873 29907 29915 29949 29980 30005 30023 30042 30052 30066 30082 30080 30084 30090 30106 30120 30132 30150 30158 30157 30176 30164
23 30177 30164 30158 30157 30152 30146 30159 30156 30157 30159 30150 30138 30120 30086 30068 30040 30039 30043 30048 30036 30033 30026 30032 29998
24 29981 29955 29948 29911 29890 29879 29854 29839 29828 29818 29798 29780 29797 29794 29790 29808 29824 29821 29834 29842 29838 29837 29818 29814
25 29798 29784 29766 29742 29718 29690 29652 29618 29566 29502 29446 29382 29348 29294 29248 29206 29181 29168 29159 29164 29156 29148 29157 29172
26 29166 29168 29152 29142 29144 29140 29146 29134 29137 29138 29130 29113 29111 29100 29099 29096 29104 29100 29110 29116 29128 29162 29198 29218
27 29242 29266 29284 29305 29342 29368 29390 29426 29447 29469 29490 29492 29500 29510 29531 29585 29623 29649 29678 29709 29732 29749 29769 29785
28 29793 29813 29818 29833 29839 29870 29870 29892 29905 29915 29916 29903 29897 29878 29861 29851 29843 29830 29824 29809 29782 29766 29747 29723
29 29690 29643 29611 29575 29546 29518 29491 29460 29416 29380 29343 29295 29241 29171 29104 29054 29003 28975 28953 28928 28901 28866 28835 28805
30 28783 28743 28710 28681 28669 28759 28816 28859 28888 28929 28971 29009 29035 29074 29113 29139 29151 29169 29195 29200 29231 29241 29265 29286
31 29307 29323 29355 29373 29402 29431 29462 29503 29541 29565 29606 29638 29659 29694 29711 29730 29761 29778 29807 29831 29850 29876 29896 29907
