01 29997 30003 30007 30005 30029 30049 30075 30099 30109 30117 30118 30130 30138 30138 30136 30136 30142 30158 30166 30174 30170 30186 30194 30198
02 30204 30208 30206 30198 30206 30214 30232 30240 30246 30248 30241 30233 30219 30205 30197 30207 30209 30229 30245 30253 30257 30257 30257 30275
03 30275 30269 30269 30267 30269 30277 30287 30303 30305 30303 30309 30305 30291 30275 30275 30259 30259 30275 30285 30295 30303 30303 30307 30307
04 30307 30311 30309 30299 30295 30299 30305 30313 30317 30317 30317 30309 30299 30287 30279 30279 30280 30291 30295 30297 30301 30299 30305 30305
05 30301 30301 30301 30291 30271 30277 30277 30277 30279 30285 30266 30238 30216 30200 30168 30140 30130 30120 30098 30094 30084 30060 30046 30036
06 30018 29996 29966 29944 29928 29916 29914 29926 29922 29928 29932 29938 29916 29902 29888 29886 29887 29892 29894 29900 29902 29892 29890 29884
07 29878 29876 29862 29852 29842 29822 29796 29774 29762 29734 29720 29700 29662 29644 29612 29582 29570 29556 29546 29538 29513 29488 29494 29490
08 29484 29476 29463 29464 29474 29478 29490 29510 29518 29532 29548 29578 29590 29612 29608 29640 29660 29690 29704 29718 29730 29732 29734 29728
09 29728 29726 29720 29722 29728 29728 29732 29734 29732 29734 29731 29723 29707 29685 29671 29657 29647 29639 29625 29613 29603 29607 29601 29595
10 29587 29575 29553 29553 29551 29553 29555 29551 29551 29553 29551 29543 29533 29517 29505 29493 29489 29489 29491 29489 29491 29487 29473 29463
11 29451 29439 29427 29415 29405 29397 29395 29399 29395 29397 29382 29366 29344 29330 29318 29302 29296 29310 29322 29336 29346 29354 29360 29370
12 29382 29394 29402 29422 29434 29458 29470 29496 29514 29536 29546 29554 29566 29574 29572 29582 29588 29594 29600 29604 29604 29606 29602 29602
13 29602 29600 29594 29600 29596 29592 29596 29598 29598 29588 29586 29576 29560 29548 29530 29508 29502 29500 29482 29460 29452 29438 29426 29420
14 29404 29396 29380 29370 29360 29356 29356 29350 29351 29352 29350 29338 29330 29324 29322 29328 29338 29346 29350 29350 29352 29360 29352 29354
15 29354 29352 29344 29344 29336 29342 29340 29344 29338 29336 29328 29318 29312 29314 29296 29286 29280 29292 29288 29288 29282 29278 29260 29250
16 29234 29222 29202 29184 29170 29154 29144 29122 29110 29086 29065 29041 29025 29007 28991 28981 28973 28997 29007 29011 29033 29041 29051 29054
17 29055 29061 29055 29063 29059 29049 29053 29047 29045 29027 29016 29018 29016 29006 28994 28989 28979 28990 28992 28990 28982 28982 28976 28976
18 28978 28982 28976 28992 29002 29022 29042 29064 29076 29100 29110 29124 29140 29152 29198 29194 29206 29242 29264 29288 29302 29322 29340 29352
19 29366 29376 29378 29388 29410 29424 29438 29452 29462 29472 29476 29472 29466 29454 29450 29440 29436 29448 29450 29444 29444 29438 29434 29432
20 29422 29404 29394 29389 29394 29400 29406 29392 29390 29388 29390 29376 29370 29355 29352 29350 29326 29321 29326 29306 29316 29326 29320 29328
21 29324 29320 29306 29312 29318 29346 29350 29362 29380 29386 29410 29414 29420 29416 29432 29450 29468 29502 29520 29564 29590 29618 29636 29652
22 29672 29702 29722 29732 29748 29764 29788 29818 29850 29866 29880 29894 29898 29900 29902 29908 29914 29914 29922 29940 29946 29954 29954 29954
23 29950 29950 29942 29944 29944 29924 29928 29934 29946 29928 29928 29912 29882 29856 29830 29814 29806 29810 29816 29810 29794 29778 29756 29764
24 29716 29700 29660 29652 29612 29596 29572 29578 29558 29550 29520 29496 29466 29444 29414 29452 29464 29482 29502 29520 29524 29532 29518 29522
25 29512 29506 29494 29488 29464 29454 29420 29390 29364 29324 29271 29223 29161 29085 29013 28951 28889 28863 28841 28839 28853 28863 28873 28881
26 28871 28871 28863 28859 28859 28853 28849 28849 28845 28839 28838 28834 28838 28840 28840 28852 28808 28884 28896 28906 28918 28938 28946 28956
27 28972 29000 29014 29038 29064 29096 29126 29154 29182 29210 29247 29259 29261 29291 29311 29331 29349 29375 29387 29403 29421 29429 29447 29465
28 29493 29519 29531 29547 29577 29609 29627 29655 29665 29689 29700 29710 29714 29720 29724 29730 29738 29752 29756 29756 29752 29754 29740 29742
29 29714 29698 29660 29648 29626 29610 29594 29566 29550 29506 29482 29454 29420 29388 29344 29304 29260 29230 29186 29150 29122 29092 29054 29022
30 28990 28956 28906 28852 28814 28796 28776 28760 28748 28740 28744 28748 28802 28856 28886 28928 28974 29014 29054 29104 29132 29164 29188 29201
31 29208 29224 29226 29248 29264 29298 29328 29366 29394 29434 29468 29488 29512 29542 29568 29596 29622 29638 29666 29698 29718 29746 29764 29784
