1867 09 01 08 00  57.20   -2.20 1017.3         ABERDEEN
1867 09 02 08 00  57.20   -2.20 1021.7         ABERDEEN
1867 09 03 08 00  57.20   -2.20 1020.0         ABERDEEN
1867 09 04 08 00  57.20   -2.20 1004.1         ABERDEEN
1867 09 05 08 00  57.20   -2.20 1001.7         ABERDEEN
1867 09 06 08 00  57.20   -2.20 1001.7         ABERDEEN
1867 09 07 08 00  57.20   -2.20 1000.0         ABERDEEN
1867 09 08 08 00  57.20   -2.20 1012.2         ABERDEEN
1867 09 09 08 00  57.20   -2.20 1009.1         ABERDEEN
1867 09 10 08 00  57.20   -2.20 1003.0         ABERDEEN
1867 09 11 08 00  57.20   -2.20 1007.5         ABERDEEN
1867 09 12 08 00  57.20   -2.20 1006.8         ABERDEEN
1867 09 13 08 00  57.20   -2.20 1003.4         ABERDEEN
1867 09 14 08 00  57.20   -2.20 1004.4         ABERDEEN
1867 09 15 08 00  57.20   -2.20 1010.8         ABERDEEN
1867 09 16 08 00  57.20   -2.20 1020.0         ABERDEEN
1867 09 17 08 00  57.20   -2.20 1030.8         ABERDEEN
1867 09 18 08 00  57.20   -2.20 1033.9         ABERDEEN
1867 09 19 08 00  57.20   -2.20 1023.4         ABERDEEN
1867 09 20 08 00  57.20   -2.20 1024.4         ABERDEEN
1867 09 21 08 00  57.20   -2.20 1010.8         ABERDEEN
1867 09 22 08 00  57.20   -2.20 1002.7         ABERDEEN
1867 09 23 08 00  57.20   -2.20 1002.4         ABERDEEN
1867 09 24 08 00  57.20   -2.20 1012.9         ABERDEEN
1867 09 25 08 00  57.20   -2.20 1027.8         ABERDEEN
1867 09 26 08 00  57.20   -2.20 1023.4         ABERDEEN
1867 09 27 08 00  57.20   -2.20 1018.3         ABERDEEN
1867 09 28 08 00  57.20   -2.20 1005.8         ABERDEEN
1867 09 29 08 00  57.20   -2.20 1004.7         ABERDEEN
1867 09 30 08 00  57.20   -2.20 1001.4         ABERDEEN
1867 09 01 08 00  45.94   -0.96 1011.9        ROCHEFORT
1867 09 02 08 00  45.94   -0.96 1014.6        ROCHEFORT
1867 09 03 08 00  45.94   -0.96 1015.9        ROCHEFORT
1867 09 04 08 00  45.94   -0.96 1015.9        ROCHEFORT
1867 09 05 08 00  45.94   -0.96 1018.6        ROCHEFORT
1867 09 06 08 00  45.94   -0.96 1017.3        ROCHEFORT
1867 09 07 08 00  45.94   -0.96 1022.7        ROCHEFORT
1867 09 08 08 00  45.94   -0.96 1017.3        ROCHEFORT
1867 09 09 08 00  45.94   -0.96 1015.9        ROCHEFORT
1867 09 10 08 00  45.94   -0.96 1015.9        ROCHEFORT
1867 09 11 08 00  45.94   -0.96 1017.3        ROCHEFORT
1867 09 12 08 00  45.94   -0.96 1013.2        ROCHEFORT
1867 09 13 08 00  45.94   -0.96 1014.6        ROCHEFORT
1867 09 14 08 00  45.94   -0.96 1022.7        ROCHEFORT
1867 09 15 08 00  45.94   -0.96 1021.3        ROCHEFORT
1867 09 16 08 00  45.94   -0.96 1021.3        ROCHEFORT
1867 09 17 08 00  45.94   -0.96 1021.3        ROCHEFORT
1867 09 18 08 00  45.94   -0.96 1017.3        ROCHEFORT
1867 09 19 08 00  45.94   -0.96 1014.6        ROCHEFORT
1867 09 20 08 00  45.94   -0.96 1018.6        ROCHEFORT
1867 09 21 08 00  45.94   -0.96 1021.3        ROCHEFORT
1867 09 22 08 00  45.94   -0.96 1021.3        ROCHEFORT
1867 09 23 08 00  45.94   -0.96 1025.4        ROCHEFORT
1867 09 24 08 00  45.94   -0.96 1021.3        ROCHEFORT
1867 09 25 08 00  45.94   -0.96 1029.1        ROCHEFORT
1867 09 26 08 00  45.94   -0.96 1029.1        ROCHEFORT
1867 09 27 08 00  45.94   -0.96 1026.8        ROCHEFORT
1867 09 28 08 00  45.94   -0.96 1026.8        ROCHEFORT
1867 09 29 08 00  45.94   -0.96 1030.5        ROCHEFORT
1867 09 30 08 00  45.94   -0.96 1029.1        ROCHEFORT
1867 09 01 08 00  50.38   -4.14 1011.5         PLYMOUTH
1867 09 02 08 00  50.38   -4.14 1017.6         PLYMOUTH
1867 09 03 08 00  50.38   -4.14 1013.9         PLYMOUTH
1867 09 04 08 00  50.38   -4.14 1011.9         PLYMOUTH
1867 09 05 08 00  50.38   -4.14 1011.2         PLYMOUTH
1867 09 06 08 00  50.38   -4.14 1008.5         PLYMOUTH
1867 09 07 08 00  50.38   -4.14 1014.9         PLYMOUTH
1867 09 08 08 00  50.38   -4.14 1016.3         PLYMOUTH
1867 09 09 08 00  50.38   -4.14 1012.9         PLYMOUTH
1867 09 10 08 00  50.38   -4.14 1012.2         PLYMOUTH
1867 09 11 08 00  50.38   -4.14 1014.2         PLYMOUTH
1867 09 12 08 00  50.38   -4.14 1007.8         PLYMOUTH
1867 09 13 08 00  50.38   -4.14 1014.9         PLYMOUTH
1867 09 14 08 00  50.38   -4.14 1018.6         PLYMOUTH
1867 09 15 08 00  50.38   -4.14 1018.6         PLYMOUTH
1867 09 16 08 00  50.38   -4.14 1026.1         PLYMOUTH
1867 09 17 08 00  50.38   -4.14 1030.1         PLYMOUTH
1867 09 18 08 00  50.38   -4.14 1029.1         PLYMOUTH
1867 09 19 08 00  50.38   -4.14 1022.7         PLYMOUTH
1867 09 20 08 00  50.38   -4.14 1023.7         PLYMOUTH
1867 09 21 08 00  50.38   -4.14 1024.0         PLYMOUTH
1867 09 22 08 00  50.38   -4.14 1015.6         PLYMOUTH
1867 09 23 08 00  50.38   -4.14 1021.3         PLYMOUTH
1867 09 24 08 00  50.38   -4.14 1024.0         PLYMOUTH
1867 09 25 08 00  50.38   -4.14 1035.6         PLYMOUTH
1867 09 26 08 00  50.38   -4.14 1033.5         PLYMOUTH
1867 09 27 08 00  50.38   -4.14 1030.8         PLYMOUTH
1867 09 28 08 00  50.38   -4.14 1027.8         PLYMOUTH
1867 09 29 08 00  50.38   -4.14 1029.1         PLYMOUTH
1867 09 30 08 00  50.38   -4.14 1024.7         PLYMOUTH
1867 09 01 08 00  48.39   -4.49 1011.9            BREST
1867 09 02 08 00  48.39   -4.49 1017.3            BREST
1867 09 03 08 00  48.39   -4.49 1014.6            BREST
1867 09 04 08 00  48.39   -4.49 1014.6            BREST
1867 09 05 08 00  48.39   -4.49 1013.2            BREST
1867 09 06 08 00  48.39   -4.49 1011.9            BREST
1867 09 07 08 00  48.39   -4.49 1018.6            BREST
1867 09 08 08 00  48.39   -4.49 1014.6            BREST
1867 09 09 08 00  48.39   -4.49 1013.2            BREST
1867 09 10 08 00  48.39   -4.49 1014.6            BREST
1867 09 11 08 00  48.39   -4.49 1014.6            BREST
1867 09 12 08 00  48.39   -4.49 1009.1            BREST
1867 09 13 08 00  48.39   -4.49 1015.9            BREST
1867 09 14 08 00  48.39   -4.49 1021.3            BREST
1867 09 15 08 00  48.39   -4.49 1021.3            BREST
1867 09 16 08 00  48.39   -4.49 1025.4            BREST
1867 09 17 08 00  48.39   -4.49 1028.1            BREST
1867 09 18 08 00  48.39   -4.49 1025.4            BREST
1867 09 19 08 00  48.39   -4.49 1020.0            BREST
1867 09 20 08 00  48.39   -4.49 1022.7            BREST
1867 09 21 08 00  48.39   -4.49 1024.0            BREST
1867 09 22 08 00  48.39   -4.49 1020.0            BREST
1867 09 23 08 00  48.39   -4.49 1025.4            BREST
1867 09 24 08 00  48.39   -4.49 1025.4            BREST
1867 09 25 08 00  48.39   -4.49 1034.5            BREST
1867 09 26 08 00  48.39   -4.49 1033.2            BREST
1867 09 27 08 00  48.39   -4.49 1029.1            BREST
1867 09 28 08 00  48.39   -4.49 1029.1            BREST
1867 09 29 08 00  48.39   -4.49 1031.8            BREST
1867 09 30 08 00  48.39   -4.49 1028.1            BREST
1867 09 01 08 00  55.20   -6.99 1014.6      GREENCASTLE
1867 09 02 08 00  55.20   -6.99 1019.3      GREENCASTLE
1867 09 03 08 00  55.20   -6.99 1015.6      GREENCASTLE
1867 09 04 08 00  55.20   -6.99 1001.0      GREENCASTLE
1867 09 05 08 00  55.20   -6.99  998.6      GREENCASTLE
1867 09 06 08 00  55.20   -6.99  996.6      GREENCASTLE
1867 09 07 08 00  55.20   -6.99 1002.4      GREENCASTLE
1867 09 08 08 00  55.20   -6.99 1007.5      GREENCASTLE
1867 09 09 08 00  55.20   -6.99 1006.8      GREENCASTLE
1867 09 10 08 00  55.20   -6.99 1003.4      GREENCASTLE
1867 09 11 08 00  55.20   -6.99 1007.8      GREENCASTLE
1867 09 12 08 00  55.20   -6.99  995.9      GREENCASTLE
1867 09 13 08 00  55.20   -6.99 1008.5      GREENCASTLE
1867 09 14 08 00  55.20   -6.99 1004.7      GREENCASTLE
1867 09 15 08 00  55.20   -6.99 1019.6      GREENCASTLE
1867 09 16 08 00  55.20   -6.99 1027.1      GREENCASTLE
1867 09 17 08 00  55.20   -6.99 1032.8      GREENCASTLE
1867 09 18 08 00  55.20   -6.99 1033.9      GREENCASTLE
1867 09 19 08 00  55.20   -6.99 1026.1      GREENCASTLE
1867 09 20 08 00  55.20   -6.99 1027.1      GREENCASTLE
1867 09 21 08 00  55.20   -6.99 1014.2      GREENCASTLE
1867 09 22 08 00  55.20   -6.99 1010.5      GREENCASTLE
1867 09 23 08 00  55.20   -6.99 1007.8      GREENCASTLE
1867 09 24 08 00  55.20   -6.99 1026.4      GREENCASTLE
1867 09 25 08 00  55.20   -6.99 1034.2      GREENCASTLE
1867 09 26 08 00  55.20   -6.99 1026.8      GREENCASTLE
1867 09 27 08 00  55.20   -6.99 1023.0      GREENCASTLE
1867 09 28 08 00  55.20   -6.99 1017.3      GREENCASTLE
1867 09 29 08 00  55.20   -6.99 1017.3      GREENCASTLE
1867 09 30 08 00  55.20   -6.99 1011.2      GREENCASTLE
