1861 12 02 08 00  57.20   -2.20 1025.4         ABERDEEN
1861 12 03 08 00  57.20   -2.20 1015.6         ABERDEEN
1861 12 04 08 00  57.20   -2.20 1015.9         ABERDEEN
1861 12 05 08 00  57.20   -2.20 1000.7         ABERDEEN
1861 12 06 08 00  57.20   -2.20 1001.0         ABERDEEN
1861 12 07 08 00  57.20   -2.20  981.7         ABERDEEN
1861 12 09 08 00  57.20   -2.20  997.0         ABERDEEN
1861 12 10 08 00  57.20   -2.20 1004.1         ABERDEEN
1861 12 11 08 00  57.20   -2.20 1004.1         ABERDEEN
1861 12 12 08 00  57.20   -2.20  994.2         ABERDEEN
1861 12 13 08 00  57.20   -2.20  988.5         ABERDEEN
1861 12 14 08 00  57.20   -2.20  998.0         ABERDEEN
1861 12 16 08 00  57.20   -2.20 1019.6         ABERDEEN
1861 12 17 08 00  57.20   -2.20 1015.2         ABERDEEN
1861 12 18 08 00  57.20   -2.20 1017.9         ABERDEEN
1861 12 19 08 00  57.20   -2.20 1032.8         ABERDEEN
1861 12 20 08 00  57.20   -2.20 1031.5         ABERDEEN
1861 12 21 08 00  57.20   -2.20 1028.1         ABERDEEN
1861 12 23 08 00  57.20   -2.20 1032.2         ABERDEEN
1861 12 24 08 00  57.20   -2.20 1030.5         ABERDEEN
1861 12 26 08 00  57.20   -2.20 1026.8         ABERDEEN
1861 12 27 08 00  57.20   -2.20 1035.9         ABERDEEN
1861 12 28 08 00  57.20   -2.20 1034.2         ABERDEEN
1861 12 30 08 00  57.20   -2.20 1034.9         ABERDEEN
1861 12 31 08 00  57.20   -2.20 1029.8         ABERDEEN
1861 12 02 08 00  53.27   -9.06 1021.0           GALWAY
1861 12 03 08 00  53.27   -9.06 1016.3           GALWAY
1861 12 04 08 00  53.27   -9.06 1012.2           GALWAY
1861 12 05 08 00  53.27   -9.06 1007.8           GALWAY
1861 12 06 08 00  53.27   -9.06  996.6           GALWAY
1861 12 07 08 00  53.27   -9.06  995.3           GALWAY
1861 12 09 08 00  53.27   -9.06  999.3           GALWAY
1861 12 10 08 00  53.27   -9.06  997.6           GALWAY
1861 12 11 08 00  53.27   -9.06 1006.4           GALWAY
1861 12 12 08 00  53.27   -9.06  989.8           GALWAY
1861 12 13 08 00  53.27   -9.06  986.5           GALWAY
1861 12 14 08 00  53.27   -9.06 1013.5           GALWAY
1861 12 16 08 00  53.27   -9.06 1029.1           GALWAY
1861 12 17 08 00  53.27   -9.06 1026.4           GALWAY
1861 12 18 08 00  53.27   -9.06 1025.1           GALWAY
1861 12 19 08 00  53.27   -9.06 1034.2           GALWAY
1861 12 20 08 00  53.27   -9.06 1035.2           GALWAY
1861 12 21 08 00  53.27   -9.06 1034.2           GALWAY
1861 12 23 08 00  53.27   -9.06 1030.1           GALWAY
1861 12 24 08 00  53.27   -9.06 1023.7           GALWAY
1861 12 26 08 00  53.27   -9.06 1026.8           GALWAY
1861 12 27 08 00  53.27   -9.06 1030.5           GALWAY
1861 12 28 08 00  53.27   -9.06 1030.8           GALWAY
1861 12 30 08 00  53.27   -9.06 1032.5           GALWAY
1861 12 31 08 00  53.27   -9.06 1032.2           GALWAY
1861 12 20 08 00  45.94   -0.96 1026.8        ROCHEFORT
1861 12 21 08 00  45.94   -0.96 1035.9        ROCHEFORT
1861 12 23 08 00  45.94   -0.96 1026.8        ROCHEFORT
1861 12 24 08 00  45.94   -0.96 1018.6        ROCHEFORT
1861 12 26 08 00  45.94   -0.96 1017.9        ROCHEFORT
1861 12 27 08 00  45.94   -0.96 1023.7        ROCHEFORT
1861 12 28 08 00  45.94   -0.96 1024.7        ROCHEFORT
1861 12 30 08 00  45.94   -0.96 1036.9        ROCHEFORT
1861 12 31 08 00  45.94   -0.96 1036.9        ROCHEFORT
1861 12 02 08 00  50.38   -4.14 1027.4         PLYMOUTH
1861 12 03 08 00  50.38   -4.14 1022.4         PLYMOUTH
1861 12 04 08 00  50.38   -4.14 1020.0         PLYMOUTH
1861 12 05 08 00  50.38   -4.14 1010.5         PLYMOUTH
1861 12 06 08 00  50.38   -4.14 1005.8         PLYMOUTH
1861 12 07 08 00  50.38   -4.14  995.9         PLYMOUTH
1861 12 09 08 00  50.38   -4.14 1007.5         PLYMOUTH
1861 12 10 08 00  50.38   -4.14 1004.1         PLYMOUTH
1861 12 11 08 00  50.38   -4.14 1017.3         PLYMOUTH
1861 12 12 08 00  50.38   -4.14 1009.8         PLYMOUTH
1861 12 13 08 00  50.38   -4.14  991.2         PLYMOUTH
1861 12 14 08 00  50.38   -4.14 1014.2         PLYMOUTH
1861 12 16 08 00  50.38   -4.14 1026.4         PLYMOUTH
1861 12 17 08 00  50.38   -4.14 1026.4         PLYMOUTH
1861 12 18 08 00  50.38   -4.14 1021.7         PLYMOUTH
1861 12 19 08 00  50.38   -4.14 1023.7         PLYMOUTH
1861 12 20 08 00  50.38   -4.14 1028.8         PLYMOUTH
1861 12 21 08 00  50.38   -4.14 1027.4         PLYMOUTH
1861 12 23 08 00  50.38   -4.14 1026.4         PLYMOUTH
1861 12 24 08 00  50.38   -4.14 1020.7         PLYMOUTH
1861 12 27 08 00  50.38   -4.14 1022.4         PLYMOUTH
1861 12 28 08 00  50.38   -4.14 1027.8         PLYMOUTH
1861 12 29 08 00  50.38   -4.14 1029.1         PLYMOUTH
1861 12 31 08 00  50.38   -4.14 1027.1         PLYMOUTH
1861 12 02 08 00  48.39   -4.49 1028.1            BREST
1861 12 03 08 00  48.39   -4.49 1022.4            BREST
1861 12 04 08 00  48.39   -4.49 1021.0            BREST
1861 12 05 08 00  48.39   -4.49 1013.9            BREST
1861 12 07 08 00  48.39   -4.49 1003.0            BREST
1861 12 09 08 00  48.39   -4.49 1011.5            BREST
1861 12 10 08 00  48.39   -4.49 1007.1            BREST
1861 12 12 08 00  48.39   -4.49 1017.6            BREST
1861 12 13 08 00  48.39   -4.49  994.9            BREST
1861 12 14 08 00  48.39   -4.49 1017.9            BREST
1861 12 16 08 00  48.39   -4.49 1028.4            BREST
1861 12 17 08 00  48.39   -4.49 1028.1            BREST
1861 12 18 08 00  48.39   -4.49 1022.0            BREST
1861 12 19 08 00  48.39   -4.49 1020.3            BREST
1861 12 20 08 00  48.39   -4.49 1024.7            BREST
1861 12 23 08 00  48.39   -4.49 1019.6            BREST
1861 12 24 08 00  48.39   -4.49 1018.3            BREST
1861 12 26 08 00  48.39   -4.49 1021.3            BREST
1861 12 27 08 00  48.39   -4.49 1026.8            BREST
1861 12 28 08 00  48.39   -4.49 1026.8            BREST
1861 12 31 08 00  48.39   -4.49 1024.4            BREST
