01 29823 29802 29795 29775 29761 29737 29739 29741 29778 29815 29840 29864 29876 29887 29900 29916 29929 29947 29961 29975 29987 29987 30012 30021
02 30035 30039 30048 30057 30069 30079 30082 30101 30118 30128 30138 30151 30151 30152 30153 30162 30169 30184 30187 30186 30196 30200 30202 30198
03 30188 30186 30181 30170 30178 30186 30191 30198 30209 30224 30224 30231 30228 30216 30212 30214 30215 30224 30227 30235 30233 30245 30244 30247
04 30248 30249 30246 30247 30249 30251 30259 30279 30293 30299 30301 30305 30296 30278 30272 30272 30277 30280 30277 30276 30279 30265 30253 30237
05 30226 30206 30200 30183 30172 30169 30168 30168 30169 30162 30162 30162 30156 30140 30127 30117 30116 30108 30106 30110 30113 30104 30104 30101
06 30101 30096 30089 30078 30082 30084 30093 30102 30104 30116 30127 30131 30126 30114 30108 30100 30100 30109 30117 30124 30138 30144 30142 30136
07 30134 30125 30115 30104 30102 30095 30087 30086 30093 30096 30092 30081 30072 30048 30038 30026 30020 30014 30021 30020 30016 30013 30008 29997
08 29995 29989 29980 29973 29963 29952 29948 29960 29964 29967 29961 29955 29937 29924 29909 29901 29897 29893 29893 29882 29873 29862 29859 29845
09 29830 29822 29806 29795 29795 29790 29789 29793 29798 29804 29810 29815 29801 29798 29789 29796 29796 29808 29809 29814 29820 29826 29824 29823
10 29817 29828 29809 29802 29794 29789 29786 29792 29795 29799 29802 29803 29788 29771 29761 29761 29764 29767 29771 29768 29766 29767 29761 29763
11 29752 29732 29725 29711 29709 29706 29697 29695 29698 29700 29699 29697 29690 29682 29675 29677 29676 29691 29699 29692 29701 29707 29704 29713
12 29711 29704 29706 29703 29703 29709 29705 29716 29717 29723 29728 29729 29725 29709 29698 29689 29684 29685 29676 29662 29650 29619 29596 29561
13 29529 29487 29456 29412 29364 29320 29262 29223 29180 29181 29171 29177 29185 29199 29219 29243 29263 29306 29333 29353 29365 29383 29396 29409
14 29418 29427 29433 29434 29431 29430 29411 29407 29383 29337 29302 29286 29280 29269 29261 29257 29244 29220 29201 29173 29144 29129 29113 29117
15 29126 29133 29142 29146 29149 29154 29158 29167 29171 29185 29202 29222 29225 29234 29243 29286 29291 29313 29336 29341 29346 29377 29392 29414
16 29422 29430 29442 29454 29465 29479 29499 29526 29560 29595 29609 29630 29629 29631 29627 29617 29626 29617 29613 29592 29562 29538 29516 29477
17 29460 29432 29429 29431 29433 29440 29445 29462 29461 29469 29472 29491 29490 29489 29478 29469 29472 29451 29449 29423 29388 29347 29316 29276
18 29241 29191 29139 29079 29025 28981 29071 29111 29121 29108 29094 29073 29054 29025 29014 29018 29028 29046 29074 29101 29125 29174 29202 29226
19 29262 29282 29306 29321 29332 29361 29365 29371 29380 29392 29393 29389 29389 29392 29395 29403 29423 29449 29464 29466 29464 29463 29469 29468
20 29445 29443 29424 29393 29397 29400 29406 29413 29434 29465 29491 29514 29529 29533 29555 29558 29554 29547 29546 29523 29492 29465 29444 29409
21 29378 29391 29413 29429 29429 29432 29434 29432 29433 29443 29439 29431 29410 29401 29388 29385 29437 29494 29524 29554 29573 29595 29613 29628
22 29627 29621 29606 29610 29614 29608 29608 29605 29601 29600 29595 29597 29590 29583 29569 29566 29564 29573 29587 29599 29614 29653 29685 29719
23 29749 29771 29795 29818 29842 29883 29905 29945 29973 30003 30025 30048 30049 30046 30053 30061 30068 30086 30098 30113 30119 30131 30139 30152
24 30153 30140 30131 30130 30131 30128 30120 30118 30113 30102 30086 30069 30041 30003 29981 29939 29905 29881 29851 29798 29776 29741 29702 29665
25 29631 29581 29538 29536 29523 29511 29507 29509 29509 29500 29515 29510 29499 29484 29475 29473 29475 29481 29486 29483 29487 29478 29475 29476
26 29468 29444 29417 29382 29346 29309 29306 29306 29285 29261 29247 29230 29234 29281 29316 29359 29385 29414 29436 29442 29439 29432 29407 29375
27 29354 29331 29330 29339 29368 29372 29365 29374 29382 29386 29397 29413 29431 29455 29481 29498 29519 29554 29583 29596 29607 29612 29608 29623
28 29619 29624 29625 29629 29646 29647 29658 29672 29680 29695 29692 29698 29695 29680 29664 29640 29630 29616 29615 29602 29590 29582 29571 29557
29 29564 29559 29560 29561 29575 29598 29622 29645 29666 29676 29688 29691 29685 29666 29653 29638 29600 29569 29514 29448 29397 29383 29387 29388
