01 29827 29821 29811 29809 29813 29815 29813 29811 29811 29807 29813 29809 29811 29815 29819 29821 29821 29815 29819 29823 29833 29837 29837 29831
02 29833 29829 29830 29831 29838 29848 29853 29865 29875 29885 29887 29887 29893 29895 29898 29898 29905 29909 29920 29919 29929 29935 29929 29935
03 29933 29929 29929 29919 29923 29929 29931 29937 29933 29930 29930 29926 29930 29926 29918 29914 29908 29906 29908 29908 29912 29912 29916 29912
04 29900 29894 29889 29882 29888 29884 29888 29895 29894 29882 29883 29875 29869 29861 29861 29857 29841 29831 29823 29807 29811 29807 29793 29775
05 29763 29755 29744 29737 29733 29725 29721 29733 29741 29737 29744 29745 29752 29750 29751 29752 29760 29763 29779 29780 29792 29796 29796 29801
06 29802 29804 29798 29798 29794 29790 29790 29780 29781 29776 29757 29747 29734 29730 29707 29685 29664 29647 29622 29600 29600 29602 29602 29607
07 29594 29596 29593 29592 29592 29592 29592 29592 29586 29588 29607 29599 29587 29588 29577 29567 29557 29557 29555 29543 29537 29533 29525 29535
08 29535 29535 29530 29527 29529 29529 29535 29547 29555 29575 29596 29630 29654 29668 29693 29716 29738 29754 29774 29786 29808 29828 29840 29851
09 29852 29854 29864 29864 29866 29868 29878 29880 29873 29874 29863 29866 29863 29853 29856 29848 29856 29860 29861 29876 29886 29886 29888 29886
10 29882 29886 29886 29888 29888 29894 29904 29920 29928 29938 29950 29954 29957 29955 29959 29961 29965 29979 29987 30001 30017 30029 30039 30040
11 30041 30043 30047 30055 30069 30087 30099 30119 30125 30129 30147 30147 30152 30159 30171 30177 30181 30189 30199 30205 30212 30227 30227 30227
12 30223 30217 30212 30217 30217 30223 30227 30237 30241 30241 30236 30241 30241 30244 30240 30233 30226 30222 30224 30234 30238 30238 30248 30234
13 30224 30212 30204 30204 30204 30209 30216 30224 30228 30226 30217 30216 30209 30203 30196 30193 30189 30179 30181 30182 30185 30185 30181 30171
14 30165 30161 30155 30157 30157 30163 30176 30181 30184 30193 30198 30202 30199 30196 30191 30181 30174 30174 30170 30170 30174 30172 30174 30174
15 30170 30160 30166 30166 30162 30168 30172 30182 30184 30187 30187 30186 30187 30181 30174 30160 30145 30142 30142 30140 30140 30134 30132 30132
16 30128 30124 30122 30118 30114 30112 30116 30120 30125 30121 30124 30122 30124 30118 30110 30100 30092 30086 30086 30084 30092 30084 30072 30064
17 30060 30050 30037 30034 30030 30031 30044 30050 30048 30058 30055 30053 30050 30045 30041 30037 30036 30039 30035 30035 30035 30033 30041 30041
18 30031 30025 30023 30023 30023 30025 30033 30044 30045 30043 30045 30042 30036 30029 30026 30016 30019 30019 30027 30009 30011 30003 29999 29997
19 30005 29999 29987 29986 29979 29979 30005 29999 29995 29997 30011 30013 30003 30005 30001 30003 30003 30003 30005 30006 30015 30025 30026 30029
20 30023 30021 30019 30015 30021 30023 30021 30025 30029 30035 30036 30035 30034 30023 30019 30003 29998 29983 29991 29987 29998 30001 29995 29993
21 29971 29955 29950 29951 29951 29943 29954 29955 29961 29960 29934 29936 29930 29930 29914 29904 29898 29887 29888 29882 29874 29894 29891 29880
22 29870 29850 29839 29836 29830 29830 29836 29831 29826 29820 29814 29801 29797 29788 29780 29780 29762 29754 29744 29750 29756 29760 29761 29764
23 29752 29744 29731 29732 29734 29740 29754 29772 29780 29790 29790 29786 29784 29788 29794 29798 29796 29789 29802 29806 29812 29834 29832 29836
24 29842 29852 29862 29866 29880 29898 29906 29929 29938 29948 29961 29957 29957 29973 29971 29977 29973 29977 29993 30017 30028 30023 30025 30031
25 30031 30031 30031 30033 30037 30039 30043 30051 30057 30057 30047 30042 30037 30030 30030 30034 30035 30019 30015 30013 30022 30023 30011 30001
26 29977 29961 29949 29942 29939 29941 29947 29953 29945 29937 29935 29921 29911 29896 29881 29863 29845 29841 29831 29827 29829 29819 29821 29801
27 29785 29783 29791 29807 29821 29836 29866 29888 29901 29901 29896 29892 29888 29880 29869 29856 29846 29848 29822 29824 29826 29796 29782 29754
28 29734 29698 29662 29636 29606 29586 29570 29560 29546 29524 29511 29509 29506 29521 29523 29541 29551 29568 29581 29601 29621 29641 29657 29665
29 29683 29693 29705 29719 29736 29759 29781 29796 29808 29824 29831 29841 29851 29863 29863 29863 29863 29865 29865 29871 29883 29881 29867 29856
30 29849 29841 29823 29813 29811 29811 29813 29805 29805 29801 29796 29785 29768 29758 29748 29753 29737 29706 29699 29696 29677 29651 29631 29609
31 29579 29546 29521 29513 29495 29496 29491 29493 29507 29513 29523 29531 29541 29545 29565 29589 29605 29649 29675 29719 29742 29758 29780 29795
