01 29026 29062 29096 29138 29142 29158 29187 29207 29231 29250 29255 29266 29271 29287 29285 29287 29291 29297 29299 29308 29317 29325 29331 29331
02 29330 29339 29342 29343 29355 29377 29388 29407 29419 29429 29450 29463 29467 29467 29469 29473 29479 29481 29495 29503 29503 29502 29507 29507
03 29501 29495 29493 29499 29501 29515 29524 29535 29535 29551 29574 29577 29583 29579 29567 29559 29561 29559 29553 29547 29530 29516 29489 29463
04 29437 29396 29351 29307 29276 29235 29208 29177 29165 29185 29195 29213 29225 29229 29227 29222 29213 29194 29193 29157 29129 29104 29039 28993
05 28957 28939 28931 28931 28936 28962 28993 29021 29032 29049 29055 29086 29109 29114 29117 29129 29137 29144 29149 29147 29136 29127 29119 29099
06 29071 29057 29038 29013 29019 29037 29044 29053 29053 29065 29076 29088       29109 29128 29133 29142 29150 29152 29152 29146 29142 29134 29129
07 29112 29108 29106 29102 29106 29108 29110 29114 29122 29123 29129 29133 29145 29140 29139 29139 29153 29153 29161 29175 29179 29175 29173 29171
08 29170 29167 29165 29164 29179 29199 29225 29246 29265 29277 29287 29292 29306 29318 29314 29324 29328 29335 29334 29331 29322 29324 29306 29304
09 29292 29274 29260 29254 29244 29247 29246 29250 29266 29289 29300 29312 29328 29340 29344 29348 29354 29356 29366 29374 29374 29369 29365 29365
10 29356 29352 29351 29352 29352 29360 29366 29374 29380 29376 29378 29390 29382 29382 29382 29376 29382 29372 29274 29276 29276 29273 29272 29272
11 29366 29359 29356 29357 29370 29374 29375 29386 29389 29388 29385 29385 29384 29389 29395 29403 29401 29419 29423 29429 29434 29443 29450 29465
12 29471 29471 29483 29480 29487 29493 29495 29497 29498 29494 29492 29490 29484 29490 29486 29478 29470 29462 29464 29466 29465 29454 29454 29446
13 29442 29430 29425 29414 29412 29406 29410 29411 29414 29419 29428 29425 29423 29425 29418 29410 29409 29410 29416 29408 29414       29404 29405
14 29398 29395 29392 29389 29382 29386 29390 29408 29404 29404 29407 29404 29402 29401 29388 29389 29395 29400 29406 29417 29421 29417 29414 29412
15 29405 29401 29385 29381 29381 29383 29378 29391 29378 29369 29350 29348 29334 29326 29320 29320 29320 29326 29330 29333 29335 29330 29319 29315
16 29316 29306 29298 29296 29286 29294 29294 29292 29286 29282 29270 29268 29254 29258 29260 29266 29263 29265 29266 29270 29271 29265 29269 29266
17 29271 29276 29262 29266 29264 29272 29283 29288 29291 29294 29307 29310 29312 29307 29299 29295 29305 29305 29310 29315 29322 29320 29322 29317
18 29322 29325 29321 29325 29335 29347 29361 29369 29382 29403 29409 29417 29429 29444 29454 29467 29494       29548 29568 29593       29640 29654
19 29676 29692 29711 29726 29748 29757 29782 29797 29810 29822 29829 29845 29851 29859 29866 29869 29879 29883 29896 29905 29915 29931 29935 29933
20 29935 29941 29931 29933 29939 29943 29954 29961 29966 29967 29971 29973 29956 29941 29941 29927 29926 29931 29939 29937 29929 29930 29907 29893
21 29883 29871 29857 29845 29839 29825 29828 29819 29813 29805 29784 29780 29764 29743 29738             29696 29694 29708 29700 29688 29677 29660
22 29664 29654 29642 29630 29615 29613 29612 29614 29604 29593 29590 29571 29559 29547 29525 29511 29509 29505 29506 29505 29486 29475 29483 29477
23 29463 29445 29440 29428 29425 29413 29425 29433 29431 29435 29414 29418 29414 29403 29403 29414 29415 29424 29437 29447 29450 29454 29455 29443
24 29436 29427 29424 29401 29378 29370 29353 29316 29300 29272 29220 29180 29139 29104 29070 29042 29028 29032 29030 29036 29048 29068 29096 29112
25 29107 29128 29146 29173 29200 29239 29270 29304 29327 29361 29391 29421 29437 29458 29471 29475 29486 29492 29499 29498 29499 29497 29490 29475
26 29465 29441 29431 29397 29365 29359 29365 29310 29283 29263 29257 29233 29215 29209 29208 29201 29203 29223 29239 29265 29266 29277 29277 29292
27 29287 29297 29293 29295 29291 29291 29293 29295 29302 29312 29320 29321 29313 29296 29297 29285 29283 29281 29271 29271 29263 29251 29235 29222
28 29201 29177 29155 29136 29123 29117 29097 29099 29085 29079 29047 29035 29021 29013 29007 29002 29009 29021 29037 29046 29066 29071 29077 29082
29 29087 29092 29093 29107 29118 29133 29155 29173 29199 29222 29244 29266 29296 29298 29301 29325 29338 29366 29385 29402 29403 29400 29406 29403
30 29401 29400 29392 29371 29366 29336 29328 29348 29336 29313 29285 29251 29225 29212 29200 29151 29159 29168 29169 29171 29183 29185 29183 29185
