01 29089 29092 29086 29084 29089 29104 29118 29122 29116 29106 29073 29003 28927 28915 28899 28887 28857 28819 28759 28699 28789 28873 28927 28973
02 28985 28995 29005 29013 29021 28997 28985 28989 28997 29005 29009 28989 28958 28913 28863 28848 28841 28829 28789 28747 28771 28795 28769 28727
03 28689 28669 28633 28601 28577 28585 28606 28635 28663 28689 28693 28697 28697 28686 28666 28643 28616 28561 28509 28433 28327 28197 28131 28106
04 28059 27987 27983 27987 28087 28179 28235 28289 28345 28409 28460 28498 28531 28564 28581 28613 28620 28642 28658 28674 28692 28710 28722 28722
05 28712 28706 28682 28642 28596 28522 28458 28334 28306 28306 28320 28334 28358 28383 28408 28432 28460 28484 28500 28504 28512 28542 28562 28592
06 28626 28661 28698 28732 28780 28808 28854 28892 28921 28958 28986 28979 28987 29001 29003 29003 29007 29003 29009 29011 28999 28981 28959 28933
07 28915 28893 28865 28849 28837 28829 28837 28851 28865 28875 28883 28879 28881 28879 28891 28913 28927 28961 28961 29019 29041 29068 29094 29141
08 29171 29213 29251 29283 29316 29363 29403 29449 29499 29531 29564 29586 29608 29630 29656 29694 29728 29770 29806 29830 29847 29874 29887 29897
09 29910 29920 29930 29938 29952 29954 29970 29972 29989 30004 30014 30010 30010 30014 30019 30030 30032 30034 30036 30038 30036 30034 30036 30030
10 30016 30008 29999 29994 29989 29976 29970 29968 29968 29966 29960 29942 29924 29907 29894 29874 29870 29860 29850 29850 29847 29832 29832 29828
11 29826 29826 29820 29820 29817 29816 29820 29826 29828 29830 29831 29825 29807 29797 29779 29769 29750 29735 29711 29707 29687 29679 29651 29613
12 29583 29563 29519 29473 29445 29423 29401 29410 29425 29448 29460 29460 29470 29472 29478 29494 29512 29544 29548 29560 29567 29583 29587 29588
13 29588 29583 29572 29558 29537 29510 29514 29498 29500 29505 29490 29476 29452 29444 29427 29406 29412 29407 29415 29424 29418 29424 29422 29427
14 29417 29424 29424 29429 29442 29474 29492 29510 29526 29544 29558 29560 29558 29562 29566 29566 29583 29580 29588 29593 29596 29594 29591 29588
15 29588 29584 29582 29576 29568 29562 29560 29566 29561 29560 29546 29528 29502 29488 29474 29462 29446 29438 29428 29416 29398 29384 29375 29358
16 29346 29342 29343 29341 29334 29324 29323 29324 29332 29332 29340 29330 29323 29325 29330 29338 29346 29350 29348 29356 29358 29366 29368 29364
17 29358 29356 29354 29348 29336 29332 29332 29326 29330 29332 29330 29314 29306 29294 29294 29282 29276 29268 29248 29238 29230 29216 29196 29168
18 29140 29108 29084 29056 29026 29014 29010 29008 29006 29001 29007 28993 28979 28971 28975 28975 28979 28981 28999 29003 29007 29025 29027 29027
19 29023 29021 28994 28986 28957 28931 28899 28867 28823 28803 28770 28676 28616 28574 28552 28526 28505 28498 28474 28443 28430 28443 28420 28422
20 28418 28436 28435 28434 28428 28428 28424 28428 28418 28416 28423 28405 28399 28378 28385 28410 28427 28441 28462 28481 28491 28511 28522 28533
21 28541 28552 28569 28575 28577 28591 28603 28621 28631 28655 28661 28664 28661 28658 28671 28678 28692 28706 28728 28746 28778 28806 28822 28846
22 28846 28867 28896 28917 28942 28964 28984 29006 29028 29054 29080 29082 29076 29075 29076 29072 29070 29062 29051 29050 29053 29050 29046 29046
23 29048 29051 29058 29056 29062 29076 29092 29111 29143 29166 29181 29194 29195 29192 29206 29228 29232 29230 29235 29239 29233 29234 29229 29222
24 29201 29210 29221 29235 29241 29248 29244 29249 29266 29290 29306 29304 29302 29302 29304 29314 29336 29324 29326 29324 29318 29329 29342 29354
25 29369 29396 29408 29418 29428 29459 29488 29521 29558 29566 29598 29618 29621 29639 29649 29691 29687 29701 29708 29738 29761 29765 29766 29751
26 29765 29769 29761 29757 29741 29731 29721 29723 29728 29723 29722 29686 29650 29618 29589 29566 29539 29524 29502 29506 29502 29469 29469 29460
27 29454 29438 29439 29425 29416 29405 29402 29388 29374 29378 29372 29352 29329 29328 29336 29349 29362 29391 29422 29440 29449 29454 29456 29444
28 29432 29420 29406 29402 29394 29392 29399 29409 29429 29440 29452 29452 29438 29444 29462 29486 29490 29500 29516 29512 29510 29520 29526 29530
29 29517 29542 29547 29524 29494 29493 29470 29494 29470 29434 29393 29337 29259 29193 29137 29077 29099 29237 29317 29369 29437 29451 29457 29429
30 29396 29355 29311 29258 29201 29153 29135 29117 29099 29103 29087 29071 29071 29089 29133 29157 29137 29141 29144 29133 29097 29069 29019 28959
31 28929 28921 28907 28919 28933 28933 28935 28951 28977 28997 29005 29007 28992 28989 28995 28991 28992 28977 28977 28947 28921 28895 28819 28777
