01 29594 29568 29552 29544 29524 29512 29498 29507 29514 29509 29497 29489 29475 29482 29476 29469 29460 29457 29464 29483 29491 29509 29518 29529
02 29537 29541 29549 29569 29583 29606 29625 29644 29659 29681 29696 29715 29726 29747 29766 29781 29789 29809 29825 29849 29859 29869 29875 29884
03 29879 29881 29873 29876 29872 29869 29860 29845 29835 29819 29792 29775 29757 29740 29720 29699 29686 29630 29633 29614 29608 29604 29594 29600
04 29614 29626 29634 29644 29648 29672 29680 29692 29718 29717 29724 29720 29718 29724 29722 29724 29722 29709 29705 29688 29686 29667 29628 29606
05 29591 29566 29529 29480 29458 29421 29400 29397 29410 29432 29441 29447 29451 29479 29485 29498 29509 29525 29541 29555 29579 29593 29597 29603
06 29606 29615 29619 29615 29631 29645 29655 29677 29683 29695 29704 29704 29704 29700 29694 29688 29681 29675 29680 29664 29660 29649 29634 29615
07 29608 29587 29558 29530 29523 29510 29496 29490 29490 29488 29474 29475 29467 29459 29446 29432 29406 29416 29401 29390 29390 29378 29378 29366
08 29351 29338 29328 29329 29336 29352 29365 29383 29390 29408 29422 29442 29446 29466 29474 29489 29503 29520 29541 29562 29574 29577 29580 29580
09 29575 29574 29551 29534 29520 29498 29492 29484 29458 29443 29417 29429 29444 29452 29488 29512 29518 29528 29539 29548 29542 29529 29512 29498
10 29468 29452 29445 29417 29430 29430 29436 29458 29478 29486 29464 29463 29477 29507 29530 29566 29575 29599 29627 29651 29664 29696 29711 29749
11 29775 29786 29807 29831 29853 29879 29904 29932 29951 29968 29985 30002 30013 30038 30053 30065 30081 30089 30096 30116 30128 30143 30142 30143
12 30138 30127 30127 30124 30114 30112 30104 30100 30094 30094 30083 30078 30077 30083 30075 30077 30075 30076 30083 30075 30091 30097 30098 30096
13 30093 30087 30101 30107 30113 30121 30131 30131 30138 30141 30140 30139 30143 30145 30142 30139 30137 30141 30141 30137 30140 30143 30141 30139
14 30133 30128 30129 30127 30129 30137 30149 30151 30151 30157 30169 30173 30177 30179 30175 30178 30183 30189 30193 30197 30207 30221 30225 30229
15 30231 30230 30226 30223 30222 30228 30234 30232 30227 30219 30217 30208 30206 30198 30184 30176 30170 30169 30160 30158 30159 30163 30154 30148
16 30132 30120 30104 30099 30099 30093 30084 30072 30057 30040 30034 30030 30012 29992 29982 29966 29952 29944 29960 29968 29974 29983 29988 29994
17 30002 30006 30002 30006 30008 30027 30039 30048 30054 30062 30069 30069 30063 30069 30058 30061 30053 30059 30057 30062 30072 30073 30073 30063
18 30055 30043 30034 30015 30013 30023 30015 30005 29983 29976 29969 29963 29941 29923 29891 29873 29855 29858 29818 29831 29835 29835 29829 29827
19 29826 29826 29835 29847 29852 29861 29867 29879 29903 29915 29925 29938 29950 29948 29947 29944 29947 29959 29970 29981 29991 29995 29997 30001
20 30003 30003 29997 29998 30003 30007 30015 30015 30010 30013 30011 30009 30001 29999 29993 29989 29984 29985 29985 29985 29991 29985 29981 29973
21 29964 29960 29953 29950 29949 29947 29953 29945 29945 29941       29932 29922 29909 29904 29895 29889 29875 29881 29877 29875 29873 29869 29845
22 29858 29840 29823 29805 29797 29791 29787 29775 29762 29765 29753 29759 29761 29751 29742 29747 29751 29755 29751 29763 29767 29772 29767 29769
23 29767 29770 29763 29767 29777 29793 29811 29809 29815 29825 29827 29828 29819 29815 29817 29822 29817 29821 29830 29839 29861 29881 29882 29885
24 29883 29873 29881 29886 29889 29895 29908 29913 29913 29924 29926 29925 29920 29931 29929 29932 29934 29948 29959 29965 29975 29982 29981 29979
25 29981 29976 29973 29978 29971 29976 29973 29965 29955 29956 29950 29931 29909 29896 29875 29853 29826 29810 29782 29757 29734 29717 29707 29691
26 29686 29682 29682 29680 29678 29676 29672 29672 29664 29661 29658 29662 29645 29647 29620 29630 29633 29627 29636 29642 29654 29665 29669 29675
27 29678 29693 29704 29726 29745 29774 29784 29795 29793 29789 29785 29787 29785 29783 29773 29753 29737 29723 29697 29679 29665 29642 29592 29557
28 29519 29481 29451 29399 29363 29321 29281 29244 29207 29195 29175 29179 29177 29186 29190 29183 29194 29204 29217 29223 29225 29249 29272 29294
29 29308 29327 29345 29345 29345 29357 29384 29411 29435 29457 29470 29502 29510 29536 29544 29554 29554 29548 29534 29542 29540 29540 29528 29524
30 29508 29490 29464 29444 29428 29403 29382 29393 29392 29398 29405 29412 29412 29412 29430 29426 29422 29426 29427 29420 29423 29418 29390 29378
31 29381 29370 29352 29352 29348 29336 29316 29310 29300 29300 29305 29308 29318 29314 29316 29324 29332 29338 29345 29362 29367 29391 29389 29400
