01 30240 30241 30242 30241 30244 30249 30266 30281 30287 30300 30295 30291 30297 30300 30301 30310 30320 30329 30333 30333 30332 30337 30343 30344
02 30337 30336 30330 30324 30323 30317 30321 30322 30321 30326 30319 30307 30304 30298 30301 30294 30297 30299 30297 30300 30300 30300 30298 30298
03 30291 30291 30286 30283 30266 30257 30256 30257 30244 30242 30238 30225 30214 30198 30190 30182 30179 30170 30162 30161 30159 30153 30152 30151
04 30144 30132 30143 30145 30159 30174 30193 30220 30237 30250 30264 30262 30265 30271 30282 30295 30309 30320 30322 30344 30348 30349 30343 30338
05 30338 30342 30324 30314 30301 30288 30288 30288 30280 30280 30284 30274 30262 30248 30234 30226 30225 30220 30208 30202 30195 30186 30178 30168
06 30161 30150 30146 30146 30148 30155 30174 30186 30196 30203 30215 30215 30217 30211 30214 30209 30211 30220 30221 30225 30220 30215 30207 30197
07 30188 30186 30177 30171 30169 30168 30176 30177 30181 30181 30169 30166 30154 30145 30136 30139 30147 30151 30149 30148 30144 30149 30145 30135
08 30129 30124 30120 30104 30100 30091 30088 30084 30071 30061 30052 30034 30020 29995 29982 29987 29975 29967 29956 29950 29943 29934 29927 29925
09 29920 29919 29919 29918 29919 29923 29932 29938 29950 29964 29962 29960 29955 29956 29965 29977 29994 30005 30010 30020 30030 30033 30042 30047
10 30047 30055 30057 30065 30072 30087 30105 30120 30129 30147 30154 30158 30148 30155 30154 30164 30173 30177 30169 30181 30168 30168 30159 30150
11 30123 30102 30073 30063 30063 30060 30057 30043 30031 30017 29982 29947 29910 29869 29837 29790 29756 29737 29702 29676 29614 29589 29556 29519
12 29475 29435 29384 29359 29337 29306 29288 29283 29274 29265 29256 29233 29219 29224 29227 29223 29216 29203 29181 29161 29126 29103 29094 29083
13 29098 29152 29181 29214 29262 29320 29360 29399 29442 29477 29488 29502 29513 29514 29502 29514 29535 29550 29556 29584 29588 29585 29581 29581
14 29585 29580 29572 29566 29563 29546 29543 29554 29548 29540 29539 29513 29489 29467 29462 29466 29468 29468 29464 29470 29465 29471 29465 29456
15 29455 29452 29436 29429 29421 29437 29448 29466 29484 29523 29532 29522 29537 29537 29546 29539 29532 29534 29531 29522 29513 29492 29453 29438
16 29406 29373 29340 29334 29330 29331 29336 29357 29378 29393 29399 29404 29405 29410 29419 29427 29434 29444 29450 29457 29463 29474 29481 29492
17 29499 29523 29550 29591 29618 29655 29687 29726 29760 29801 29812 29837 29858 29887 29907 29926 29946 29973 29988 30006 30014 30028 30040 30047
18 30051 30062 30057 30057 30052 30055 30048 30049 30044 30042 30033 30009 29980 29952 29931 29909 29881 29865 29851 29837 29811 29797 29784 29780
19 29766 29761 29756 29752 29756 29762 29767 29785 29790 29793 29778 29762 29748 29728 29720 29730 29717 29712 29701 29696 29690 29682 29678 29666
20 29665 29661 29649 29650 29662 29672 29687 29703 29711 29723 29722 29719 29711 29727 29752 29773 29796 29824 29834 29858 29863 29881 29899 29908
21 29919 29927 29941 29954 29973 29985 30000 30019 30030 30046 30052 30056 30056 30058 30072 30082 30090 30103 30113 30127 30141 30148 30157 30167
22 30165 30174 30177 30178 30186 30195 30216 30223 30238 30232 30227 30218 30220 30221 30215 30228 30235 30231 30248 30255 30250 30245 30234 30225
23 30221 30208 30192 30181 30172 30169 30164 30166 30162 30156 30135 30119 30103 30079 30065 30058 30057 30058 30056 30042 30029 30014 30022 30007
24 29992 29984 29971 29963 29946 29939 29929 29931 29926 29917 29907 29913 29877 29879 29876 29871 29858 29845 29839 29832 29823 29817 29802 29792
25 29764 29737 29699 29670 29624 29585 29530 29492 29425 29372 29355 29328 29334 29358 29399 29437 29479 29514 29527 29536 29547 29559 29565 29575
26 29582 29595 29603 29614 29622 29634 29645 29650 29660 29660 29663 29657 29639 29625 29621 29618 29618 29611 29605 29588 29579 29558 29535 29510
27 29489 29470 29437 29417 29393 29377 29367 29354 29341 29325 29305 29282 29264 29241 29223 29209                         29177 29181 29184 29205
28 29239 29275 29301 29330 29353 29381 29401 29430 29449 29471 29472 29479 29476 29472 29476 29484 29495 29495 29509 29498 29496 29491 29463 29459
29 29443 29440 29431 29441 29442 29455 29474 29491 29513 29537 29546 29555 29562 29570 29587 29591 29602 29616 29622 29629 29641 29646 29662 29666
30 29667 29676 29675 29676 29676 29676 29675 29674 29677 29673 29667 29650 29623 29612 29596 29586 29565 29554 29545 29542 29539 29521 29512 29495
