01 29705 29684 29667 29649 29627 29612 29597 29597 29592 29580 29581 29569 29563 29544 29542 29535 29559 29594 29601 29618 29629 29641 29661 29665
02 29671 29669 29661 29671 29675 29678 29690 29691 29715 29712 29711 29699 29675 29667 29657 29636 29596 29611 29601 29599 29597 29608 29627 29616
03 29620 29618 29627 29621 29631 29611 29607 29593 29614 29599 29616 29603 29584 29579 29585 29584 29576 29583 29579 29585 29600 29616 29631 29655
04 29661 29683 29694 29699 29709 29735 29749 29791 29819 29839 29857 29879 29899 29890 29892 29899 29920 29920 29923 29918 29930 29927 29934 29940
05 29943 29940 29938 29940 29947 29942 29946 29950 29952 29946 29951 29934 29924 29904 29892 29888 29895 29900 29907 29919 29935 29948 29946 29928
06 29920 29926 29925 29928 29936 29939 29946 29953 29964 29972 29987 29985 29977 29974 29971 29967 29974 29977 29977 29984 29997 30004 30001 30003
07 29997 29997 29989 29989 29985 29977 29973 29970 29973 29980 29978 29976 29965 29963 29953 29949 29946 29947 29955 29957 29959 29955 29957 29957
08 29948 29946 29942 29934 29926 29917 29917 29925 29931 29925 29928 29916 29902 29887 29873 29863 29860 29852 29853 29842 29829 29819 29810 29798
09 29786 29778 29760 29749 29742 29732 29725 29725 29728 29727 29722 29710 29698 29686 29682 29674 29678 29682 29685 29696 29704 29708 29710 29725
10 29726 29735 29736 29741 29748 29753 29762 29764 29773 29776 29781 29777 29770 29760 29766 29768 29770 29774 29782 29781 29780 29780 29781 29774
11 29758 29746 29738 29717 29703 29690 29682 29676 29674 29662 29654 29646 29626 29612 29600 29595 29592 29601 29597 29590 29591 29593 29594 29588
12 29582 29570 29574 29572 29583 29597 29609 29624 29638 29648 29654 29656 29644 29636 29637 29640 29640 29644 29638 29632 29626 29627 29620 29608
13 29598 29588 29582 29563 29558 29546 29541 29538 29526 29516 29502 29486 29470 29460 29441 29430 29426 29430 29418 29423 29411 29401 29404 29398
14 29387 29380 29387 29380 29374 29382 29380 29378 29384 29380 29385 29376 29368 29357 29345 29339 29335 29331 29317 29296 29271 29242 29209 29176
15 29153 29102 29045 28994 28956 28940 28936 28938 28951 28969 28983 28986 28986 28984 28978 28973 28978 28981 29002 29001 29010 29014 29020 29024
16 29024 29016 29005 28998 29002 29003 29006 29024 29042 29066 29092 29096 29115 29126 29144 29156 29161 29174 29190 29188 29190 29194 29211 29230
17 29232 29226 29232 29234 29228 29218 29211 29247 29259 29259 29266 29261 29266 29247 29241 29225 29239 29226 29224 29206 29206 29192 29176 29156
18 29144 29117 29102 29064 29045 29009 28972 28954 28883 28821 28758 28706 28662 28629 28593 28579 28628 28689 28721 28727 28722 28702 28694 28682
19 28664 28662 28642 28631 28628 28700 28734 28788 28820 28855 28883 28909 28957 28993 29037 29050 29097 29129 29150 29158 29186 29200 29212 29226
20 29244 29265 29274 29287 29316 29345 29371 29394 29422 29446 29473 29486 29494 29494 29515 29535 29532 29566 29579 29584 29580 29583 29575 29552
21 29548 29505 29466 29431 29385 29349 29326 29280 29243 29230 29216 29188 29184 29172 29157 29140 29127 29124 29112 29090 29092 29102 29126 29157
22 29165 29190 29216 29224 29226 29237 29246 29260 29268 29265 29266 29258 29242 29242 29204 29180 29189 29164 29158 29141 29120 29110 29086 29071
23 29030 29019 28992 28998 29022 29069 29096 29140 29184 29250 29310 29354 29370 29395 29414 29440 29444 29462 29478 29492 29510 29547 29554 29573
24 29577 29589 29576 29574 29566 29582 29604 29647 29654 29694 29737 29746 29752 29767 29769 29789 29797 29807 29805 29801 29799 29797 29781 29778
25 29765 29756 29723 29687 29658 29623 29595 29553 29512 29461 29413 29369 29327 29286 29262 29239 29223 29212 29213 29211 29199 29199 29192 29182
26 29175 29164 29155 29150 29142 29126 29121 29111 29102 29079 29079 29044 29029 29006 28984 28962 28954 28976 28988 28998 29016 29040 29064 29070
27 29068 29090 29094 29082 29074 29069 29044 29049 29044 29029 29034 29021 29007 28994 28994 28989 28972 28965 28976 28987 29024 29079 29099 29134
28 29151 29174 29184 29204 29224 29252 29294 29344 29372 29404 29446 29461 29484 29482 29492 29492 29493 29498 29490 29482 29460 29442 29402 29376
29 29347 29316 29279 29248 29242 29241 29236 29234 29215 29200 29242 29270 29292 29300 29320 29339 29348 29365 29389 29387 29389 29385 29367 29346
