01 29209 29268 29299 29346 29385 29425 29466 29523 29563 29601 29626 29656 29677 29696 29701 29714 29736 29741 29759 29766 29769 29776 29786 29782
02 29784 29780 29764 29752 29737 29742 29739 29732 29730 29732 29732 29712 29688 29672 29669 29654 29644 29630 29618 29594 29594 29584 29548 29549
03 29538 29530 29524 29512 29504 29508 29514 29530 29539 29552 29565 29555 29552 29545 29548 29549 29550 29553 29553 29553 29553 29555 29550 29540
04 29535 29515 29510 29512 29509 29500 29507 29525 29550 29569 29582 29584 29574 29560 29552 29531 29516 29500 29504 29518 29528 29544 29552 29562
05 29572 29574 29576 29588 29588 29594 29596 29608 29614 29608 29600 29581 29569 29553 29553 29557 29557 29563 29565 29565 29565 29555 29549 29550
06 29560 29561 29550 29550 29537 29542 29550 29557 29569 29577 29592 29590 29589 29590 29589 29595 29603 29613 29625 29627 29633 29631 29631 29625
07 29621 29615 29605 29603 29611 29619 29627 29639 29659 29669 29677 29681 29689 29695 29703 29709 29718 29721 29727 29731 29737 29741 29740 29735
08 29719 29711 29696 29686 29671 29651 29623 29617 29617 29617 29601 29585 29571 29553 29541 29521 29511 29507 29485 29460 29451 29437 29418 29389
09 29360 29327 29280 29239 29248 29287 29361 29411 29429 29427 29426 29429 29432 29428 29426 29416 29404 29398 29392 29380 29374 29372 29358 29362
10 29366 29364 29360 29354 29348 29348 29348 29336 29331 29312 29311 29308 29291 29280 29277 29275 29257 29271 29265 29259 29261 29239 29208 29185
11 29173 29146 29107 29070 29033 28991 28951 28915 28890 28858 28854 28901 28926 28954 28972 28998 29014 29042 29068 29080 29104 29141 29164 29202
12 29230 29266 29284 29310 29316 29336 29352 29370 29383 29386 29393 29389 29379 29359 29347 29337 29334 29325 29319 29301 29274 29257 29263 29279
13 29283 29279 29283 29295 29309 29327 29349 29369 29379 29393 29408 29422 29422 29430 29440 29442 29442 29451 29454 29444 29450 29454 29449 29432
14 29399 29374 29354 29339 29322 29346 29376 29418 29454 29490 29519 29549 29561 29579 29597 29609 29623 29645 29663 29672 29681 29687 29687 29685
15 29685 29685 29679 29681 29684 29687 29691 29692 29692 29691 29696 29686 29673 29656 29640 29622 29608 29603 29600 29572 29566 29546 29515 29498
16 29482 29453 29424 29400 29380 29358 29340 29326 29308 29313 29300 29280 29264 29238 29226 29214 29210 29216 29240 29266 29283 29286 29296 29306
17 29316 29326 29320 29322 29318 29328 29330 29350 29342 29340 29334 29318 29308 29300 29308 29314 29322 29328 29346 29355 29358 29364 29380 29382
18 29374 29390 29390 29380 29378 29384 29390 29398 29408 29420 29419 29404 29404 29397 29401 29403 29397 29401 29415 29413 29421 29419 29429 29435
19 29439 29446 29449 29456 29465 29483 29493 29513 29523 29539 29546 29544 29540 29548 29560 29566 29580 29587 29604 29618 29628 29632 29637 29656
20 29670 29689 29700 29714 29730 29752 29767 29780 29792 29796 29798 29799 29786 29789 29793 29795 29801 29805 29811 29824 29833 29836 29841 29841
21 29836 29831 29831 29831 29845 29851 29853 29868 29865 29871 29874 29866 29854 29850 29854 29861 29879 29892 29892 29884 29884 29882 29872 29872
22 29876 29866 29854 29849 29860 29864 29858 29862 29859 29856 29856 29850 29848 29841 29844 29850 29858 29868 29864 29858 29854 29854 29850 29844
23 29840 29832 29828 29832 29836 29832 29842 29849 29850 29854 29872 29867 29864 29860 29852 29846 29859 29866 29876 29882 29880 29876 29880 29880
24 29870 29868 29868 29870 29878 29889 29894 29906 29908 29918 29929 29926 29928 29928 29926 29929 29946 29964 29972 29982 29991 29993 29991 29998
25 30004 30006 30001 30002 30002 30010 30024 30036 30048 30054 30051 30046 30029 30023 30011 30007 30012 30009 30008 30011 30015 30013 30007 30005
26 30011 30005 29995 29985 29990 29990 30003 30021 30015 30019 30019 30012 30009 30003 30001 29999 29994 29999 29993 29999 29994 29981 29975 29966
27 29956 29949 29947 29944 29939 29941 29949 29951 29951 29956 29962 29956 29947 29940 29937 29937 29940 29946 29950 29960 29974 29980 29982 29984
28 29982 29980 29972 29972 29980 29990 29996 30010 30022 30032 30041 30039 30033 30025 30025 30027 30033 30041 30049 30054 30055 30057 30057 30061
29 30061 30047 30042 30047 30047 30052 30062 30067 30077 30085 30087 30064 30057 30052 30050 30052 30062 30070 30075 30075 30087 30084 30086 30087
30 30082 30075 30072 30066 30067 30070 30067 30074 30070 30078 30084 30077 30065 30070 30067 30068 30068 30074 30072 30068 30074 30078 30074 30074
31 30064 30060 30062 30064 30062 30064 30070 30080 30082 30080 30084 30082 30074 30068 30066 30060 30062 30072 30080 30087 30097 30107 30122 30137
