01 29679 29673 29663 29660 29666 29665 29666 29669 29673 29669 29675 29674 29667 29658 29647 29643 29641 29644 29651 29659 29662 29658 29661 29655
02                                                       29658 29655 29654       29654       29651 29655 29659       29674 29672 29673            
03                                                 29696 29692       29678 29675 29663 29658 29671 29687 29693 29725 29737 29753 29763 29773 29777
04 29779 29778 29788 29788 29791 29801 29802 29808 29810 29803 29812 29794 29791 29796 29794 29794 29798 29804 29814 29816 29816 29820 29822 29819
05 29814 29812 29810 29812 29810 29813 29814 29817 29818 29810 29811 29807 29812 29809 29805 29795 29785 29776 29771 29772 29772 29764 29757 29748
06 29729 29718 29704 29689 29681 29674 29669 29666 29658 29648 29639 29622 29605 29584 29569 29566 29553 29541 29532 29529 29520 29528 29509 29505
07 29488 29481 29458 29441 29432 29413 29381 29352 29342 29326 29300 29265 29246 29238 29221 29194 29176 29156 29146 29138 29129 29123 29126 29125
08 29124 29124 29125 29126 29125 29123 29114 29117 29117 29119 29123 29124 29123 29120 29117 29118 29134 29138 29141 29160 29173 29182 29180 29182
09 29183 29181 29180 29192 29202 29210 29221 29233 29236 29236 29235 29248 29262 29271 29273 29286 29290 29301 29318 29348 29353 29368 29373 29377
10 29389 29398 29402 29404 29411 29431 29438 29457 29469 29493 29507 29515 29526 29542 29554 29572 29583 29593 29611 29641 29653 29672 29679 29690
11 29706 29709 29723 29729 29739 29755 29768 29785 29802 29812 29823 29832 29833 29841 29848 29852 29860 29864 29880 29894 29905 29913 29916 29920
12 29933 29933 29935 29937 29949 29958 29962 29968 29972 29964 29960 29968 29970 29967 29964 29962 29966 29972 29980 29989 29989 29989 29989 29988
13 29980 29970 29964 29962 29956 29956 29948 29952 29952 29948 29949 29936 29933 29916 29901 29898 29897 29894 29890 29899 29885 29890 29883 29881
14 29866 29859 29837 29833 29821 29813 29793 29797 29800 29791 29785 29767 29764 29752 29754 29737 29727 29722 29715 29723 29711 29711 29711 29711
15 29696 29693 29686 29680 29679 29680 29675 29673 29651 29652 29650 29648 29646 29636 29630 29625 29626 29630 29637 29652 29655 29667 29670 29671
16 29668 29662 29658 29653 29649 29652 29652 29651 29649 29646 29646 29647 29640 29625 29606 29604 29600 29592 29588 29600 29601 29601 29600 29594
17 29589 29592 29594 29596 29596 29597 29612 29628 29639 29654       29670       29679                   29725       29750       29765            
18                                                       29794       29786       29775                   29741       29711       29700            
19                                                       29504 29512 29517 29513 29524 29518 29541 29536 29547 29563 29577 29587 29593 29595 29604
20 29605 29609 29609 29606 29606 29611 29606 29601 29591 29583 29576 29558 29532 29512 29486 29470 29436 29418 29389 29370 29351 29322 29292 29268
21 29242 29213 29202 29164 29150 29142 29140 29130 29131 29145 29147 29166 29183 29209 29231 29255 29273 29299 29315 29334 29353 29369 29375 29385
22 29395 29397 29403 29407 29415 29421 29435 29439 29437 29439 29444 29444 29454 29464 29466 29470 29480 29498 29508 29536 29548 29564 29578 29588
23 29602 29609 29617 29624 29636 29646 29660 29680 29696 29700 29714 29720 29732 29736 29747 29754 29764 29770 29778 29796 29804 29806 29797 29797
24 29788 29778 29774 29762 29763 29776 29775 29786 29786 29790 29809 29812 29821 29824 29821 29833 29827 29835 29841 29853 29855 29857 29861 29862
25 29849 29833 29834 29823 29811 29805 29813 29805 29788 29770 29753 29724 29708 29680 29655 29626 29605 29600 29604 29609 29604 29569 29540 29534
26 29526 29524 29520 29518 29528 29542 29560 29584 29608 29614 29616 29639 29651 29666 29676 29669 29670 29675 29686 29700 29700 29696 29692 29694
27 29684 29678 29668 29662 29660 29661 29666 29662 29664 29646 29641 29619 29605 29583 29555 29521 29485 29447 29406 29369 29317 29279 29257 29252
28 29223 29199 29175 29157 29139 29115 29103 29107 29103 29113 29114 29142 29165 29186 29204 29228 29267 29319 29368 29418 29454 29488 29516 29538
29 29549 29568 29578 29581 29598 29612 29624 29626 29640 29642 29643 29643 29645 29633 29611 29594 29577 29565 29539 29526 29501 29487 29459 29435
30 29415 29389 29367 29337 29309 29317 29317 29328 29333 29346 29348 29355 29357 29359 29359 29367 29361 29377 29393 29405 29403 29405 29401 29397
31 29395 29394 29388 29375 29371 29365 29361 29373 29387 29401 29411 29435 29451 29491 29517 29531 29543 29567 29589 29631 29650 29664 29671 29683
