01 30352 30355 30356 30353 30358 30359 30372 30377 30380 30381 30363 30365 30350 30345 30333 30311 30311 30308 30312 30312 30307 30303 30301 30289
02 30273 30257 30246 30227 30215 30212 30208 30211 30208 30211 30210 30203 30195 30177 30172 30169 30161 30168 30175 30174 30172 30171 30168 30167
03 30162 30154 30139 30125 30121 30111 30110 30114 30119 30112 30106 30096 30088 30069 30057 30040 30035 30034 30035 30030 30025 30020 30009 29996
04 29974 29952 29930 29901 29888 29866 29851 29840 29826 29814 29814 29805 29799 29807 29813 29825 29835 29844 29847 29852 29860 29866 29871 29875
05 29876 29873 29871 29872 29877 29877 29880 29887 29902 29898 29892 29878 29872 29860 29847 29830 29826 29840 29845 29845 29851 29852 29852 29856
06 29857 29867 29864 29860 29863 29866 29871 29876 29885 29892 29892 29891 29883 29876 29862 29846 29837 29829 29814 29787 29759 29726 29681 29634
07 29590 29533 29484 29436 29415 29393 29407 29405 29396 29383 29370 29356 29331 29308 29305 29310 29319 29358 29411 29454 29487 29552 29602 29656
08 29696 29732 29756 29785 29804 29835 29861 29880 29898 29920 29927 29938 29941 29946 29952 29963 29974 30010 30025 30034 30041 30044 30056 30054
09 30051 30052 30050 30048 30048 30058 30066 30079 30082 30096 30096 30092 30086 30078 30070 30067 30069 30076 30081 30084 30085 30084 30082 30080
10 30075 30079 30068 30070 30072 30074 30082 30090 30096 30102 30104 30097 30085 30075 30067 30059 30067 30074 30080 30089 30100 30111 30112 30117
11 30120 30125 30128 30130 30141 30164 30180 30199 30208 30221 30217 30215 30209 30192 30185 30186 30178 30185 30190 30185 30180 30171 30163 30150
12 30123 30089 30072 30030 30007 29983 29952 29919 29910 29887 29855 29823 29802 29770 29738 29710 29700 29692 29698 29701 29694 29698 29702 29709
13 29706 29705 29700 29704 29705 29721 29734 29756 29767 29770 29775 29789 29785 29769 29767 29771 29778 29805 29834 29855 29871 29875 29876 29879
14 29884 29885 29885 29883 29881 29881 29879 29883 29891 29899 29901 29889 29885 29872 29871 29874 29881 29895 29903 29912 29921 29933 29934 29932
15 29930 29932 29925 29925 29927 29925 29921 29923 29921 29907 29889 29877 29857 29831 29803 29778 29747 29737 29721 29699 29669 29644 29635 29618
16 29601 29589 29577 29565 29561 29554 29549 29544 29539 29540 29534 29525 29514 29494 29490 29494 29503 29512 29520 29526 29529 29527 29528 29527
17 29527 29526 29527 29532 29536 29547 29550 29556 29563 29566 29572 29573 29578 29574 29587 29591 29594 29602 29614 29623 29628 29632 29642 29644
18 29647 29648 29649 29641 29634 29634 29646 29652 29654 29647 29639 29631 29625 29619 29613 29604 29593 29593 29595 29596 29592 29597 29603 29696
19 29581 29574 29572 29573 29563 29562 29563 29567 29572 29563 29555 29540 29532 29523 29514 29500 29496 29486 29482 29477 29472 29468 29462 29450
20 29433 29416 29390 29377 29357 29350 29332 29326 29333 29328 29327 29312 29301 29282 29282 29285 29283 29280 29279 29275 29264 29260 29261 29254
21 29248 29232 29227 29224 29229 29242 29255 29269 29284 29300 29318 29330 29342 29362 29372 29388 29397 29428 29457 29492 29506 29526 29540 29560
22 29573 29582 29584 29592 29610 29630 29642 29661 29667 29680 29692 29694 29696 29692 29713 29717 29732 29741 29763 29782 29781 29794 29796 29795
23 29798 29793 29786 29782 29772 29768 29764 29756 29746 29725 29706 29672 29636 29597 29556 29521 29498 29471 29448 29412 29375 29340 29312 29284
24 29271 29252 29236 29225 29228 29227 29233 29242 29244 29243 29238 29226 29214 29176 29168 29147 29120 29094 29068 29030 28996 28958 28930 28896
25 28876 28850 28821 28807 28818 28836 28855 28877 28900 28920 28924 28937 28942 28955 28955 28970 28979 29004 29035 29051 29072 29084 29087 29096
26 29101 29102 29097 29100 29104 29114 29122 29127 29133 29134 29128 29124 29126 29116 29115 29113 29117 29120 29123 29135 29132 29142 29146 29153
27 29158 29158 29158 29173 29188 29211 29225 29247 29254 29266 29269 29273 29266 29262 29275 29294 29310 29356 29384 29428 29459 29498 29527 29548
28 29568 29582 29585 29595 29607 29630 29645 29674 29686 29700 29708 29720 29721 29733 29731 29740 29748 29774 29788 29810 29816 29823 29823 29811
29 29806 29796 29793 29790 29786 29791 29792 29794 29797 29800 29806 29803 29801 29795 29797 29815 29831 29834 29852 29866 29872 29874 29878 29887
30 29892 29896 29900 29912 29915 29932 29942 29965 29980 29995 29999 30000 30003 30010 30011 30023 30034 30049 30060 30074 30081 30082 30090 30091
31 30098 30099 30091 30097 30098 30093 30096 30107 30105 30101 30067 30066 30064 30055 30041 30029 30018 30019 30026 30029 30025 30014 30012 30005
