01 29878 29864 29847 29835 29830 29823 29816 29809 29801 29793 29779 29778 29760 29749 29747 29747 29754 29756 29751 29754 29759 29748 29748 29740
02 29730 29725 29716 29721 29712 29717 29712 29712 29719 29713 29716 29705 29704 29699 29694 29687 29687 29684 29688 29685 29699 29702 29713 29710
03 29709 29696 29686 29680 29679 29678 29680 29675 29674 29673 29660 29661 29663 29669 29666 29665 29678 29673 29680 29696 29707 29714 29721 29721
04 29727 29730 29726 29729 29731 29738 29745 29750 29750 29746 29752 29740 29739 29730 29724 29717 29713 29710 29722 29718 29717 29725 29726 29724
05 29715 29709 29700 29688 29690 29687 29692 29686 29680 29676 29658 29649 29651 29645 29658 29637 29646 29636 29643 29658 29663 29674 29679 29681
06 29681 29685 29682 29688 29690 29711 29717 29730 29742 29754 29763 29774 29787 29791 29808 29819 29833 29854 29880 29898 29919 29930 29942 29941
07 29951 29944 29950 29957 29965 29980 29994 30000 30011 30012 30014 30014 30008 30011 30027 30023 30028 30031 30035 30040 30047 30043 30045 30046
08 30035 30034 30030 30021 30024 30029 30027 30031 30035 30030 30029 30024 30021 30022 30020 30021 30028 30027 30021 30015 30015 30008 30001 29985
09 29964 29952 29950 29939 29931 29920 29926 29923 29912 29918 29924 29922 29922 29913 29914 29912 29906 29901 29910 29901 29901 29912 29897 29888
10 29870 29847 29833 29822 29802 29801 29793 29787 29758 29749 29752 29743 29741 29728 29739 29737 29752 29763 29780 29784 29789 29797 29806 29802
11 29800 29803 29794 29791 29795 29794 29813 29815 29816 29821 29828 29834 29842 29838 29838 29842 29839 29839 29837 29836 29836 29838 29834 29821
12 29813 29806 29806 29790 29780 29763 29747 29738 29724 29708 29702 29694 29681 29666 29653 29638 29620 29611 29602 29593 29589 29574 29562 29551
13 29532 29513 29502 29487 29470 29462 29453 29435 29426 29409 29398 29385 29374 29361 29346 29335 29335 29326 29328 29328 29337 29332 29321 29312
14 29304 29288 29278 29263 29255 29256 29245 29236 29229 29223 29216 29204 29197 29181 29177 29160 29158 29143 29151 29146 29144 29139 29131 29120
15 29110 29091 29080 29066 29052 29034 29023 29006 28988 28965 28950 28934 28923 28909 28890 28883 28879 28878 28891 28894 28906 28910 28913 28916
16 28920 28924 28933 28937 28955 28963 28976 28985 28992 28998 29003 29018 29029 29029 29044 29058 29072 29092 29111 29128 29145 29164 29183 29191
17 29205 29213 29231 29242 29258 29276 29292 29304 29322 29330 29345 29370 29382 29401 29429 29446 29465 29477 29494 29516 29540 29559 29572 29577
18 29584 29588 29595 29606 29607 29605 29608 29612 29623 29627 29622 29625 29619 29617 29619 29606 29617 29606 29599 29618 29618 29607 29618 29611
19 29604 29579 29576 29558 29555 29546 29535 29508 29503 29482 29463 29449 29444 29455 29465 29494 29508 29523 29539 29560 29575 29584 29596 29590
20 29590 29594 29587 29605 29609 29621 29619 29624 29635 29648 29644 29648 29652 29649 29666 29658 29657 29667 29666 29662 29659 29635 29627 29596
21 29564 29539 29510 29489 29489 29474 29483 29491 29499 29500 29498 29495 29501 29490 29482 29475 29453 29432 29424 29405 29403 29391 29378 29359
22 29335 29308 29295 29277 29266 29273 29284 29308 29312 29321 29330 29329 29323 29308 29300 29276 29264 29251 29240 29232 29238 29238 29229 29224
23 29220 29202 29190 29192 29169 29166 29143 29128 29114 29077 29056 29028 29031 29024 29015 29001 29005 29000 29006 29022 29034 29034 29037 29033
24 29042 29040 29043 29041 29056 29072 29084 29104 29131 29139 29159 29162 29180 29195 29227 29213 29224 29227 29247 29273 29305 29326 29341 29360
25 29363 29379 29402 29411 29428 29445 29461 29489 29500 29507 29514 29516 29524 29519 29520 29513 29509 29511 29520 29531 29531 29540 29537 29531
26 29539 29545 29549 29568 29590 29624 29639 29640 29656 29674 29703 29718 29727 29739 29745 29753 29764 29778 29787 29808 29822 29841 29849 29840
27 29846 29850 29851 29885 29860 29869 29881 29890 29905 29908 29906 29907 29915 29926 29934 29948 29951 29944 29945 29950 29951 29958 29955 29953
28 29937 29912 29914 29880 29859 29837 29812 29793 29797 29809 29820 29841 29840 29856 29872 29881 29898 29900 29911 29920 29931 29938 29938 29930
29 29929 29928 29922 29927 29935 29938 29943 29952 29954 29957 29961 29968 29962 29964 29959 29966 29974 29976 29987 29993 29998 29995 30006 29994
30 29998 29992 29992 29984 29989 29990 29990 29986 29992 29993 29986 29976 29983 29975 29956 29937 29919 29908 29888 29871 29860 29862 29854 29857
31 29843 29830 29811 29795 29788 29779 29768 29756 29746 29735 29727 29721 29734 29740 29749 29747 29748 29747 29752 29759 29774 29776 29777 29777
