01 30013 30010 30012 30003 29996 29998 30001 29995 29999 29996 29987 29986 29977 29972 29965 29941 29932 29935 29941 29945 29952 29941 29936 29937
02 29939 29939 29941 29948 29951 29952 29958 29956 29958 29955 29948 29928 29912 29892 29870 29843 29820 29807 29796 29791 29778 29768 29750 29730
03 29704 29678 29654 29623 29592 29565 29546 29512 29489 29454 29427 29372 29330 29277 29233 29200 29177 29168 29156 29165 29168 29168 29166 29166
04 29162 29156 29148 29140 29145 29152 29164 29162 29154 29130 29099 29066 29023 28974 28951 28945 28966 28975 29020 29058 29072 29107 29124 29157
05 29179 29193 29204 29215 29225 29238 29255 29265 29282 29293 29303 29309 29313 29318 29320 29329 29338 29365 29384 29395 29411 29413 29415 29422
06 29427 29439 29437 29425 29423 29421 29421 29435 29443 29447 29450 29447 29447 29439 29430 29435 29449 29454 29462 29477 29483 29497 29516 29531
07 29546 29557 29563 29571 29585 29608 29621 29623 29632 29632 29622 29611 29602 29592 29584 29584 29581 29583 29590 29609 29610 29623 29624 29619
08 29623 29624 29624 29628 29630 29634 29650 29655 29652 29654 29642 29634 29619 29610 29600 29590 29585 29566 29561 29546 29541 29524 29516 29502
09 29487 29478 29470 29469 29469 29475 29482 29484 29497 29505 29529 29531 29527 29525 29522 29513 29518 29517 29515 29528 29531 29511 29505 29496
10 29500 29474 29467 29453 29456 29457 29466 29469 29482 29482 29497 29501 29505 29507 29504 29513 29517 29528 29549 29567 29573 29580 29581 29587
11 29587 29589 29584 29579 29581 29587 29593 29607 29610 29616 29625 29630 29646 29648 29663 29694 29723 29742 29770 29813 29832 29863 29888 29912
12 29926 29946 29953 29966 29969 29990 29998 30008 30021 30027 30027 30020 30023 30018 30009 30001 30004 30003 30001 30008 30011 30015 30012 30001
13 29989 29977 29965 29959 29959 29959 29963 29966 29966 29966 29952 29946 29946 29944 29944 29945 29956 29961 29967 29974 29979 29982 29983 29992
14 29993 29997 29997 30006 30007 30014 30035 30056 30068 30082 30085 30090 30094 30091 30095 30099 30113 30118 30121 30136 30140 30136 30139 30140
15 30129 30126 30114 30113 30109 30096 30102 30092 30085 30074 30066 30048 30025 29998 29969 29951 29936 29918 29899 29894 29868 29850 29840 29817
16 29796 29776 29764 29749 29734 29730 29717 29709 29706 29686 29679 29658 29648 29623 29617 29614 29609 29611 29618 29636 29641 29639 29645 29636
17 29620 29616 29607 29602 29605 29604 29606 29603 29600 29591 29584 29578 29575 29561 29550 29546 29538 29530 29535 29544 29540 29536 29531 29528
18 29525 29522 29524 29524 29530 29540 29548 29558 29568 29575 29582 29582 29584 29590 29595 29612 29622 29634 29642 29658 29664 29665 29672 29680
19 29682 29686 29704 29724 29742 29780 29806 29834 29856 29879 29900 29910 29920 29928 29937 29954 29976 30009 30033 30066 30085 30110 30127 30130
20 30132 30144 30144 30157 30178 30194 30197 30204 30218 30222 30210 30213 30200 30193 30182 30170 30169 30157 30168 30179 30179 30167 30160 30155
21 30141 30115 30107 30085 30069 30059 30048 30019 29985 29957 29938 29916 29898 29864 29834 29809 29808 29789 29778 29777 29756 29742 29741 29724
22 29718 29692 29666 29652 29636 29638 29632 29628 29616 29596 29589 29573 29569 29556 29548 29544 29547 29546 29546 29554 29561 29568 29572 29576
23 29575 29573 29567 29553 29552 29548 29547 29550 29546 29542 29545 29533 29532 29526 29517 29545 29539 29546 29546 29547 29544 29547 29547 29549
24 29553 29559 29566 29575 29589 29606 29615 29623 29632 29639 29651 29660 29670 29681 29685 29689 29696 29721 29738 29769 29781 29800 29810 29812
25 29813 29821 29832 29839 29851 29867 29873 29879 29881 29882 29873 29866 29865 29866 29869 29867 29872 29884 29895 29894 29890 29891 29900 29903
26 29901 29904 29904 29898 29894 29910 29918 29922 29924 29927 29927 29926 29925 29921 29916 29920 29916 29920 29925 29928 29933 29929 29935 29921
27 29906 29896 29891 29878 29880 29874 29879 29868 29867 29856 29832 29819 29798 29780 29771 29748 29723 29720 29725 29714 29710 29714 29701 29684
28 29667 29660 29655 29648 29661 29675 29674 29676 29682 29694 29705 29711 29714 29718 29724 29735 29738 29747 29764 29783 29784 29785 29788 29782
29 29775 29773 29770 29769 29768 29774 29780 29786 29791 29802 29798 29792 29796 29800 29804 29816 29820 29833 29852 29874 29888 29900 29909 29921
30 29927 29938 29949 29963 29976 29997 30017 30040 30061 30080 30093 30097 30103 30112 30124 30131 30139 30151 30163 30190 30208 30229 30240 30255
