01 29819 29810 29808 29812 29807 29813 29818 29820 29828 29823 29820 29808 29794 29780 29776 29778 29782 29772 29776 29786 29786 29784 29774 29776
02 29769 29758 29736 29730 29719 29716 29712 29704 29694 29682 29665 29647 29635 29621 29599 29593 29589 29593 29591 29588 29597 29595 29589 29588
03 29587 29583 29581 29585 29589 29593 29597 29609 29618 29623 29625 29619 29609 29609 29603 29608 29627 29641 29659 29665 29677 29691 29691 29701
04 29707 29715 29721 29724 29733 29741 29755 29778 29799 29809 29809 29806 29811 29817 29823 29838 29851 29872 29890 29909 29917 29930 29945 29961
05 29973 29977 29991 29999 30007 30023 30045 30069 30087 30087 30095 30093 30100 30099 30108 30112 30124 30153 30174 30181 30191 30211 30225 30245
06 30251 30255 30255 30263 30261 30275 30287 30297 30303 30291 30293 30285 30283 30269 30249 30245 30252 30263 30255 30251 30261 30261 30250 30229
07 30206 30201 30183 30197 30176 30175 30161 30151 30143 30131 30095 30077 30059 30028 30019 29992 29975 29963 29953 29951 29931 29921 29905 29885
08 29871 29845 29829 29835 29833 29843 29855 29869 29879 29888 29889 29895 29894 29902 29895 29911 29918 29943 29935 29960 29963 29957 29963 29961
09 29963 29965 29967 29969 29969 29973 29985 29987 29991 29988 29976 29974 29950 29944 29930 29907 29892 29898 29886 29876 29862 29844 29828 29800
10 29774 29748 29718 29700 29676 29658 29646 29628 29612 29604 29583 29552 29518 29485 29457 29436 29413 29398 29374 29344 29315 29324 29344 29360
11 29366 29382 29382 29382 29384 29382 29397 29411 29405 29407 29395 29404 29393 29389 29385 29373 29375 29374 29377 29375 29360 29361 29357 29357
12 29355 29347 29349 29356 29369 29391 29411 29437 29461 29467 29484 29502 29514 29514 29518 29522 29520 29524 29515 29520 29478 29463 29418 29356
13 29283 29226 29185 29174 29166 29172 29173 29184 29198 29174 29184 29190 29194 29216 29230 29228 29245 29249 29248 29242 29248 29240 29236 29234
14 29213 29214 29188 29184 29174 29182 29172 29180 29198 29199 29203 29191 29159 29137 29105 29063 29027 28998 28993 28951 28898 28855 28821 28767
15 28706 28645 28587 28589 28597 28649 28803 28939 29015 29099 29149 29185 29217 29229 29251 29275 29287 29277 29263 29187 29173 29185 29209 29251
16 29313 29375 29421 29455 29503 29535 29570 29615 29647 29697 29722 29739 29747 29773 29787 29809 29829 29849 29861 29871 29874 29867 29853 29849
17 29845 29845 29819 29825 29833 29845 29861 29889 29899 29911 29928 29935 29930 29927 29935 29939 29939 29953 29955 29953 29961 29963 29969 29963
18 29955 29945 29938 29939 29939 29935 29937 29945 29939 29937 29929 29911 29890 29887 29871 29851 29853 29851 29851 29845 29837 29833 29831 29823
19 29811 29795 29788 29783 29781 29773 29768 29777 29773 29769 29757 29750 29731 29718 29697 29676 29669 29671 29661 29660 29655 29663 29655 29663
20 29645 29647 29641 29633 29639 29640 29641 29649 29653 29655 29657 29649 29643 29633 29624 29619 29623 29625 29613 29605 29585 29571 29559 29541
21 29523 29496 29465 29429 29403 29379 29363 29345 29325 29311 29295 29272 29251 29224 29207 29193 29183 29181 29176 29192 29211 29211 29213 29223
22 29219 29225 29209 29210 29212 29201 29204 29211 29195 29174 29140 29115 29110 29114 29120 29140 29165 29188 29212 29234 29260 29270 29278 29288
23 29288 29288 29264 29251 29220 29192 29164 29128 29094 29064 29016 28984 28932 28894 28857 28850 28840 28844 28860 28874 28888 28898 28926 28938
24 28924 28928 28930 28928 28950 28966 28980 28998 29006 29020 29023 29024 29021 29019 29009 29011 29005 29001 28985 28963 28949 28943 28933 28925
25 28919 28901 28885 28875 28873 28865 28873 28883 28890 28889 28889 28887 28883 28901 28905 28931 28955 28983 28995 29009 29043 29067 29095 29123
26 29143 29169 29187 29215 29237 29269 29297 29317 29345 29377 29394 29401 29401 29407 29415 29421 29428 29445 29441 29435 29427 29419 29409 29407
27 29391 29363 29331 29315 29295 29275 29253 29249 29247 29255 29253 29265 29275 29283 29276 29291 29297 29303 29319 29323 29351 29355 29359 29372
28 29389 29403 29438 29436 29451 29493 29521 29553 29567 29587 29621 29627 29637 29640 29653 29657 29647 29660 29659 29645 29627 29611 29579 29559
29 29525 29491 29421 29377 29311 29263 29213 29181 29131 29091 29068 29047 29020 29016 28998 29014 29034 29066 29076 29098 29124 29162 29174 29196
30 29208 29234 29248 29266 29274 29280 29272 29284 29287 29250 29213 29165 29105 29059 29019 28991 28971 28967 28983 28977 29003 29041 29149 29239
31 29311 29349 29403 29439 29491 29515 29551 29581 29591 29639 29660 29662 29662 29661 29664 29680 29702 29712 29708 29718 29738 29758 29776 29810
