01 29881 29874 29868 29866 29856 29852 29844 29844 29832 29821 29797 29774 29759 29750 29737 29722 29721 29717 29711 29712 29720 29720 29720 29721
02 29716 29707 29697 29689 29689 29692 29689 29684 29674 29667 29660 29648 29647 29642 29636 29621 29629 29641 29656 29661 29656 29656 29660 29654
03 29651 29636 29629 29628 29628 29633 29628 29627 29619 29613 29605 29601 29598 29618 29605 29591 29603 29608 29611 29620 29625 29631 29633 29638
04 29645 29648 29645 29651 29655 29662 29678 29689 29693 29702 29704 29710 29707 29722 29723 29734 29748 29756 29763 29772 29776 29780 29781 29779
05 29778 29778 29774 29768 29771 29769 29771 29776 29779 29783 29785 29784 29780 29780 29774 29775 29770 29771 29770 29773 29775 29777 29770 29769
06 29763 29761 29755 29755 29757 29767 29774 29780 29787 29792 29801 29798 29804 29812 29816 29817 29822 29832 29849 29860 29867 29874 29874 29876
07 29870 29866 29859 29867 29876 29892 29902 29912 29927 29938 29943 29949 29960 29977 29981 29987 29994 30004 30007 30015 30024 30023 30022 30026
08 30025 30020 30010 30004 30007 30009 30007 30005 30002 30000 29994 29993 29989 29986 29981 29982 29972 29971 29971 29962 29949 29940 29929 29916
09 29894 29870 29854 29837 29822 29821 29820 29829 29836 29841 29841 29851 29864 29872 29871 29874 29874 29874 29879 29882 29884 29886 29880 29874
10 29858 29847 29827 29797 29781 29772 29758 29731 29694 29677 29658 29651 29633 29613 29613 29586 29613 29635 29636 29655 29675 29672 29678 29680
11 29683 29683 29682 29680 29690 29701 29706 29713 29709 29716 29723 29734 29737 29740 29755 29760 29772 29780 29785 29800 29806 29810 29815 29812
12 29806 29804 29794 29792 29796 29796 29791 29780 29769 29749 29740 29737 29730 29722 29699 29675 29658 29659 29656 29651 29652 29648 29641 29628
13 29622 29610 29597 29592 29580 29575 29568 29556 29550 29540 29535 29532 29534 29534 29534 29528 29516 29511 29509 29506 29506 29498 29486 29474
14 29458 29439 29420 29407 29390 29381 29374 29370 29362 29358 29362 29360 29357 29348 29340 29342 29338 29334 29342 29342 29350 29341 29338 29321
15 29308 29295 29290 29285 29273 29270 29270 29267 29260 29250 29238 29232 29223 29218 29195 29172 29158 29162 29167 29177 29181 29189 29199 29208
16 29213 29213 29224 29227 29241 29254 29265 29285 29302 29310 29330 29337 29343 29343 29355 29352 29353 29359 29369 29369 29375 29380 29377 29371
17 29373 29366 29356 29352 29346 29343 29356 29359 29367 29369 29374 29378 29382 29384 29384 29384 29384 29390 29404 29413 29411 29423 29423 29426
18 29431 29442 29459 29474 29489 29506 29522 29527 29546 29567 29584 29594 29606 29618 29629 29644 29654 29664 29671 29682 29694 29702            
19                                                       29644 29637 29615 29602 29578 29550 29533 29513 29497 29485 29476 29488 29485 29482 29498
20 29508 29522 29527 29538 29545 29545 29553 29555 29568 29578 29584 29588 29597 29609 29612 29614 29621 29640 29661 29665 29682 29688 29694 29694
21 29686 29676 29671 29662 29647 29642 29629 29624 29609 29597 29596 29588 29572 29567 29568 29557 29561 29563 29568 29569 29574 29562 29563 29557
22 29537 29527 29504 29490 29488 29481 29470 29467 29456 29454 29447 29437 29431 29422 29425 29420 29419 29418 29431 29445 29445 29437 29422 29414
23 29407 29394 29381 29381 29382 29383 29383 29382 29374 29363 29354 29344 29321 29289 29242 29222 29204 29193 29193 29194 29201 29209 29219 29229
24 29237 29223 29219 29214 29209 29213 29221 29221 29224 29232 29238 29248 29253 29261 29291 29303 29316 29331 29333 29345 29370 29378 29376 29381
25 29382 29396 29411 29422 29438 29456 29456 29472 29492 29499 29510 29524 29537 29550 29568 29584 29587 29607 29622 29634 29637 29644 29634 29625
26 29624 29623 29620 29624 29630 29632 29643 29638 29632 29632 29632 29629 29629 29643 29656 29666 29674 29688 29700 29721 29740 29763 29780 29791
27 29798 29805 29808 29813 29817 29829 29838 29841 29844 29849 29853 29859 29863 29862 29867 29866 29861 29862 29865 29873 29871 29882 29879 29879
28 29868 29869 29870 29868 29867 29875 29875 29872 29871 29859 29858 29865 29857 29858 29860 29858 29861 29859 29865 29870 29862 29851 29843 29817
29 29782 29753 29730 29741 29757 29776 29792 29816 29837 29834 29858 29865 29856 29864 29867 29869 29882 29883 29896 29913 29921 29920 29922 29932
30 29935 29938 29930 29933 29926 29932 29932 29919 29912 29898 29894 29889 29891 29892 29884 29881 29872 29871 29872 29872 29871 29867 29855 29839
31 29820 29803 29792 29807 29806 29814 29818 29829 29819 29811 29797 29806 29784 29785 29779 29769 29759 29747 29737 29736 29738 29740 29740 29738
