01 29958 29957 29955 29939 29942 29940 29940 29942 29938 29937 29936 29918 29900 29876 29866 29855 29848 29842 29841 29830 29817 29809 29798 29777
02 29767 29752 29733 29725 29717 29710 29704 29711 29712 29711 29716 29712 29703 29698 29693 29696 29697 29705 29715 29711 29707 29709 29707 29704
03 29698 29678 29663 29651 29642 29631 29631 29636 29633 29639 29641 29643 29633 29627 29615 29604 29599 29599 29598 29597 29593 29587 29585 29577
04 29575 29564 29555 29541 29535 29531 29530 29529 29521 29524 29534 29534 29527 29515 29504 29503 29511 29520 29528 29539 29545 29546 29546 29542
05 29537 29533 29528 29525 29522 29518 29522 29525 29528 29523 29517 29509 29501 29486 29471 29464 29473 29497 29512 29525 29536 29548 29553 29560
06 29569 29571 29561 29557 29559 29567 29571 29565 29564 29563 29557 29534 29515 29483 29463 29431 29396 29362 29333 29289 29243 29204 29163 29141
07 29141 29135 29125 29122 29121 29098 29095 29079 29060 29066 29085 29107 29100 29123 29163 29203 29250 29298 29361 29410 29440 29475 29500 29510
08 29540 29550 29557 29554 29563 29583 29598 29609 29626 29630 29635 29642 29649 29651 29656 29669 29682 29696 29706 29708 29722 29727 29735 29733
09 29731 29727 29716 29715 29711 29707 29708 29708 29711 29714 29700 29679 29671 29651 29635 29624 29618 29619 29617 29616 29622 29619 29616 29617
10 29609 29606 29604 29597 29594 29591 29599 29600 29605 29605 29607 29603 29600 29593 29591 29590 29589 29604 29619 29622 29627 29636 29642 29661
11 29670 29682 29689 29695 29697 29711 29729 29745 29754 29764 29761 29760 29751 29745 29732 29711 29709 29693 29676 29673 29666 29639 29625 29584
12 29567 29548 29506 29472 29446 29399 29373 29332 29296 29279 29255 29238 29220 29205 29196 29196 29186 29187 29193 29207 29208 29225 29220 29219
13 29210 29203 29223 29230 29240 29254 29270 29295 29296 29308 29303 29304 29314 29321 29333 29354 29375 29402 29420 29431 29438 29439 29438 29431
14 29441 29439 29420 29395 29377 29377 29391 29377 29388 29402 29402 29413 29417 29425 29421 29424 29423 29448 29457 29472 29467 29469 29465 29471
15 29466 29466 29464 29462 29461 29448 29437 29420 29403 29397 29377 29363 29353 29319 29287 29255 29225 29190 29170 29156 29140 29124 29114 29107
16 29101 29094 29087 29048 29026 29024 29006 29009 29011 29020 29017 29018 29020 29020 29020 29034 29032 29029 29038 29035 29035 29043 29052 29062
17 29070 29074 29074 29076 29078 29083 29090 29098 29107 29118 29122 29129 29133 29130 29133 29134 29134 29136 29141 29146 29150 29144 29147 29143
18 29148 29156 29152 29143 29138 29131 29143 29151 29153 29151 29156 29165 29160 29160 29153 29155 29149 29156 29169 29179 29186 29197 29200 29210
19 29213 29213 29212 29210 29217 29224 29230 29242 29242 29240 29235 29226 29217 29206 29196 29185 29180 29187 29187 29190 29181 29169 29161 29159
20 29157 29142 29129 29124 29118 29117 29109 29107 29097 29097 29101 29089 29086 29057 29056 29056 29059 29062 29071 29072 29070 29066 29065 29062
21 29058 29056 29046 29036 29032 29030 29036 29040 29044 29054 29049 29047 29045 29044 29047 29053 29065 29083 29103 29126 29145 29154 29164 29168
22 29177 29184 29183 29195 29204 29219 29233 29249 29262 29278 29291 29301 29303 29305 29323 29327 29339 29354 29367 29380 29382 29379 29376 29373
23 29371 29371 29351 29334 29322 29313 29304 29299 29281 29262 29243 29210 29182 29142 29105 29076 29056 29033 29008 28994 28973 28943 28926 28902
24 28880 28849 28822 28798 28791 28783 28780 28770 28774 28784 28796 28780 28771 28738 28720 28697 28696 28685 28680 28669 28658 28645 28610 28587
25 28579 28558 28533 28526 28526 28534 28536 28529 28542 28568 28578 28602 28614 28635 28652 28668 28684 28720 28738 28770 28787 28813 28817 28838
26 28841 28840 28855 28848 28846 28851 28850 28862 28854 28852 28836 28835 28826 28813 28800 28789 28786 28788 28790 28793 28798 28808 28811 28819
27 28818 28812 28808 28811 28808 28818 28834 28836 28846 28849 28851 28853 28848 28852 28853 28860 28874 28892 28913 28957 28982 29011 29036 29054
28 29082 29096 29108 29123 29137 29157 29186 29208 29224 29250 29268 29284 29292 29299 29306 29318 29331 29355 29364 29386 29393 29401 29404 29404
29 29412 29406 29402 29408 29410 29406 29418 29429 29431 29431 29433 29433 29425 29425 29426 29440 29439 29448 29460 29475 29474 29472 29471 29480
30 29489 29497 29501 29513 29526 29551 29565 29586 29599 29610 29613 29620 29621 29629 29630 29633 29632 29643 29649 29653 29653 29647 29646 29643
31 29634 29630 29614 29605 29608 29610 29607 29596 29597 29588 29595 29582 29565 29551 29536 29524 29539 29552 29561 29574 29577 29585 29587 29604
