01 30044 30047 30047 30047 30063 30084 30104 30115 30115 30127 30131 30137 30139 30146 30138 30145 30153 30145 30146 30148 30153 30149 30139 30133
02 30121 30118 30104 30088 30076 30081 30079 30076 30067 30057 30055 30053 30053 30040 30025 30005 29995 29988 29985 29978 29978 29967 29955 29947
03 29936 29923 29915 29901 29896 29895 29883 29885 29883 29875 29877 29869 29861 29843 29835 29818 29811 29801 29799 29801 29794 29786 29786 29791
04 29799 29786 29777 29763 29763 29767 29775 29773 29759 29751 29748 29738 29722 29706 29696 29688 29679 29676 29676 29680 29684 29674 29671 29669
05 29658 29647 29637 29621 29616 29616 29616 29611 29611 29609 29615 29607 29605 29595 29575 29571 29563 29557 29553 29557 29575 29583 29583 29579
06 29571 29569 29557 29547 29550 29557 29557 29557 29559 29565 29567 29561 29562 29562 29552 29547 29543 29543 29547 29553 29559 29559 29559 29559
07 29557 29555 29551 29551 29551 29561 29567 29570 29572 29577 29589 29593 29596 29599 29596 29586 29585 29581 29583 29589 29593 29589 29577 29575
08 29557 29534 29518 29501 29493 29481 29469 29463 29451 29441 29438 29416 29403 29384 29364 29343 29332 29316 29310 29298 29291 29270 29256 29255
09 29240 29228 29206 29188 29165 29156 29144 29140 29143 29150 29154 29146 29154 29149 29139 29140 29144 29154 29164 29188 29206 29219 29228 29234
10 29241 29249 29256 29259 29256 29264 29270 29266 29264 29264 29269 29269 29269 29275 29264 29257 29251 29244 29239 29241 29247 29244 29243 29245
11 29241 29234 29235 29233 29237 29242 29257 29267 29272 29277 29282 29282 29282 29282 29282 29280 29278 29278 29282 29290 29291 29288 29282 29274
12 29268 29260 29256 29256 29261 29266 29280 29288 29289 29296 29306 29306 29314 29321 29320 29334 29342 29364 29380 29395 29416 29430 29443 29454
13 29460 29468 29478 29488 29501 29508 29516 29525 29530 29534 29532 29530 29532 29516 29497 29495 29492 29468 29450 29420 29416 29398 29370 29352
14 29328 29306 29276 29242 29222 29230 29244 29252 29268 29278 29290 29304 29322 29336 29352 29370 29384 29409 29437 29474 29499 29528 29547 29578
15 29602 29622 29629 29636 29658 29674 29682 29692 29702 29720 29746 29757 29770 29780 29787 29796 29806 29820 29828 29836 29850 29852 29850 29856
16 29852 29850 29846 29834 29834 29832 29836 29828 29826 29828 29823 29819 29819 29819 29805 29797 29775 29779 29784 29775 29773 29759 29730 29697
17 29659 29613 29563 29507 29457 29429 29423 29411 29407 29424 29452 29477 29521 29554 29579 29613 29627 29649 29673 29701 29723 29743 29757 29777
18 29792 29799 29821 29827 29837 29857 29873 29889 29902 29912 29921 29925 29930 29933 29931 29938 29936 29927 29915 29919 29927 29921 29921 29921
19 29911 29893 29873 29865 29845 29828 29833 29831 29837 29841 29832 29819 29801 29797 29790 29797 29809 29811 29817 29838 29851 29862 29877 29893
20 29895 29902 29903 29910 29919 29927 29933 29943 29945 29942 29947 29961 29963 29962 29963 29963 29963 29971 29975 29985 29995 29999 29997 30007
21 30002 30002 30003 30009 30015 30035 30035 30037 30040 30039 30043 30037 30039 30031 30025 30025 30025 30025 30027 30040 30047 30043 30043 30043
22 30034 30031 30033 30031 30034 30039 30041 30047 30047 30053 30049 30047 30043 30040 30037 30037 30035 30032 30029 30032 30034 30035 30033 30031
23 30022 30015 30005 30004 30007 30009 30009 30012 30007 30007 30014 30010 30005 30006 30003 30006 30004 30008 30012 30016 30022 30024 30022 30020
24 30012 30014 30008 30010 30016 30024 30024 30026 30025 30032 30039 30041 30040 30038 30035 30035 30037 30039 30041 30046 30059 30055 30055 30053
25 30045 30039 30041 30038 30043 30051 30053 30055 30051 30047 30041 30041 30034 30032 30032 30027 30029 30025 30032 30034 30049 30049 30041 30034
26 30024 30017 30014 30009 30009 30012 30014 30012 30002 29997 29997 29991 29981 29971 29961 29947 29929 29922 29911 29901 29897 29881 29859 29841
27 29809 29781 29757 29727 29713 29687 29664 29644 29621 29572 29555 29535 29501 29467 29431 29403 29349 29285 29241 29190 29159 29110 29071 29057
28 29061 29053 29058 29060 29057 29057 29057 29055 29053 29055 29070 29082 29098 29118 29140 29170 29195 29226 29250 29278 29307 29325 29335 29346
29 29352 29359 29362 29358 29362 29367 29366 29376 29374 29369 29380 29367 29365 29357 29349 29350 29343 29341 29341 29345 29357 29365 29371 29369
30 29369 29367 29369 29372 29382 29394 29403 29409 29413 29419 29420 29426 29422 29426 29424 29414 29406 29399 29378 29372 29374 29370 29364 29338
31 29206 29278 29241 29229 29236 29244 29241 29270 29266 29272 29295 29295 29290 29286 29263 29230 29207 29183 29191 29183 29166 29147 29123 29079
