01 29603 29605 29596 29597 29594 29595 29599 29600 29606 29601 29591 29590 29585 29585 29581 29566 29553 29555 29556 29572 29563 29566 29567 29575
02 29574 29585 29569 29555 29548 29544 29544 29546 29536 29529 29506 29497 29472 29445 29426 29393 29359 29339 29321 29308 29289 29270 29252 29227
03 29198 29165 29144 29125 29104 29088 29072 29036 29020 28998 28995 28964 28924 28866 28805 28774 28734 28693 28664 28641 28638 28620 28612 28620
04 28623 28628 28634 28652 28675 28688 28714 28707 28704 28708 28691 28685 28663 28634 28603 28535 28497 28499 28510 28538 28548 28589 28610 28641
05 28665 28694 28705 28720 28743 28752 28773 28784 28799 28818 28839 28832 28833 28847 28833 28864 28871 28891 28904 28934 28949 28958 28974 28979
06 28980 28988 28999 29000 29007 29021 29023 29027 29036 29041 29040 29039 29042 29039 29031 29031 29034 29039 29053 29065 29071 29078 29079 29092
07 29091 29097 29109 29118 29127 29154 29163 29175 29190 29194 29214 29188 29178 29171 29160 29151 29163 29154 29162 29176 29182 29191 29195 29199
08 29196 29201 29201 29202 29203 29224 29239 29247 29257 29257 29250 29242 29238 29234 29227 29227 29221 29222 29234 29240 29229 29230 29229 29216
09 29205 29194 29191 29185 29170 29171 29179 29188 29200 29203 29201 29204 29205 29200 29198 29206 29213 29211 29212 29210 29210 29208 29196 29194
10 29182 29165 29155 29142 29135 29134 29130 29136 29137 29135 29133 29132 29129 29126 29127 29130 29131 29144 29163 29174 29182 29183 29191 29201
11 29202 29212 29210 29214 29229 29255 29267 29289 29307 29319 29333 29346 29358 29367 29382 29389 29412 29446 29471 29508 29534 29551 29573 29592
12 29601 29611 29613 29622 29629 29638 29652 29662 29661 29663 29654 29650 29650 29641 29638 29625 29617 29613 29609 29609 29609 29600 29593 29588
13 29572 29561 29552 29545 29537 29545 29545 29551 29556 29561 29563 29565 29571 29573 29570 29578 29580 29590 29602 29621 29623 29637 29649 29651
14 29662 29663 29662 29662 29667 29682 29695 29706 29720 29723 29731 29728 29734 29729 29725 29724 29722 29717 29719 29725 29730 29722 29726 29721
15 29721 29700 29685 29681 29674 29661 29663 29650 29641 29650 29637 29607 29589 29560 29525 29512 29504 29498 29479 29474 29464 29449 29422 29422
16 29398 29368 29351 29336 29331 29342 29343 29339 29337 29343 29337 29333 29337 29335 29339 29354 29362 29380 29402 29435 29451 29447 29453 29455
17 29446 29447 29451 29453 29450 29453 29453 29466 29470 29478 29466 29458 29456 29445 29439 29437 29426 29417 29419 29427 29438 29422 29415 29406
18 29399 29385 29377 29369 29364 29365 29364 29374 29383 29394 29397 29395 29401 29403 29392 29413 29422 29443 29452 29461 29466 29484 29497 29509
19 29512 29519 29538 29545 29557 29576 29602 29615 29631 29642 29650 29654 29662 29665 29673 29687 29694 29718 29736 29769 29785 29794 29802 29817
20 29813 29811 29819 29825 29817 29827 29828 29827 29825 29821 29807 29794 29783 29776 29766 29753 29750 29747 29743 29744 29738 29724 29710 29698
21 29684 29658 29634 29613 29596 29570 29539 29524 29506 29471 29451 29418 29396 29372 29346 29333 29323 29317 29314 29310 29302 29287 29283 29269
22 29272 29245 29232 29221 29212 29213 29215 29216 29212 29206 29204 29201 29199 29188 29173 29169 29168 29167 29163 29164 29155 29153 29149 29138
23 29133 29124 29117 29103 29102 29107 29113 29109 29105 29106 29103 29096 29092 29086 29095 29093 29101 29125 29137 29152 29165 29179 29188 29199
24 29211 29230 29240 29251 29268 29289 29300 29316 29322 29329 29330 29340 29350 29354 29347 29356 29362 29380 29399 29422 29433 29434 29447 29461
25 29467 29476 29478 29484 29498 29503 29513 29532 29535 29537 29535 29533 29534 29538 29533 29540 29547 29558 29573 29585 29600 29606 29598 29596
26 29600 29607 29606 29605 29604 29602 29608 29623 29628 29622 29623 29619 29617 29604 29601 29600 29601 29609 29611 29620 29622 29639 29640 29622
27 29621 29610 29590 29583 29594 29595 29586 29591 29587 29587 29576 29567 29551 29528 29509 29494 29481 29472 29468 29470 29477 29488 29480 29456
28 29439 29436 29437 29435 29439 29440 29448 29458 29462 29463 29470 29472 29466 29468 29470 29471 29472 29478 29494 29504 29512 29518 29515 29513
29 29509 29504 29504 29502 29505 29517 29522 29534 29534 29538 29550 29557 29563 29561 29569 29574 29586 29603 29621 29645 29665 29678 29681 29685
30 29687 29698 29703 29716 29724 29742 29748 29757 29765 29775 29784 29787 29792 29810 29825 29850 29857 29867 29884 29902 29923 29932 29950 29961
