01 29632 29630 29630 29631 29628 29620 29615 29620 29622 29623 29622 29625 29627 29628 29621 29631 29641 29643 29649 29664 29666 29686 29705 29726
02 29748 29762 29769 29766 29760 29755 29739 29733 29709 29661 29608 29557 29486 29419 29359 29264 29209 29168 29184 29166 29198 29298 29399 29449
03 29506 29532 29542 29538 29518 29492 29492 29492 29469 29454 29445 29455 29485 29482 29485 29489 29498 29495 29499 29500 29498 29502 29481 29478
04 29474 29470 29470 29489 29515 29538 29575 29608 29654 29710 29750 29787 29821 29843 29860 29873 29886 29894 29905 29902 29890 29876 29866 29823
05 29792 29765 29744 29723 29700 29674 29654 29634 29637 29657 29693 29743 29784 29805 29837 29867 29897 29917 29934 29959 29971 29975 29979 29981
06 29997 29967 29956 29932 29907 29877 29847 29833 29797 29764 29731 29699 29679 29680 29640 29627 29632 29620 29612 29592 29601 29620 29627 29659
07 29660 29669 29680 29675 29677 29691 29701 29715 29717 29728 29737 29732 29731 29740 29735 29747 29771 29784 29800 29806 29818 29811 29803 29806
08 29799 29795 29780 29784 29778 29772 29771 29767 29766 29755 29751 29740 29722 29711 29690 29675 29667 29664 29666 29674 29664 29664 29661 29660
09 29656 29656 29650 29659 29669 29681 29682 29677 29692 29692 29703 29701 29694 29690 29679 29673 29661 29637 29609 29580 29546 29520 29491 29472
10 29461 29477 29501 29524 29554 29569 29593 29650 29654 29677 29709 29734 29746 29744 29754 29759 29766 29766 29766 29751 29727 29707 29677 29651
11 29613 29554 29497 29440 29369 29283 29243 29224 29217 29219 29253 29317 29389 29453 29514 29561 29596 29629 29663 29674 29691 29701 29707 29717
12 29714 29687 29676 29653 29608 29576 29529 29484 29432 29380 29362 29337 29315 29287 29284 29293 29307 29311 29311 29309 29307 29317 29311 29316
13 29309 29309 29309 29310 29316 29327 29340 29350 29371 29393 29403 29424 29429 29452 29456 29486 29506 29532 29552 29565 29583 29602 29614 29626
14 29636 29651 29658 29655 29656 29631 29618 29608 29606 29606 29585 29563 29541 29526 29517 29503 29494 29498 29498 29484 29485 29485 29483 29471
15 29475 29459 29471 29466 29466 29460 29443 29431 29425 29395 29389 29382 29329 29278 29254 29237 29212 29199 29205 29234 29252 29287 29305 29313
16 29307 29299 29267 29233 29205 29190 29202 29210 29219 29246 29265 29292 29315 29327 29337 29371 29383 29395 29405 29438 29458 29483 29500 29518
17 29522 29534 29554 29580 29593 29614 29645 29684 29707 29730 29750 29771 29788 29785 29800 29810 29821 29827 29831 29835 29825 29811 29798 29778
18 29768 29761 29750 29737 29737 29725 29728 29747 29757 29757 29765 29761 29755 29743 29737 29728 29720 29717 29712 29703 29691 29673 29650 29630
19 29612 29586 29563 29528 29520 29515 29507 29503 29493 29473 29453 29423 29384 29346 29303 29269 29223 29187 29149 29112 29090 29074 29062 29066
20 29077 29097 29110 29127 29141 29148 29154 29161 29166 29174 29186 29194 29207 29226 29244 29291 29332 29377 29417 29440 29465 29492 29522 29535
21 29551 29571 29598 29606 29619 29650 29677 29702 29722 29764 29809 29834 29850 29865 29887 29916 29940 29959 29972 29982 29996 30009 30010 30003
22 30000 29983 29970 29949 29933 29894 29852 29819 29784 29727 29688 29664 29638 29622 29612 29605 29611 29617 29631 29654 29709 29744 29771 29786
23 29802 29815 29821 29822 29835 29835 29855 29872 29879 29874 29868 29848 29820 29796 29765 29735 29700 29658 29622 29570 29536 29486 29436 29418
24 29398 29360 29337 29323 29315 29317 29308 29293 29268 29237 29211 29187 29167 29139 29111 29104 29119 29117 29115 29095 29081 29069 29039 29022
25 29011 28985 28949 28941 28901 28892 28882 28857 28867 28881 28935 28962 28978 29003 29011 29027 29040 29062 29072 29067 29067 29075 29061 29077
26 29075 29099 29119 29124 29162 29182 29212 29242 29271 29305 29329 29362 29402 29433 29444 29458 29483 29502 29512 29527 29537 29549 29556 29563
27 29566 29562 29572 29565 29579 29589 29602 29602 29613 29626 29650 29656 29675 29680 29690 29701 29703 29721 29736 29751 29769 29786 29813 29843
28 29865 29896 29926 29950 29978 30002 30029 30063 30089 30105 30127 30153 30155 30162 30164 30168 30185 30182 30199 30209 30208 30206 30203 30202
