01 29082 29050 29003 28981 28912 28912 28904 28888 28854 28825 28809 28805 28807 28849 28886 28923 28963 29013 29039 29069 29103 29105 29073 29049
02 29045 29059 29119 29157 29185 29213 29225 29225 29235 29245 29264 29270 29266 29270 29276 29270 29284 29290 29299 29316 29330 29340 29340 29340
03 29346 29346 29338 29334 29326 29322 29321 29312 29288 29282 29258 29246 29216 29194 29169 29152 29144 29147 29160 29174 29202 29224 29234 29242
04 29244 29238 29238 29252 29270 29290 29306 29320 29339 29326 29329 29325 29317 29305 29293 29264 29245 29227 29215 29213 29195 29175 29157 29143
05 29175 29171 29179 29181 29173 29171 29193 29227 29271 29321 29365 29438 29454 29474 29481 29497 29515 29531 29539 29545 29551 29555 29553 29549
06 29541 29533 29513 29507 29501 29489 29486 29476 29473 29457 29446 29431 29404 29382 29358 29322 29296 29300 29338 29370 29402 29426 29438 29458
07 29469 29478 29494 29508 29522 29544 29566 29592 29606 29622 29627 29641 29651 29661 29661 29665 29665 29673 29678 29687 29704 29711 29719 29709
08 29709 29705 29697 29693 29689 29690 29687 29688 29683 29668 29647 29637 29619 29609 29581 29563 29535 29519 29603 29499 29503 29495 29501 29501
09 29505 29505 29507 29527 29541 29553 29571 29595 29611 29629 29623 29638 29656 29658 29660 29662 29654 29656 29660 29666 29672 29664 29663 29661
10 29650 29636 29624 29624 29624 29624 29614 29616 29612 29609 29607 29606 29606 29603 29604 29593 29601 29612 29611 29633 29636 29641 29637 29635
11 29645 29637 29639 29639 29645 29659 29675 29677 29687 29685 29687 29689 29680 29684 29672 29680 29666 29674 29692 29682 29676 29660 29664 29659
12 29630 29618 29587 29576 29570 29565 29574 29579 29574 29560 29576 29573 29571 29573 29580 29571 29563 29567 29583 29582 29603 29609 29615 29623
13 29619 29617 29613 29623 29627 29636 29641 29655 29671 29672 29681 29685 29677 29671 29671 29677 29671 29679 29685 29699 29709 29717 29733 29739
14 29739 29731 29733 29745 29763 29765 29766 29771 29777 29775 29763 29757 29755 29749 29745 29747 29745 29751 29760 29771 29783 29793 29801 29810
15 29817 29825 29821 29827 29835 29839 29844 29835 29834 29833 29834 29832 29822 29818 29814 29814 29815 29820 29824 29832 29834 29852 29850 29846
16 29848 29852 29852 29853 29850 29853 29852 29858 29852 29843 29844 29828 29812 29806 29794 29780 29770 29766 29768 29774 29780 29793 29796 29800
17 29790 29789 29777 29778 29772 29768 29758 29764 29760 29756 29748 29743 29739 29728 29729 29720 29714 29712 29726 29728 29736 29744 29746 29745
18 29738 29736 29735 29737 29737 29746 29748 29748 29744 29744 29739 29732 29720 29713 29710 29706 29712 29716 29727 29732 29742 29750 29750 29754
19 29754 29750 29746 29753 29754 29766 29764 29762 29768 29766 29762 29758 29748 29748 29744 29738 29736 29736 29741 29744 29751 29752 29748 29748
20 29748 29742 29738 29732 29724 29715 29713 29708 29703 29692 29673 29660 29648 29635 29621 29612 29607 29607 29603 29608 29617 29628 29628 29629
21 29621 29608 29594 29584 29577 29578 29578 29580 29565 29546 29513 29492 29469 29455 29436 29418 29394 29386 29376 29372 29368 29366 29354 29330
22 29300 29282 29260 29239 29206 29188 29172 29157 29139 29118 29108 29094 29096 29066 29058 29056 29052 29054 29057 29065 29083 29097 29115 29128
23 29123 29128 29148 29152 29176 29216 29258 29306 29340 29376 29396 29422 29434 29458 29468 29486 29495 29514 29538 29554 29574 29596 29605 29613
24 29631 29638 29646 29656 29670 29684 29690 29698 29702 29708 29719 29718 29724 29724 29733 29737 29741 29737 29743 29753 29767 29767 29763 29757
25 29750 29733 29733 29731 29719 29710 29706 29705 29705 29705 29703 29701 29695 29689 29677 29657 29647 29639 29634 29637 29639 29637 29632 29625
26 29600 29584 29570 29561 29547 29543 29539 29545 29549 29544 29544 29556 29564 29566 29562 29574 29571 29568 29574 29590 29604 29614 29630 29644
27 29651 29652 29658 29672 29682 29696 29710 29722 29738 29755 29756 29776 29780 29786 29776 29786 29789 29798 29806 29808 29810 29811 29802 29798
28 29798 29803 29792 29810 29818 29818 29818 29818 29817 29812 29825 29824 29813 29813 29802 29803 29801 29793 29787 29773 29779 29782 29775 29771
29 29769 29759 29745 29745 29735 29741 29747 29745 29739 29743 29743 29747 29743 29745 29746 29763 29757 29761 29747 29743 29753 29763 29775 29779
30 29781 29781 29785 29791 29811 29817 29826 29823 29811 29815 29818 29811 29805 29816 29801 29783 29783 29778 29766 29758 29758 29756 29745 29740
