01 29557 29555 29564 29578 29572 29570 29564 29583 29581 29582 29576 29581 29582 29568 29574 29577 29583 29595 29606 29618 29640 29661 29673 29682
02 29684 29679 29668 29651 29626 29587 29551 29510 29466 29422 29351 29287 29216 29184 29221 29245 29339 29437 29510 29558 29599 29617 29628 29628
03 29609 29607 29585 29577 29559 29553 29544 29536 29556 29558 29582 29597 29605 29606 29602 29602 29601 29596 29597 29605 29606 29604 29609 29617
04 29630 29643 29659 29683 29708 29727 29769 29811 29842 29876 29900 29922 29931 29933 29935 29935 29946 29949 29953 29947 29935 29933 29921 29912
05 29888 29878 29865 29843 29841 29825 29815 29814 29830 29836 29858 29854 29863 29852 29866 29869 29887 29904 29911 29919 29927 29926 29930 29931
06 29919 29910 29891 29859 29844 29837 29831 29822 29807 29810 29811 29801 29787 29766 29766 29748 29742 29730 29733 29727 29714 29699 29693 29687
07 29689 29716 29735 29750 29768 29780 29785 29791 29800 29818 29835 29853 29858 29856 29862 29873 29887 29911 29919 29927 29938 29945 29953 29955
08 29960 29954 29952 29943 29928 29937 29937 29940 29942 29936 29936 29936 29911 29897 29890 29883 29887 29891 29886 29879 29877 29866 29871 29863
09 29844 29833 29819 29805 29805 29793 29789 29780 29782 29766 29743 29729 29705 29678 29671 29659 29635 29627 29614 29602 29583 29576 29555 29558
10 29562 29558 29569 29581 29588 29585 29601 29618 29635 29643 29645 29652 29654 29636 29628 29621 29610 29609 29586 29560 29537 29512 29476 29438
11 29399 29375 29360 29394 29442 29447 29464 29483 29496 29513 29538 29545 29564 29585 29583 29612 29616 29607 29604 29592 29581 29565 29524 29500
12 29463 29404 29329 29278 29234 29218 29262 29289 29321 29335 29358 29377 29390 29388 29381 29381 29369 29367 29361 29358 29359 29362 29366 29375
13 29383 29387 29389 29385 29384 29398 29403 29406 29426 29437 29449 29461 29469 29477 29501 29514 29529 29555 29568 29575 29581 29584 29589 29575
14 29576 29568 29557 29561 29556 29542 29535 29539 29531 29536 29544 29552 29544 29536 29532 29521 29528 29527 29509 29511 29515 29513 29510 29509
15 29494 29465 29458 29443 29417 29398 29379 29366 29338 29313 29297 29263 29226 29253 29255 29293 29324 29353 29375 29392 29420 29428 29440 29448
16 29448 29453 29453 29453 29454 29453 29477 29495 29531 29544 29562 29588 29590 29595 29602 29607 29632 29652 29673 29695 29713 29723 29728 29737
17 29741 29760 29761 29770 29777 29785 29796 29828 29835 29849 29857 29858 29848 29840 29835 29824 29823 29827 29827 29817 29809 29810 29791 29780
18 29770 29756 29752 29750 29756 29765 29772 29779 29787 29795 29790 29787 29760 29734 29726 29713 29705 29698 29691 29662 29664 29669 29668 29656
19 29655 29649 29640 29623 29616 29610 29602 29599 29586 29563 29538 29513 29466 29419 29361 29276 29179 29112 29091 29080 29085 29072 29073 29111
20 29142 29181 29208 29249 29299 29332 29358 29359 29384 29382 29391 29386 29397 29386 29388 29398 29437 29485 29522 29562 29611 29646 29672 29704
21 29739 29753 29767 29779 29794 29801 29818 29849 29851 29855 29858 29867 29854 29860 29866 29879 29901 29923 29941 29959 29973 29990 29992 29994
22 29998 29992 29997 29993 29986 29977 29971 29948 29916 29895 29882 29839 29806 29785 29763 29756 29746 29755 29777 29803 29842 29846 29851 29857
23 29874 29885 29890 29896 29904 29912 29909 29925 29931 29914 29908 29903 29869 29850 29831 29830 29813 29804 29800 29793 29781 29755 29720 29688
24 29684 29652 29630 29601 29573 29556 29530 29505 29489 29471 29451 29445 29434 29434 29423 29410 29404 29403 29407 29391 29372 29362 29340 29319
25 29285 29257 29226 29199 29191 29184 29184 29199 29201 29198 29183 29183 29171 29157 29136 29119 29091 29075 29049 29035 28999 28975 28948 28933
26 28892 28957 29012 29079 29143 29213 29274 29329 29371 29411 29454 29472 29491 29513 29518 29547 29576 29602 29624 29641 29648 29650 29631 29616
27 29617 29605 29608 29643 29666 29690 29712 29724 29752 29765 29789 29808 29818 29823 29839 29856 29871 29886 29919 29934 29952 29965 29972 29988
28 30004 30018 30023 30025 30039 30056 30064 30086 30102 30121 30123 30132 30137 30131 30124 30123 30121 30122 30132 30139 30131 30122 30107 30100
