01 30199 30192 30181 30176 30169 30165 30160 30160 30155 30147 30144 30139 30129 30129 30121 30109 30100 30096 30089 30082 30083 30067 30055 30042
02 30027 30019 30016 30015 30012 30007 30004 29999 29992 29982 29973 29969 29956 29949 29947 29953 29962 29973 29973 29982 30000 30008 30006 30002
03 29907 29999 29998 29990 29980 29978 29973 29958 29951 29934 29917 29886 29873 29846 29823 29820 29808 29790 29780 29760 29756 29752 29740 29731
04 29720 29710 29696 29687 29676 29666 29650 29618 29596 29562 29535 29504 29469 29450 29425 29403 29368 29340 29308 29282 29258 29238 29223 29249
05 29267 29263 29263 29273 29289 29290 29290 29285 29285 29276 29275 29264 29260 29260 29259 29266 29285 29290 29307 29320 29330 29336 29347 29354
06 29360 29357 29361 29371 29377 29387 29393 29405 29414 29436 29445 29449 29454 29464 29468 29477 29477 29493 29503 29516 29524 29527 29522 29507
07 29494 29495 29499 29510 29527 29549 29546 29554 29556 29585 29575 29583 29585 29599 29621 29641 29641 29650 29665 29684 29705 29717 29730 29740
08 29747 29755 29763 29787 29809 29824 29854 29876 29887 29910 29923 29939 29963 29981 29997 30009 30023 30039 30049 30064 30075 30087 30087 30094
09 30099 30103 30108 30104 30106 30108 30119 30127 30138 30146 30145 30148 30148 30149 30151 30152 30151 30145 30143 30149 30151 30146 30138 30126
10 30118 30114 30099 30085 30073 30069 30057 30050 30039 30032 30025 30021 30012 30013 30002 29996 29985 29987 29992 29997 30004 30006 29999 29992
11 29989 29979 29966 29961 29950 29948 29939 29937 29932 29927 29918 29925 29914 29914 29908 29896 29894 29894 29891 29891 29897 29899 29897 29895
12 29897 29887 29881 29886 29887 29888 29891 29893 29899 29899 29899 29900 29904 29906 29912 29916 29919 29924 29934 29935 29944 29951 29953 29950
13 29951 29951 29952 29960 29968 29974 29976 29983 29984 29995 30009 30010 30008 30001 29995 29996 29995 29997 30009 30020 30028 30029 30029 30018
14 30016 30006 30000 29991 29989 29990 29988 29990 29978 29972 29972 29964 29953 29941 29931 29921 29912 29911 29910 29907 29908 29907 29902 29900
15 29890 29880 29869 29863 29864 29866 29864 29861 29865 29862 29866 29862 29860 29856 29848 29850 29849 29853 29863 29867 29879 29883 29887 29900
16 29901 29897 29899 29900 29903 29910 29917 29921 29922 29926 29926 29925 29924 29925 29920 29922 29914 29916 29915 29912 29915 29915 29912 29909
17 29901 29895 29890 29897 29892 29895 29896 29896 29900 29899 29890 29895 29910 29897 29894 29879 29872 29860 29857 29856 29863 29854 29848 29832
18 29820 29811 29807 29784 29779 29772 29774 29775 29775 29772 29765 29755 29749 29741 29732 29707 29698 29694 29690 29692 29690 29695 29691 29690
19 29689 29687 29679 29689 29677 29680 29685 29684 29685 29680 29676 29669 29663 29654 29636 29619 29596 29584 29571 29564 29548 29522 29504 29494
20 29476 29459 29446 29436 29429 29426 29425 29423 29421 29414 29409 29413 29412 29418 29420 29420 29421 29426 29433 29448 29458 29461 29458 29453
21 29435 29430 29405 29385 29368 29355 29335 29323 29309 29288 29268 29246 29236 29229 29230 29205 29198 29205 29197 29201 29209 29189 29184 29183
22 29185 29178 29187 29208 29217 29237 29248 29245 29260 29268 29286 29294 29310 29320 29329 29339 29351 29363 29378 29386 29404 29420 29431 29439
23 29473 29499 29524 29553 29588 29625 29664 29704 29736 29766 29803 29836 29871 29900 29928 29946 29976 30010 30039 30062 30086 30098 30106 30112
24 30112 30111 30102 30096 30074 30069 30067 30063 30060 30050 30023 30005 29995 29984 29960 29945 29937 29907 29900 29876 29864 29845 29837 29800
25 29792 29784 29781 29775 29764 29750 29735 29728 29715 29710 29697 29684 29669 29667 29654 29641 29632 29632 29637 29651 29670 29691 29713 29741
26 29757 29790 29806 29826 29848 29869 29884 29902 29917 29927 29937 29944 29944 29954 29954 29947 29938 29940 29934 29928 29922 29914 29900 29883
27 29860 29845 29817 29788 29764 29757 29734 29721 29701 29679 29674 29666 29657 29654 29644 29663 29677 29684 29694 29704 29716 29720 29724 29726
28 29722 29724 29726 29734 29744 29752 29763 29769 29772 29775 29769 29772 29769 29772 29790 29801 29806 29824 29826 29842 29855 29863 29866 29864
29 29864 29858 29853 29849 29830 29830 29822 29822 29808 29811 29808 29808 29808 29821 29833 29855 29882 29915 29930 29955 29982 30002 30018 30023
30 30029 30030 30034 30033 30025 30015 30008 30002 29987 29959 29944 29912 29872 29852 29809 29759 29736 29686 29706 29689 29681 29662 29658 29651
