01 29929 29921 29914 29911 29895 29905 29905 29902 29914 29934 29929 29917 29915 29930 29942 29947 29955 29968 29976 29988 29994 29998 30000 30003
02 30008 30026 30030 30034 30041 30042 30039 30048 30064 30075 30073 30067 30059 30058 30056 30053 30056 30058 30062 30054 30055 30052 30056 30055
03 30052 30048 30048 30039 30015 30006 30012 30013 30018 30023 30020 30007 29978 29973 29965 29967 29963 29949 29951 29949 29953 29962 29975 29987
04 29984 29995 30006 30013 30025 30033 30041 30063 30081 30097 30105 30110 30107 30112 30120 30137 30146 30166 30185 30206 30217 30230 30238 30252
05 30253 30264 30268 30268 30279 30279 30291 30305 30321 30332 30352 30362 30352 30349 30356 30364 30368 30382 30386 30400 30406 30407 30420 30420
06 30410 30425 30435 30434 30424 30436 30442 30452 30478 30498 30507 30509 30503 30494 30500 30506 30508 30526 30528 30528 30527 30530 30526 30518
07 30512 30504 30513 30506 30510 30508 30518 30519 30534 30537 30531 30525 30505 30489 30484 30474 30474 30475 30469 30469 30469 30465 30459 30449
08 30425 30425 30408 30411 30403 30407 30406 30395 30402 30407 30397 30395 30375 30362 30355 30334 30335 30333 30323 30325 30313 30314 30297 30297
09 30278 30267 30255 30253 30238 30235 30217 30213 30221 30222 30193 30177 30157 30141 30129 30110 30093 30085 30065 30061 30058 30055 30051 30037
10 30021 30009 30005 29985 29965 29952 29935 29937 29941 29953 29946 29922 29901 29889 29875 29870 29858 29848 29837 29847 29822 29811 29782 29761
11 29745 29728 29707 29680 29656 29637 29620 29599 29587 29587 29569 29536 29516 29481 29456 29431 29420 29408 29393 29385 29376 29370 29360 29352
12 29349 29338 29325 29308 29278 29262 29279 29297 29297 29320 29325 29364 29373 29402 29430 29437 29447 29489 29502 29518 29525 29535 29545 29557
13 29554 29545 29546 29543 29549 29538 29542 29550 29556 29561 29554 29542 29534 29529 29523 29529 29537 29561 29556 29577 29593 29613 29628 29640
14 29658 29667 29678 29690 29692 29698 29696 29710 29715 29731 29714 29718 29686 29690 29674 29664 29638 29644 29618 29618 29620 29605 29591 29582
15 29558 29547 29535 29537 29532 29526 29537 29538 29552 29559 29570 29550 29546 29542 29533 29535 29536 29535 29539 29539 29542 29536 29545 29548
16 29551 29534 29548 29540 29534 29538 29538 29548 29552 29550 29549 29536 29528 29520 29514 29520 29525 29525 29526 29526 29530 29531 29532 29535
17 29535 29533 29528 29519 29514 29509 29510 29512 29522 29521 29527 29527 29526 29518 29517 29514 29518 29522 29530 29528 29532 29532 29540 29531
18 29531 29520 29503 29496 29500 29510 29518 29535 29547 29567 29573 29580 29562 29554 29552 29543 29540 29538 29535 29528 29516 29516 29513 29502
19 29489 29484 29463 29454 29450 29448 29459 29474 29486 29498 29487 29478 29470 29466 29467 29468 29468 29472 29481 29478 29480 29492 29491 29504
20 29513 29519 29543 29540 29519 29524 29520 29561 29597 29643 29696 29726 29749 29765 29788 29800 29829 29847 29868 29882 29910 29922 29940 29946
21 29977 29995 29986 30012 30031 30045 30065 30114 30152 30190 30194 30205 30215 30214 30213 30214 30206 30212 30216 30220 30217 30210 30211 30204
22 30185 30176 30158 30150 30132 30112 30092 30090 30089 30088 30083 30073 30063 30055 30042 30037 30037 30032 30033 30031 30027 30021 30016 30005
23 30000 29994 29997 29995 29995 29995 29993 29997 30015 30033 30034 30033 30036 30032 30028 30047 30065 30065 30075 30073 30072 30070 30066 30062
24 30057 30056 30050 30043 30032 30033 30020 30024 30017 30014 29999 29986 29975 29949 29942 29930 29922 29922 29912 29917 29898 29900 29885 29873
25 29866 29858 29843 29822 29814 29800 29786 29796 29792 29786 29771 29757 29739 29725 29710 29699 29686 29677 29673 29673 29658 29650 29632 29617
26 29599 29577 29580 29564 29547 29530 29513 29496 29479 29475 29448 29426 29384 29356 29326 29308 29287 29273 29243 29227 29193 29177 29160 29136
27 29106 29078 29075 29056 29044 29029 29016 29004 29010 29012 28996 28979 28961 28947 28916 28908 28907 28903 28904 28907 28891 28887 28881 28869
28 28869 28873 28869 28851 28851 28836 28835 28836 28838 28829 28824 28832 28826 28817 28808 28800 28796 28797 28782 28779 28766 28764 28752 28734
29 28721 28722 28706 28700 28672 28661 28655 28656 28648 28634 28631 28623 28613 28614 28603 28609 28612 28631 28646 28661 28669 28685 28686 28708
30 28715 28727 28732 28741 28749 28762 28771 28787 28791 28815 28820 28830 28827 28825 28824 28834 28842 28840 28845 28850 28854 28857 28874 28895
31 28911 28938 28947 28960 28983 28988 29022 29044 29077 29096 29127 29142 29155 29175 29187 29208 29221 29247 29259 29287 29298 29316 29327 29343
