01 30040 30046 30041 30038 30038 30044 30041 30054 30068 30076 30070 30067 30063 30061 30062 30056 30054 30052 30059 30058 30049 30046 30043 30052
02 30031 30017 30001 29992 29985 29967 29939 29946 29944 29919 29907 29897 29875 29845 29818 29794 29785 29756 29736 29679 29636 29621 29577 29540
03 29492 29442 29399 29372 29362 29340 29300 29264 29228 29202 29182 29150 29128 29125 29109 29127 29152 29166 29185 29192 29186 29186 29171 29176
04 29168 29156 29146 29129 29108 29101 29088 29090 29094 29088 29092 29093 29082 29077 29079 29087 29079 29082 29079 29077 29071 29063 29049 29029
05 29014 28998 28961 28936 28919 28929 28952 28964 28972 28979 28984 28982 28980 28962 28948 28938 28930 28930 28934 28946 28955 28978 28990 29010
06 29029 29055 29073 29098 29117 29144 29169 29190 29204 29228 29232 29240 29230 29226 29220 29214 29213 29218 29220 29213 29199 29194 29174 29143
07 29119 29097 29077 29057 29043 29048 29053 29076 29094 29127 29154 29180 29202 29225 29247 29288 29317 29367 29414 29458 29502 29533 29558 29596
08 29614 29636 29657 29674 29692 29718 29747 29784 29811 29841 29862 29888 29898 29918 29917 29929 29929 29928 29926 29920 29918 29915 29913 29920
09 29920 29932 29936 29949 29953 29962 29972 29997 29998 30009 30003 30004 30002 29992 30004 30001 29999 29997 30005 30004 30014 30024 30023 30034
10 30045 30054 30060 30064 30065 30074 30089 30100 30111 30120 30138 30151 30152 30154 30143 30141 30136 30145 30148 30156 30150 30150 30147 30145
11 30135 30128 30116 30110 30106 30100 30096 30102 30101 30104 30105 30098 30084 30074 30065 30050 30048 30046 30048 30044 30041 30035 30028 30023
12 30008 29994 29975 29959 29937 29928 29921 29915 29903 29894 29891 29880 29860 29847 29821 29794 29782 29784 29761 29738 29716 29696 29636 29648
13 29624 29606 29570 29542 29500 29462 29431 29411 29397 29401 29416 29411 29419 29426 29422 29430 29428 29443 29450 29474 29498 29539 29558 29592
14 29613 29654 29672 29708 29736 29786 29819 29856 29899 29939 29970 30000 30025 30044 30065 30088 30108 30142 30167 30197 30214 30236 30247 30258
15 30261 30264 30273 30284 30291 30307 30317 30340 30350 30358 30362 30365 30361 30365 30362 30362 30365 30372 30374 30379 30382 30387 30391 30391
16 30386 30382 30370 30359 30357 30354 30359 30369 30378 30393 30392 30394 30397 30389 30391 30399 30407 30421 30428 30437 30448 30457 30469 30476
17 30479 30478 30477 30483 30488 30492 30504 30526 30531 30541 30548 30547 30540 30531 30534 30538 30539 30538 30539 30554 30549 30556 30550 30555
18 30539 30518 30509 30499 30491 30499 30497 30508 30504 30501 30503 30503 30488 30473 30461 30450 30441 30440 30434 30436 30434 30430 30417 30403
19 30391 30367 30355 30348 30337 30327 30324 30318 30311 30307 30303 30284 30263 30248 30230 30213 30192 30171 30162 30152 30144 30130 30119 30097
20 30072 30049 30021 30008 29992 29978 29968 29966 29956 29955 29950 29949 29939 29923 29905 29899 29897 29905 29906 29903 29906 29899 29893 29891
21 29888 29883 29869 29863 29870 29869 29872 29883 29898 29923 29948 29950 29964 29965 29981 29991 30010 30016 30029 30048 30060 30072 30072 30065
22 30056 30049 30033 30022 30018 30024 30024 30031 30029 30024 30033 30035 30030 30024 30000 29975 29950 29947 29933 29919 29899 29861 29830 29780
23 29744 29687 29624 29555 29505 29455 29417 29379 29337 29294 29273 29251 29245 29239 29234 29244 29257 29287 29309 29333 29353 29366 29377 29399
24 29409 29415 29424 29433 29455 29469 29498 29512 29519 29531 29553 29553 29554 29556 29560 29565 29574 29593 29603 29615 29624 29629 29639 29650
25 29660 29669 29668 29666 29673 29687 29703 29713 29709 29728 29731 29723 29729 29724 29716 29721 29711 29719 29721 29743 29754 29767 29771 29771
26 29768 29767 29763 29761 29759 29771 29780 29797 29805 29803 29812 29828 29829 29827 29829 29826 29825 29834 29842 29849 29847 29845 29851 29847
27 29846 29841 29834 29821 29817 29806 29801 29803 29812 29814 29816 29810 29803 29797 29782 29783 29783 29792 29800 29816 29822 29821 29825 29829
28 29832 29830 29825 29825 29824 29833 29842 29852 29857 29855 29857 29861 29856 29845 29832 29833 29834 29843 29852 29854 29851 29850 29852 29852
29 29848 29847 29838 29836 29833 29839 29836 29835 29839 29845 29846 29845 29850 29850 29836 29846 29840 29855 29870 29886 29900 29915 29928 29931
30 29936 29935 29935 29928 29920 29918 29920 29931 29927 29923 29922 29919 29910 29904 29884 29877 29876 29886 29895 29898 29901 29902 29896 29889
31 29886 29874 29856 29854 29850 29858 29863 29858 29851 29847 29835 29832 29817 29808 29788 29785 29779 29779 29787 29797 29800 29798 29795 29791
