01 29832 29836 29850 29868 29880 29886 29902 29920 29938 29955 29976 29984 29972 29954 29958 29960 29956 29954 29950 29948 29936 29918 29902 29896
02 29868 29852 29834 29820 29788 29770 29756 29720 29712 29698 29670 29636 29594 29565 29514 29492 29458 29440 29418 29388 29356 29348 29366 29388
03 29420 29440 29456 29470 29488 29500 29528 29556 29580 29594 29616 29622 29629 29632 29620 29623 29634 29630 29630 29632 29620 29612 29598 29576
04 29566 29550 29524 29499 29476 29452 29436 29422 29406 29396 29361 29328 29290 29246 29210 29186 29160 29154 29124 29110 29094 29084 29076 29089
05 29088 29096 29098 29122 29142 29166 29172 29216 29236 29262 29279 29281 29283 29283 29283 29265 29278 29278 29263 29249 29243 29215 29193 29165
06 29149 29125 29089 29087 29089 29097 29104 29127 29137 29137 29139 29131 29111 29085 29063 29037 29029 29001 28985 28964 28959 28953 28965 28961
07 29006 29035 29041 29054 29075 29079 29103 29127 29143 29153 29156 29159 29162 29158 29162 29180 29192 29204 29216 29232 29240 29252 29264 29274
08 29274 29272 29282 29286 29298 29301 29308 29322 29330 29346 29343 29341 29333 29333 29333 29317 29323 29317 29299 29281 29265 29253 29233 29205
09 29167 29133 29096 29065 29047 29053 29057 29057 29051 29048 29028 29000 28980 28960 28930 28930 28908 28908 28901 28890 28883 28870 28846 28820
10 28790 28756 28732 28718 28720 28720 28724 28726 28728 28699 28671 28641 28633 28661 28681 28680 28701 28725 28739 28745       28799 28809 28824
11 28825 28825 28819 28805 28795 28769 28735 28697 28669 28581 28549 28490 28423 28335 28261 28213 28149 28110 28097 28111 28121 28133 28129 28148
12 28158 28167 28177 28217 28245 28259 28293 28313 28343 28381 28396 28416 28420 28428 28440 28448 28474 28492 28508 28546 28566 28592 28608 28636
13 28662 28686 28710 28734 28762 28796 28820 28864 28896 28932 28950 28968 28996 29024 29054 29088 29126 29154 29180 29216 29254 29278 29316 29344
14 29372 29402 29422 29451 29470 29504 29530 29568 29594 29610 29623 29622 29613 29613 29611 29615 29612 29623 29603 29599 29585 29575 29563 29573
15 29573 29581 29591 29623 29653 29693 29723 29753 29783 29807 29808 29804 29786 29768 29748 29735 29730 29702 29680 29652 29606 29600 29564 29558
16 29574 29602 29608 29644 29662 29690 29722 29744 29780 29816 29828 29850 29860 29870 29880 29894 29908 29918 29922 29936 29938 29958 29958 29962
17 29962 29954 29952 29946 29954 29958 29960 29956 29958 29948 29937 29906 29888 29870 29854 29842 29834 29826 29804 29787 29774 29761 29744 29722
18 29694 29664 29631 29610 29594 29580 29564 29552 29554 29586 29586 29572 29568 29568 29568 29578 29574 29578 29580 29578 29574 29578 29568 29552
19 29538 29528 29502 29480 29460 29438 29414 29396 29358 29327 29280 29230 29170 29115 29076 29052 29088 29110 29116 29118 29110 29109 29097 29076
20 29046 29034 29012 28996 28990 29000 29030 29080 29116 29154 29179 29197 29209 29225 29248 29270 29285 29305 29323 29347 29347 29357 29351 29349
21 29355 29355 29347 29335 29323 29315 29289 29276 29257 29235 29189 29139 29067 29013 28953 28903 28853 28811 28765 28711 28667 28653 28644 28643
22 28625 28612 28603 28597 28569 28551 28527 28523 28511 28499 28500 28482 28478 28482 28470 28475 28456 28428 28450 28502 28538 28560 28562 28560
23 28602 28628 28710 28760 28802 28883 28926 28978 29012 29058 29086 29114 29136 29158 29182 29184 29204 29202 29214 29219 29220 29224 29222 29214
24 29204 29200 29186 29166 29155 29136 29120 29106 29090 29076 29056 29022 28987 28982 28954 28948 28948 28958 28968 28998 29018 29044 29074 29118
25 29157 29194 29222 29256 29286 29308 29318 29322 29358 29378 29385 29401 29405 29423 29440 29476 29497 29504 29515 29526 29531 29542 29531 29525
26 29523 29515 29509 29495 29479 29459 29452 29451 29431 29417 29397 29373 29333 29297 29259 29213 29171 29117 29069 29017 28945 28885 28819 28781
27 28745 28741 28743 28740 28753 28795 28785 28807 28811 28823 28822 28802 28786 28764 28744 28728 28718 28698 28682 28686 28686 28684 28694 28688
28 28684 28692 28680 28668 28668 28666 28676 28683 28684 28697 28690 28695 28686 28690 28682 28696 28696 28700 28686 28666 28644 28612 28556 28512
29 28464 28412 28374 28322 28282 28266 28242 28270 28268 28302 28320 28340 28348 28361 28382 28395 28410 28430 28434 28442 28447 28454 28462 28462
30 28480 28478 28484 28488 28496 28506 28506 28504 28500 28498 28492 28491 28482 28474 28478 28480 28484 28480 28492 28496 28502 28514 28542 28554
