01 30173 30163 30155 30149 30149 30145 30141 30149 30149 30153 30146 30136 30118 30094 30079 30072 30061 30072 30072 30068 30061 30062 30054 30056
02 30058 30050 30046 30030 30026 30016 30008 30013 30016 30020 30028 30024 30014 30008 29998 29998 29989 29989 29994 29987 29979 29976 29971 29964
03 29958 29941 29922 29904 29902 29894 29894 29894 29894 29888 29886 29886 29872 29852 29839 29834 29832 29828 29834 29834 29836 29838 29841 29838
04 29834 29828 29818 29811 29801 29796 29792 29792 29788 29786 29794 29794 29796 29792 29796 29808 29822 29842 29848 29852 29854 29859 29859 29854
05 29849 29847 29844 29842 29839 29838 29846 29846 29851 29851 29857 29847 29835 29821 29815 29807 29802 29799 29794 29799 29797 29803 29807 29813
06 29809 29805 29802 29802 29802 29807 29812 29815 29823 29825 29826 29816 29807 29794 29772 29760 29744 29739 29726 29712 29679 29650 29628 29600
07 29576 29560 29536 29504 29476 29444 29428 29458 29474 29496 29511 29515 29513 29503 29497 29497 29512 29516 29525 29559 29573 29603 29631 29657
08 29686 29707 29725 29744 29763 29791 29817 29833 29847 29861 29875 29881 29887 29889 29887 29887 29903 29925 29934 29949 29965 29979 29984 29984
09 29989 29987 29979 29973 29969 29973 29975 29976 29977 29976 29975 29967 29956 29941 29927 29911 29893 29867 29856 29849 29841 29829 29819 29813
10 29806 29799 29785 29777 29771 29767 29769 29773 29778 29777 29778 29778 29774 29764 29756 29752 29747 29750 29752 29760 29759 29762 29766 29774
11 29778 29778 29785 29798 29812 29844 29872 29894 29916 29937 29954 29976 29982 29990 30000 30002 30006 30016 30017 30014 30016 30014 30004 29987
12 29964 29940 29915 29894 29864 29864 29868 29859 29850 29842 29822 29802 29785 29756 29733 29712 29718 29724 29730 29742 29753 29766 29766 29778
13 29778 29772 29765 29775 29778 29796 29810 29810 29824 29851 29864 29879 29879 29862 29853 29859 29864 29877 29894 29906 29907 29911 29929 29931
14 29934 29914 29923 29909 29909 29899 29899 29895 29904 29903 29910 29902 29902 29895 29888 29880 29870 29874 29883 29885 29882 29885 29886 29886
15 29880 29880 29870 29858 29858 29854 29846 29844 29838 29826 29811 29797 29783 29757 29734 29711 29689 29677 29659 29642 29629 29615 29595 29582
16 29557 29543 29521 29506 29492 29484 29483 29482 29483 29479 29478 29488 29474 29464 29460 29452 29440 29436 29436 29438 29440 29442 29448 29458
17 29453 29456 29448 29441 29441 29438 29440 29452 29476 29474 29473 29477 29481 29479 29481 29475 29483 29481 29489 29489 29489 29492 29492 29489
18 29481 29475 29462 29444 29434 29431 29431 29430 29437 29433 29435 29431 29427 29413 29401 29393 29395 29396 29406 29404 29406 29411 29409 29401
19 29395 29385 29374 29365 29364 29361 29361 29361 29371 29367 29355 29345 29334 29318 29312 29300 29292 29290 29290 29283 29284 29278 29266 29250
20 29245 29232 29222 29204 29190 29183 29185 29183 29182 29182 29186 29182 29170 29156 29152 29162 29161 29163 29168 29170 29176 29190 29196 29203
21 29212 29216 29212 29206 29210 29216 29224 29233 29244 29252 29256 29258 29264 29264 29274 29281 29293 29310 29341 29360 29380 29393 29410 29418
22 29434 29446 29446 29460 29473 29481 29498 29542 29548 29560 29576 29594 29603 29603 29608 29622 29628 29636 29648 29660 29666 29656 29651 29642
23 29633 29614 29582 29556 29540 29516 29501 29474 29438 29388 29339 29284 29241 29200 29173 29141 29164 29166 29170 29190 29196 29209 29214 29213
24 29218 29212 29198 29176 29164 29150 29133 29101 29054 29008 28967 28895 28822 28752 28694 28655 28620 28606 28594 28576 28557 28542 28538 28532
25 28530 28518 28507 28494 28482 28494 28504 28514 28526 28536 28546 28555 28567 28577 28596 28610 28635 28670 28704 28734 28760 28784 28804 28822
26 28835 28850 28864 28876 28896 28912 28928 28940 28952 28958 28974 28974 28978 28975 28976 28985 28998 29006 29010 29015 29020 29018 29016 29016
27 29011 28998 28991 28980 28974 28962 28953 28985 29003 29022 29049 29083 29113 29142 29173 29187 29203 29233 29239 29259 29271 29286 29301 29315
28 29335 29344 29354 29361 29376 29401 29419 29433 29447 29469 29486 29487 29488 29502 29506 29503 29510 29528 29532 29540 29536 29542 29538 29534
29 29542 29536 29532 29534 29539 29552 29558 29570 29574 29582 29587 29593 29600 29617 29617 29625 29629 29647 29657 29683 29698 29711 29726 29735
30 29737 29746 29753 29763 29766 29785 29813 29829 29848 29859 29868 29872 29880 29892 29895 29916 29932 29946 29954 29967 29982 29984 29994 30005
31 30002 30002 29994 29996 29992 29997 30007 30007 30005 30014 30009 29997 29994 29994 29992 29982 29979 29967 29971 29977 29979 29979 29983 29975
