01 29058 29031 29007 28976 28957 28962 28969 28970 28974 28975 28974 28985 28991 29018 29020 29043 29082 29114 29109 29103 29065 29042 29061 29095
02 29124 29155 29171 29189 29213 29223 29229 29235 29246 29250 29259 29263 29246 29250 29253 29279 29284 29292 29308 29317 29325 29329 29312 29285
03 29270 29257 29254 29231 29209 29194 29178 29176 29170 29167 29161 29174 29170 29167 29169 29169 29179 29212 29235 29257 29284 29317 29335 29344
04 29360 29369 29380 29394 29399 29415 29420 29441 29462 29472 29474 29463 29455 29449 29450 29452 29431 29419 29378 29346 29323 29254 29224 29189
05 29181 29149 29121 29085 29070 29109 29167 29253 29321 29390 29423 29466 29499 29507 29515 29508 29507 29502 29502 29501 29486 29475 29466 29467
06 29470 29464 29463 29458 29455 29454 29455 29464 29455 29465 29452 29452 29466 29464 29464 29476 29477 29498 29499 29511 29542 29553 29569 29582
07 29584 29588 29599 29600 29609 29617 29630 29648 29657 29677 29689 29701 29713 29721 29738 29741 29746 29761 29779 29792 29805 29818 29822 29822
08 29817 29805 29793 29770 29764 29752 29735 29726 29698 29675 29650 29616 29595 29576 29562 29541 29537 29529 29518 29520 29529 29534 29542 29547
09 29552 29560 29569 29575 29578 29606 29619 29643 29659 29674 29678 29689 29701 29702 29702 29703 29694 29695 29702 29702 29709 29707 29706 29693
10 29692 29678 29664 29647 29636 29620 29608 29596 29600 29611 29627 29641 29652 29660 29676 29680 29689 29694 29696 29699 29711 29719 29726 29728
11 29729 29737 29746 29755 29762 29779 29807 29819 29826 29838 29840 29842 29842 29829 29833 29834 29830 29831 29845 29836 29842 29854 29845 29833
12 29842 29839 29824 29819 29811 29812 29812 29809 29810 29802 29799 29805 29807 29796 29797 29792 29785 29777 29790 29793 29806 29814 29822 29828
13 29825 29821 29811 29805 29812 29821 29825 29825 29830 29829 29832 29833 29835 29832 29824 29818 29824 29827 29827 29835 29849 29862 29869 29878
14 29875 29872 29872 29870 29878 29884 29885 29893 29898 29897 29894 29893 29892 29889 29891 29887 29892 29891 29893 29897 29905 29921 29920 29924
15 29928 29924 29919 29926 29934 29932 29945 29944 29951 29959 29952 29962 29953 29951 29948 29936 29928 29933 29938 29940 29942 29940 29946 29941
16 29941 29936 29928 29935 29938 29942 29950 29957 29966 29966 29952 29936 29939 29936 29928 29925 29917 29918 29920 29921 29927 29927 29919 29924
17 29921 29919 29915 29915 29911 29919 29921 29930 29932 29936 29928 29925 29920 29916 29906 29899 29901 29901 29900 29905 29910 29911 29909 29917
18 29914 29910 29905 29906 29899 29908 29906 29909 29913 29909 29902 29898 29889 29891 29893 29889 29883 29888 29885 29883 29884 29885 29890 29886
19 29885 29878 29884 29876 29878 29883 29886 29901 29908 29915 29912 29916 29910 29907 29905 29900 29894 29894 29903 29903 29900 29907 29899 29900
20 29894 29883 29874 29871 29867 29864 29864 29863 29860 29863 29851 29835 29826 29805 29800 29787 29771 29774 29772 29773 29769 29768 29767 29770
21 29763 29750 29731 29725 29706 29697 29700 29693 29694 29675 29654 29638 29618 29595 29576 29555 29548 29535 29538 29519 29504 29496 29481 29456
22 29428 29403 29382 29364 29346 29333 29327 29313 29308 29299 29311 29305 29312 29305 29303 29329 29337 29352 29368 29399 29410 29432 29450 29471
23 29487 29514 29516 29542 29554 29585 29594 29625 29646 29663 29681 29700 29713 29720 29734 29753 29766 29781 29803 29820 29836 29872 29887 29896
24 29910 29912 29917 29932 29938 29937 29943 29951 29957 29953 29943 29942 29934 29929 29927 29927 29932 29924 29932 29936 29941 29932 29921 29917
25 29903 29894 29884 29875 29864 29860 29852 29854 29851 29852 29854 29851 29848 29832 29816 29813 29819 29818 29815 29806 29793 29778 29764 29737
26 29717 29698 29696 29690 29682 29679 29682 29696 29709 29715 29726 29727 29735 29751 29756 29771 29800 29806 29815 29822 29840 29867 29882 29883
27 29888 29899 29903 29909 29920 29925 29930 29951 29960 29969 29968 29967 29967 29956 29962 29969 29956 29956 29960 29964 29978 29984 29979 29979
28 29986 29981 29983 29982 29991 29972 29979 29973 29956 29947 29924 29915 29901 29907 29900 29882 29870 29854 29851 29832 29835 29826 29821 29818
29 29812 29796 29808 29802 29807 29818 29821 29833 29849 29858 29894 29898 29905 29907 29911 29911 29927 29926 29933 29939 29948 29961 29968 29967
30 29968 29968 29973 29968 29974 29987 29986 29981 29978 29971 29981 29974 29962 29955 29952 29943 29928 29928 29925 29914 29912 29902 29897 29886
