01 28858 28879 28905 28930 28961 28995 29037 29081 29120 29153 29183 29203 29224 29247 29279 29303 29334 29369 29393 29417 29445 29477 29507 29535
02 29557 29583 29599 29615 29633 29657 29687 29727 29753 29801 29825 29835 29844 29863 29877 29903 29923 29933 29951 29975 29992 30005 30009 30017
03 30010 30007 30007 30003 29997 30003 30007 30015 30015 30019 30021 30009 29993 29971 29967 29965 29963 29963 29965 29963 29957 29935 29925 29903
04 29891 29886 29868 29853 29841 29833 29825 29830 29836 29837 29838 29814 29796 29786 29791 29790 29790 29801 29800 29796       29801            
05                                           29758       29751 29743 29716 29686 29674 29660 29624 29620 29582 29543 29530 29488 29446 29390 29350
06 29290 29268 29262 29250 29242 29233 29225 29222 29226 29252 29267 29285 29284 29322 29364 29395 29424 29475 29500 29528 29564 29590 29607 29620
07 29645 29657 29665 29675 29684 29695 29692 29714 29732 29740 29739 29732 29711 29699 29696 29710 29716 29734 29746 29766 29788 29806 29826 29856
08 29870 29916 29932 29940 29963 29974 29996 30016 30034 30060 30059 30053 30043 30045 30040 30049 30042 30037 30031 30031 30019 30011 29999 29985
09 29975 29962 29945 29931 29917 29905 29897 29895 29899 29889 29884 29850 29823 29798 29790 29774 29760 29756 29742 29734 29723 29710 29698 29680
10 29674 29653 29638 29614 29605 29600 29601 29610 29621 29632 29641 29635 29651 29661 29674 29691 29719 29751 29773 29793 29804 29809 29817 29827
11 29849 29849 29863 29869 29887 29899 29909 29925 29937 29935 29943 29915 29890 29861 29850 29821 29797 29761 29760 29760 29739 29705 29677 29645
12 29608 29583 29565 29585 29597 29617 29639 29661 29695 29723 29747 29749 29750 29763 29795 29802 29807 29807 29813 29817 29807 29783 29772 29764
13 29762 29765 29779 29779 29777 29769 29779 29781 29783 29790 29788 29790 29782 29770 29776 29788 29806 29838 29853 29878 29896 29916 29934 29948
14 29954 29984 30010 30028 30038 30054 30076 30106 30130 30151 30160 30163 30163 30178 30195 30215 30231 30247 30249 30272 30280 30281 30283 30295
15 30288 30287 30281 30277 30277 30285 30283 30283 30297 30301 30295 30283 30270 30255 30253 30245 30237 30235 30239 30243 30232 30247 30253 30255
16 30253 30270 30288 30283 30280 30271 30273 30299 30309 30315 30310 30297 30290 30275 30273 30277 30283 30282 30287 30287 30288 30287 30277 30275
17 30271 30283 30275 30268 30267 30267 30263 30265 30273 30279 30286 30266 30244 30234 30232 30234 30239 30246 30242 30254 30274 30281 30306 30324
18 30326 30339 30352 30359 30354 30366 30368 30384 30402 30422 30420 30400 30397 30389 30386 30387 30387 30387 30387 30377 30384 30379 30377 30370
19 30362 30366 30366 30356 30342 30337 30340 30342 30344 30370 30385 30376 30374 30371 30375 30391 30406 30417 30431 30429 30438 30444 30441 30439
20 30436 30439 30439 30435 30426 30426 30425 30435 30441 30439 30437 30427 30412 30402 30396 30392 30387 30384 30384 30386 30382 30374 30372 30374
21 30365 30360 30352 30340 30324 30324 30324 30326 30322 30324 30321 30306 30285 30276 30281 30275 30268 30275 30278 30276 30271 30267 30255 30248
22 30229 30227 30227 30217 30197 30191 30176 30171 30158 30157 30139 30114 30084 30057 30049 30034 30010 30000 29978 29962 29936 29907 29889 29874
23 29854 29848 29842 29816 29814 29824 29870 29910 29932 29989 30025 30027 30029 30046 30067 30081 30091 30098 30115 30107 30103 30086 30076 30057
24 30027 30004 29989 29954 29915 29881 29846 29809 29795 29783       29703 29681 29680 29683 29693 29705 29713                   29725            
25                                           29673       29645 29633 29597       29523 29497 29467 29433 29397 29371 29335 29275 29223 29191 29221
26 29261 29271 29261 29258 29253 29269 29291 29327 29345 29357 29372 29373 29369 29383 29393 29401 29412 29421 29431 29442 29450 29468 29468 29461
27 29462 29467 29471 29465 29450 29445 29457 29473 29497 29517 29533 29535 29555 29567 29595 29623 29641 29663 29683 29711 29733 29755 29778 29785
28 29785 29805 29825 29836 29828 29821 29819 29823 29808 29795 29765 29719 29681 29657 29651 29661 29657 29642 29637 29623 29607 29579 29559 29540
29 29523 29497 29465 29453 29427 29419 29432 29455 29475 29487 29504 29500 29500 29512 29520 29522 29521 29531 29554 29561 29574 29586 29592 29592
30 29586 29586 29582 29580 29554 29538 29539 29542 29518 29496 29472 29430 29380 29334 29296 29301 29300 29351 29392 29464 29514 29558 29600 29652
31 29698 29750 29799 29838 29866 29904 29946 29996 30036 30072 30102 30112 30119 30129 30145 30160 30161 30166 30172 30175 30181 30179 30170 30159
