01 29924 29912 29912 29919 29926 29934 29954 29960 29960 29969 29973 29971 29960 29957 29952 29952 29949 29951 29953 29957 29955 29951 29940 29931
02 29925 29911 29890 29881 29855 29851 29855 29850 29840 29837 29809 29797 29783 29772 29749 29737 29715 29705 29707 29703 29707 29701 29686 29683
03 29679 29665 29647 29649 29661 29679 29687 29694 29699 29709 29724 29729 29735 29747 29755 29761 29774 29780 29783 29787 29803 29817 29831 29829
04 29849 29853 29853 29859 29864 29879 29906 29923 29933 29947 29962 29964 29962 29964 29976 29988 29999 30012 30028 30036 30044 30052 30072 30076
05 30078 30070 30072 30074 30087 30100 30114 30132 30152 30160 30164 30169 30168 30168 30165 30174 30187 30206 30228 30248 30266 30275 30290 30302
06 30314 30312 30316 30328 30342 30345 30358 30378 30387 30396 30403 30403 30398 30396 30383 30382 30383 30388 30400 30412 30400 30405 30400 30393
07 30388 30371 30360 30356 30362 30373 30368 30368 30368 30360 30346 30342 30326 30308 30293 30285 30278 30266 30258 30258 30230 30236 30223 30208
08 30182 30171 30150 30130 30120 30108 30113 30120 30103 30088 30087 30073 30067 30065 30065 30053 30053 30078 30083 30087 30109 30117 30131 30137
09 30141 30145 30145 30145 30145 30148 30160 30167 30171 30176 30178 30175 30158 30142 30135 30124 30122 30112 30116 30122 30115 30106 30092 30077
10 30066 30049 30052 30010 29994 29984 29978 29976 29972 29962 29953 29926 29897 29875 29856 29836 29824 29813 29799 29783 29768 29753 29731 29717
11 29731 29735 29768 29778 29791 29813 29841 29863 29876 29883 29890 29897 29890 29882 29874 29870 29862 29870 29866 29860 29854 29857 29847 29838
12 29832 29826 29816 29815 29812 29812 29826 29847 29859 29859 29870 29881 29867 29867 29862 29851 29840 29831 29815 29801 29795 29777 29773 29753
13 29747 29733 29719 29715 29709 29710 29713 29715 29717 29719 29719 29705 29695 29677 29659 29645 29631 29625 29605 29593 29573 29557 29548 29547
14 29535 29528 29523 29521 29520 29495 29477 29475 29467 29437 29420 29391 29364 29324 29292 29254 29202 29161 29129 29072 29008 28937 28871      
15                                           29601 29654 29700 29739 29761 29777 29803 29811 29827 29851 29873 29888 29907 29927 29983 29938 29935
16 29933 29928 29923 29921 29923 29935 29961 29983 30006 30031 30042 30056 30064 30076 30094 30110 30144 30162 30180 30189 30210 30221 30226 30230
17 30234 30222 30214 30221 30221 30221 30224 30230 30237 30238 30237 30229 30213 30199 30188 30183 30175 30170 30167 30169 30171 30165 30161 30147
18 30136 30119 30107 30103 30098 30093 30093 30101 30103 30098 30102 30089 30078 30071 30061 30058 30051 30058 30052 30046 30046 30052 30051 30034
19 30036 30032 30024 30022 30006 30012 30018 30022 30033 30036 30030 30029 30009 29998 29986 29994 29996 29998 29989 29974 29974 29976 29964 29960
20 29956 29940 29932 29922 29916 29908 29908 29913 29912 29906 29909 29897 29874 29867 29854 29841 29831 29829 29819 29797 29775 29756 29735 29715
21 29685 29655 29629 29611 29593 29579 29575 29572 29565 29551 29533 29517 29491 29491 29494 29499 29519 29533 29543 29549 29559 29575 29582 29576
22 29576 29577 29585 29585 29579 29575 29567 29567 29549 29541 29533 29522 29491 29533 29547 29561 29581 29605 29615 29623 29625 29621 29609 29591
23 29565 29533 29487 29441 29409 29349 29312 29271 29245 29235 29221 29195 29193 29211 29231 29235 29255 29289 29296 29311 29321 29339 29339 29346
24 29363 29365 29369 29371 29379 29379 29385 29397 29389 29387 29379 29363 29345 29325 29320 29323 29308 29299 29285 29267 29235 29223 29205 29173
25 29127 29079 29026 28973 28955 28949 28956 28977 28989 29003 29017 29043 29085 29115 29155 29191 29227 29257 29281 29301 29329 29359 29387 29417
26 29439 29474 29489 29519 29540 29565 29593 29627 29657 29677 29693 29694 29697 29711 29723 29723 29723 29733 29737 29733 29724 29717 29707 29699
27 29683 29673 29655 29647 29635 29633 29633 29629 29617 29633 29645 29643 29653 29657 29673 29684 29699 29715 29743 29753 29766 29789 29805 29823
28 29845 29853 29857 29864 29867 29885 29901 29923 29933 29939 29954 29950 29949 29940 29926 29918 29898 29891 29876 29850 29828 29822 29782 29766
29 29728 29682 29646 29591 29546 29514 29491 29470 29429 29404 29386 29370 29378 29392 29423 29436 29440 29466 29470 29478 29486 29520 29534 29568
30 29567 29606 29604 29614 29630 29640 29630 29630 29630 29616 29593 29558 29528 29498 29490 29490 29492 29524 29554 29584 29620 29704 29761 29802
31 29832 29876 29906 29934 29964 29994 30010 30044 30073 30082 30110 30115 30119 30129 30131 30149 30151 30165 30190 30195 30203 30209 30215 30215
