01 29873 29874 29879 29886 29900 29915 29929 29948 29961 29976 29988 29992 29996 30002 30015 30023 30024 30032 30041 30062 30063 30070 30072 30073
02 30084 30083 30081 30080 30073 30066 30063 30066 30058 30052 30049 30034 30016 29994 29972 29970 29954 29947 29942 29988 30029 30058 30099 30128
03 30151 30170 30182 30194 30209 30217 30215 30228 30231 30232 30215 30197 30184 30147 30129 30113 30101 30095 30083 30067 30057 30049 30043 30034
04 30023 30017 30016 30015 30022 30019 30037 30057 30078 30109 30133 30148 30167 30174 30196 30209 30231 30262 30283 30306 30322 30336 30347 30350
05 30344 30340 30338 30335 30328 30328 30326 30325 30320 30316 30311 30299 30293 30277 30273 30259 30257 30255 30255 30259 30263 30260 30260 30261
06 30261 30259 30256 30257 30249 30255 30261 30273 30270 30268 30265 30257 30236 30216 30206 30195 30189 30187 30190 30189 30191 30175 30167 30164
07 30149 30147 30131 30123 30117 30120 30123 30123 30123 30121 30123 30126 30108 30096 30095 30100 30100 30101 30111 30125 30147 30161 30163 30155
08 30153 30150 30149 30149 30155 30154 30153 30168 30179 30188 30195 30188 30178 30171 30170 30170 30163 30154 30153 30154 30159 30151 30147 30144
09 30138 30136 30117 30113 30101 30097 30090 30086 30080 30071 30057 30052 30028 30010 30001 30002 30002 30007 30002 29992 29990 29976 29966 29957
10 29937 29925 29909 29893 29878 29870 29873 29872 29878 29873 29891 29907 29906 29903 29907 29909 29919 29937 29938 29949 29958 29951 29954 29952
11 29945 29933 29904 29882 29865 29837 29806 29791 29789 29806 29816 29821 29827 29832 29837 29853 29866 29891 29908 29913 29918 29911 29930 29931
12 29926 29923 29918 29893 29869 29865 29847 29823 29794 29746 29712 29680 29657 29622 29623 29671 29694 29715 29728 29736 29743 29744 29744 29731
13 29730 29732 29713 29702 29704 29696 29705 29712 29721 29734 29742 29745 29735 29720 29704 29707 29728 29771 29800 29826 29850 29869 29894 29914
14 29924 29929 29926 29923 29927 29938 29947 29952 29974 29992 29992 29995 30006 29991 29994 29992 29993 30003 30004 30007 30009 30008 30003 30002
15 30004 29996 29984 29974 29963 29958 29944 29937 29937 29920 29908 29880 29863 29833 29813 29793 29781 29778 29771 29747 29735 29715 29701 29681
16 29674 29665 29651 29645 29689 29725 29743 29762 29785 29808 29815 29816 29821 29821 29822 29816 29824 29835 29850 29859 29871 29875 29882 29882
17 29883 29878 29879 29884 29896 29909 29920 29934 29953 29962 29970 29971 29970 29976 29986 30000 30019 30040 30053 30068 30074 30080 30078 30081
18 30075 30070 30070 30069 30066 30064 30065 30069 30076 30070 30073 30070 30060 30041 30030 30017 30007 30005 29992 29985 29970 29945 29935 29915
19 29906 29899 29888 29879 29870 29870 29877 29879 29887 29888 29879 29857 29839 29817 29791 29763 29741 29712 29672 29619 29554 29462 29359 29239
20 29210 29183 29169 29146 29105 29049 29037 29091 29146 29186 29241 29276 29307 29326 29334 29342 29365 29387 29408 29429 29457 29487 29516 29539
21 29569 29588 29615 29641 29669 29684 29706 29737 29751 29767 29783 29791 29797 29810 29819 29830 29851 29869 29880 29891 29912 29929 29944 29965
22 29983 29988 29993 30005 30017 30025 30041 30052 30045 30041 30035 30007 29983 29942 29897 29862 29830 29799 29757 29708 29677 29655 29661 29674
23 29681 29699 29713 29746 29777 29808 29837 29873 29891 29908 29922 29927 29925 29926 29927 29933 29935 29945 29949 29949 29937 29923 29904 29883
24 29871 29839 29814 29775 29752 29735 29717 29692 29683 29665 29647 29637 29615 29602 29581 29565 29560 29551 29549 29544 29539 29539 29534 29531
25 29515 29506 29495 29481 29475 29465 29444 29427 29416 29407 29407 29405 29404 29403 29396 29399 29401 29403 29402 29389 29382 29368 29353 29334
26 29299 29265 29226 29190 29141 29113 29124 29137 29140 29266 29346 29402 29463 29506 29546 29600 29634 29689 29717 29741 29760 29774 29790 29809
27 29820 29827 29828 29822 29816 29804 29802 29785 29778 29777 29806 29836 29838 29860 29869 29881 29900 29932 29955 29974 29998 30018 30033 30043
28 30059 30069 30078 30082 30091 30095 30122 30145 30156 30179 30191 30205 30213 30220 30227 30245 30267 30288 30308 30319 30333 30342 30349 30354
