01                                                       30088 30072 30072 30049 30046 30035 30018 29997 30002 29984 29981 29976 29955 29949 29936
02 29908 29894 29867 29857             29830 29829 29826 29834                                                                   30024            
03                                                       30183 30196 30204 30209 30222 30225 30234 30245 30255 30262             30297 30298 30303
04 30304 30300 30305 30308 30312 30326 30340 30347 30355 30368 30366 30372 30374 30371 30370 30369 30369 30374 30374 30385 30401 30404 30403 30390
05 30388 30379 30369 30362 30358 30356 30353 30343 30340 30338 30339 30319 30309 30284 30257 30240 30232 30218 30211 30199 30176 30147 30139 30120
06 30095 30069 30047 30024 30008 29994 29983 29962 29956 29947       29934       29910       29884                               29857            
07                                                       29861 29850 29847 29853 29859 29850 29845 29838 29836 29845 29866 29875 29883 29883 29885
08 29892 29893 29898 29900 29898 29914 29937 29951 29948 29950       29944       29938       29928             29946 29948 29953 29958 29949 29947
09 29943 29932 29913 29892 29882 29862 29866 29876 29865 29844 29836 29821 29802 29784 29778 29761 29746 29719 29699 29691 29696 29698 29692 29686
10 29686 29680 29686 29682 29681 29682 29679 29683 29677 29666 29642 29620 29609 29586 29561 29545 29543 29535 29505 29485 29471 29478 29486 29478
11 29467 29468 29455 29435 29434 29420 29414 29398 29386 29374 29383 29381 29366 29368 29376 29388 29392 29400 29413 29442 29454 29477 29488 29502
12 29504 29501 29490 29463 29457 29465 29486 29504 29522 29552 29585 29597 29627 29643 29662 29679 29707 29719 29738 29750 29759 29760 29762 29743
13 29725 29691 29661 29610 29574 29568 29575 29578 29579 29583 29582 29576 29566 29545 29526 29498 29487 29491 29504 29512 29542 29593 29643 29693
14 29723 29756 29771 29790 29797 29817 29831 29842 29846 29829 29828 29822 29810 29789 29765 29732 29706 29683 29676 29659 29691 29724 29803 29856
15 29894 29924 29938 29972 29996 30035 30057 30095 30124 30149 30163 30176 30191 30195 30213 30216 30232 30247 30258 30273 30289 30296 30303 30309
16 30311 30309 30305 30309 30313 30325 30338 30346 30357 30366 30364 30363 30359 30353 30353 30352 30353 30355 30360 30371 30373 30365 30367 30369
17 30366 30363 30366 30362 30365 30371 30380 30382 30383 30390 30386 30393 30393 30385 30383 30377 30379 30394 30397 30413 30425 30436 30436 30445
18 30449 30439 30437 30427 30407 30405 30410 30425 30426 30428 30412 30406 30406 30390 30376 30355 30352 30351 30346 30349 30354 30347 30350 30342
19 30330 30324 30321 30306 30294 30281 30282 30276 30278 30275 30263 30251 30228 30207 30189 30175 30165 30146 30139 30124 30129 30115 30110 30089
20 30081 30066 30050 30033 30024 30009 30010 30008 30005 30001 29998 29978 29966 29944 29929 29919 29907 29899 29891 29889 29891 29897 29903 29913
21 29907 29905 29905 29899 29905 29915 29928 29939 29951 29962 29974 29974 29978 29981 29980 29980 29983 29995 30014 30033 30043 30055 30066 30075
22 30079 30085 30083 30086 30094 30098 30105 30119 30130 30135 30148 30146 30155 30151 30147 30147 30150 30148 30160 30174 30172 30176 30180 30174
23 30168 30162 30156 30144 30140 30141 30145 30145 30140 30142 30140 30126 30120 30121 30109 30103 30099 30103 30105 30107 30110 30112 30111 30111
24 30111 30108 30105 30103 30106 30110 30119 30135 30143 30145 30156 30154 30157 30154 30165 30170 30183 30195 30204 30211 30214 30221 30222 30231
25 30233 30239 30245 30250 30243 30252 30262 30269 30271 30283 30283 30278 30279 30276 30274 30270 30271 30286 30293 30305 30295 30306 30309 30318
26 30319 30321 30319 30320 30327 30333 30341 30357 30365 30379 30374 30364 30359 30349 30348 30345 30351 30359 30364 30367 30371 30371 30375 30372
27 30369 30362 30352 30354 30355 30356 30366 30366 30360 30354 30345 30334 30329 30320 30311 30306 30300 30300 30298 30292 30292 30290 30285 30284
28 30277 30266 30256 30242 30238 30237 30245 30249 30249 30249 30242 30239 30226 30216 30206 30196 30195 30192 30192 30199 30194 30182 30180 30170
29 30167 30168 30151 30140 30130 30128 30132 30129 30130 30133 30126 30114 30098 30086 30076 30070 30067 30072 30073 30072 30070 30071 30072 30061
30 30056 30050 30038 30031 30027 30032 30038 30038 30043 30053 30056 30056 30055 30053 30053 30057 30061 30069 30079 30090 30098 30114 30115 30109
