01 29922 29905 29900 29886 29880 29878 29866 29865 29861 29857 29857 29861 29858 29846 29847 29851 29862 29877 29894 29889 29889 29894 29885 29887
02 29875 29855 29829 29789 29759 29714 29680 29639 29604 29563 29578 29611 29647 29716 29778 29860 29888 29932 29956 29983 29990 29988 29976 29977
03 29973 29964 29959 29947 29951 29936 29941 29948 29954 29973 29966 29983 29987 29975 29982 29967 29968 29954 29979 29988 29992 30013 30037 30056
04 30068 30075 30099 30126 30149 30175 30198 30217 30242 30255 30273 30278 30277 30275 30265 30256 30261 30264 30257 30243 30237 30221 30224 30193
05 30177 30155 30141 30127 30116 30102 30093 30087 30093 30103 30122 30132 30135 30132 30143 30152 30157 30163 30169 30174 30166 30167 30172 30163
06 30159 30152 30152 30145 30148 30149 30138 30144 30141 30131 30136 30132 30122 30112 30101 30086 30082 30081 30077 30071 30068 30061 30068 30073
07 30075 30079 30078 30077 30075 30071 30078 30094 30109 30136 30144 30160 30158 30155 30153 30174 30182 30204 30219 30222 30239 30252 30255 30265
08 30268 30262 30253 30240 30236 30232 30226 30231 30234 30226 30228 30224 30210 30194 30185 30183 30174 30169 30155 30141 30119 30114 30114 30108
09 30104 30095 30095 30094 30101 30108 30104 30106 30108 30102 30103 30103 30091 30079 30060 30054 30052 30049 30042 30039 30037 30035 30028 30022
10 30019 30003 29997 29990 29983 29991 29997 29997 29999 29994 29993 29991 29961 29939 29915 29893 29881 29860 29828 29789 29760 29754 29763 29797
11 29817 29846 29859 29868 29874 29885 29905 29917 29937 29945 29956 29964 29950 29943 29945 29931 29910 29893 29874 29833 29801 29763 29739 29708
12 29665 29624 29605 29582 29624 29643 29673 29699 29711 29728 29751 29765 29756 29755 29752 29744 29743 29741 29730 29726 29726 29717 29726 29716
13 29716 29713 29715 29694 29693 29694 29699 29698 29726 29741 29751 29779 29786 29797 29801 29819 29825 29832 29832 29850 29853 29850 29859 29864
14 29866 29861 29850 29838 29822 29819 29810 29809 29814 29816 29814 29820 29812 29790 29780 29768 29762 29762 29764 29764 29758 29753 29735 29715
15 29697 29670 29644 29621 29592 29569 29550 29527 29518 29509 29551 29600 29627 29655 29669 29690 29707 29747 29760 29779 29800 29825 29841 29871
16 29874 29870 29873 29876 29895 29901 29911 29941 29958 29972 29989 30013 30024 30025 30025 30031 30053 30067 30093 30102 30113 30120 30129 30133
17 30142 30144 30158 30153 30160 30158 30165 30174 30175 30180 30173 30171 30161 30148 30145 30129 30127 30126 30129 30118 30109 30099 30086 30072
18 30066 30057 30059 30054 30057 30062 30061 30071 30078 30091 30092 30086 30070 30058 30043 30033 30018 30026 30037 30043 30052 30051 30052 30055
19 30052 30045 30044 30030 30028 30035 30030 30028 30026 30008 29987 29972 29939 29895 29842 29789 29763 29741 29735 29740 29759 29785 29812 29823
20 29840 29845 29861 29883 29896 29917 29930 29937 29944 29955 29947 29953 29947 29940 29941 29958 29956 29990 30024 30041 30072 30107 30127 30124
21 30135 30150 30155 30150 30165 30175 30183 30186 30197 30193 30181 30181 30163 30146 30131 30133 30129 30153 30169 30196 30211 30233 30239 30246
22 30264 30266 30272 30273 30270 30278 30276 30276 30272 30269 30273 30254 30259 30239 30234 30204 30205 30195 30194 30177 30172 30166 30157 30173
23 30161 30176 30192 30213 30220 30231 30239 30252 30259 30265 30272 30270 30260 30249 30237 30228 30215 30204 30201 30192 30183 30175 30171 30155
24 30138 30112 30097 30066 30054 30037 30024 30017 29993 29985 29976 29974 29960 29939 29933 29918 29912 29912 29913 29901 29897 29882 29870 29853
25 29842 29820 29808 29796 29785 29770 29759 29753 29748 29746 29734 29724 29711 29684 29668 29645 29630 29609 29594 29564 29531 29494 29472 29473
26 29467 29472 29486 29537 29561 29596 29619 29667 29702 29737 29770 29802 29826 29849 29870 29887 29900 29918 29932 29950 29960 29974 29982 29989
27 29998 29998 29999 29998 30004 30007 30013 30027 30038 30057 30056 30070 30072 30079 30073 30088 30104 30123 30143 30164 30177 30189 30194 30208
28 30219 30221 30225 30228 30231 30247 30251 30254 30258 30274 30279 30278 30271 30269 30264 30244 30234 30223 30234 30219 30212 30208 30206 30197
