01 28821 28847 28872 28907 28941 28964 29003 29042 29073 29110 29152 29173 29211 29257 29298 29349 29391 29444 29475 29502 29559 29597 29632 29678
02 29692 29718 29750 29782 29807 29836 29865 29907 29935 29966 29984 30001 30009 30003 30014 30040 30058 30076 30094 30097 30112 30115 30121 30119
03 30118 30110 30103 30111 30100 30096 30104 30111 30110 30105 30087 30080 30072 30048 30033 30036 30036 30023 30012 29998 29980 29961 29940 29934
04 29915 29894 29884 29863 29855 29838 29836 29834 29834 29830 29823 29799 29792 29791 29793 29784 29778 29784 29783 29784 29783 29789 29789 29775
05 29776 29769 29758 29759 29756 29741 29745 29736 29731 29707 29686 29664 29628 29609 29573 29541 29506 29458 29429 29391 29339 29295 29250 29156
06 29070 29035 29003 28962 28931 28905 28873 28853 28842 28839 28846 28859 28884 28920 28962 28997 29026 29032 29015 29010 29054 29160 29216 29271
07 29308 29343 29387 29419 29433 29466 29478 29494 29506 29529 29553 29547 29545 29539 29548 29555 29569 29588 29597 29611 29619 29627 29646 29665
08 29673 29680                                           29762 29761 29759 29759 29768 29766 29774 29775 29797 29786 29807 29814 29798 29798 29796
09 29770 29742 29731 29722 29694 29666 29650 29636 29634 29626 29607 29595 29581 29569 29558 29552 29535 29526 29523 29507 29496 29485 29470 29465
10 29464 29463 29461 29472 29486 29497 29521 29540 29559 29568 29576 29573 29577 29582 29595 29604 29633 29648 29667 29688 29703 29715 29740 29764
11 29768 29772 29759 29743 29722 29706 29693 29662 29614 29583 29538 29459 29412 29329 29297 29274 29240 29218 29216 29224 29216 29205 29193 29178
12 29163 29151 29138 29116 29090 29203 29268 29340 29397 29423 29463 29472 29475 29498 29505 29494 29505 29511 29517 29515 29524 29515 29509 29501
13 29486 29487 29476 29466 29464 29460 29471 29485 29518 29519 29544 29577 29580 29585 29597 29615 29641 29666 29704 29730 29753 29772 29800 29821
14 29842 29868 29897 29920 29942 29964 29980 30008 30029 30054 30072 30085 30089 30089 30103 30117 30143 30131 30138 30136 30139 30135 30141 30145
15 30140 30127 30118 30094 30071 30067 30042 30024 30013 30001 29972 29923 29878 29905 29917 29959 29980 30013 30032 30060 30057 30056 30065 30062
16 30054 30036 30042 30039 30052 30040 30068 30079 30096 30129 30113 30112 30120 30129 30152 30159 30173 30166 30169 30154 30153 30141 30132 30122
17 30123 30112 30099 30078 30048 30041 30023 30017 30024 30006 30009 30005 30024 30036 30086 30109 30138 30165 30180 30213 30232 30247 30263 30277
18 30289 30311 30312 30308 30312 30321 30320 30321 30330 30337 30338 30333 30315 30310 30292 30284 30266 30254 30250 30235 30235 30230 30218 30213
19 30222 30238 30249 30266 30275 30284 30303 30338 30352 30375 30390 30380 30394 30407 30411 30420 30424 30424 30430 30436 30442 30437 30433 30426
20 30419 30407 30400 30386 30363 30354 30343 30341 30332 30317 30288 30272 30244 30225 30224 30209 30201 30198 30194 30193 30201 30197 30199 30203
21 30204 30196 30211 30208 30204 30198 30206 30194 30194 30197 30187 30170 30159 30149 30141 30136 30133 30125 30121 30112 30088 30087 30075 30062
22 30032 30003 29975 29954 29921 29889 29838 29837 29802 29760 29742 29698 29673 29651 29635 29627 29601 29583 29564 29573 29617 29660 29687 29717
23 29737 29766 29800 29821 29827 29845 29868 29899 29913 29930 29952 29952 29963 29956 29955 29953 29944 29928 29913 29874 29841 29803 29756 29712
24 29673 29612 29549 29536 29488 29457 29469 29466 29494 29541 29562 29585 29583 29591 29616 29630 29636 29653 29662 29657 29654 29645 29650 29649
25 29647 29628 29627 29604 29591 29559 29555 29538 29533 29521 29500 29459 29430 29387 29350 29323 29295 29267 29236 29195 29167 29131 29102 29075
26 29072 29093 29089 29075 29091 29097 29110 29127 29129 29158 29160 29157 29148 29170 29174 29195 29219 29236 29250 29279 29293 29302 29301 29314
27 29315 29321 29329 29329 29328 29335 29353 29366 29389 29412 29435 29443 29459 29486 29507 29532 29549 29573 29600 29621 29637 29668 29686 29700
28 29714 29719 29730 29737 29732 29703 29684 29681 29666 29661 29633 29570 29521 29464 29435 29408 29377 29353 29325 29304 29274 29237 29200 29171
29 29138 29127 29118 29098 29076 29062 29064 29076 29100 29135 29166 29182 29178 29176 29190 29201 29225 29229 29238 29266 29277 29273 29279 29272
30 29255 29244 29247 29259 29255 29254 29285 29282 29288 29293 29304 29292 29280 29275 29277 29294 29320 29349 29382 29424 29463 29504 29540 29577
31 29619 29668 29712 29744 29765 29803 29841 29872 29896 29919 29944 29965 29953 29968 29991 29990 30012 30019 30026 30030 30033 30033 30031 30024
