1881 01 01 08 00  36.75    3.06 1019.3          ALGIERS
1881 01 02 08 00  36.75    3.06 1014.9          ALGIERS
1881 01 03 08 00  36.75    3.06 1008.3          ALGIERS
1881 01 04 08 00  36.75    3.06 1005.3          ALGIERS
1881 01 05 08 00  36.75    3.06 1011.1          ALGIERS
1881 01 06 08 00  36.75    3.06 1014.0          ALGIERS
1881 01 07 08 00  36.75    3.06 1013.5          ALGIERS
1881 01 08 08 00  36.75    3.06 1015.6          ALGIERS
1881 01 09 08 00  36.75    3.06 1010.7          ALGIERS
1881 01 10 08 00  36.75    3.06 1006.3          ALGIERS
1881 01 11 08 00  36.75    3.06 1007.5          ALGIERS
1881 01 12 08 00  36.75    3.06 1007.2          ALGIERS
1881 01 13 08 00  36.75    3.06 1005.1          ALGIERS
1881 01 14 08 00  36.75    3.06 1000.4          ALGIERS
1881 01 15 08 00  36.75    3.06  998.7          ALGIERS
1881 01 16 08 00  36.75    3.06 1003.6          ALGIERS
1881 01 17 08 00  36.75    3.06 1005.3          ALGIERS
1881 01 18 08 00  36.75    3.06 1004.7          ALGIERS
1881 01 19 08 00  36.75    3.06 1008.5          ALGIERS
1881 01 20 08 00  36.75    3.06 1014.8          ALGIERS
1881 01 21 08 00  36.75    3.06 1017.7          ALGIERS
1881 01 22 08 00  36.75    3.06 1007.3          ALGIERS
1881 01 23 08 00  36.75    3.06 1012.0          ALGIERS
1881 01 24 08 00  36.75    3.06 1010.5          ALGIERS
1881 01 25 08 00  36.75    3.06 1010.3          ALGIERS
1881 01 26 08 00  36.75    3.06 1010.0          ALGIERS
1881 01 27 08 00  36.75    3.06 1008.7          ALGIERS
1881 01 28 08 00  36.75    3.06 1006.9          ALGIERS
1881 01 29 08 00  36.75    3.06 1007.3          ALGIERS
1881 01 30 08 00  36.75    3.06 1007.2          ALGIERS
1881 01 31 08 00  36.75    3.06 1011.5          ALGIERS
1881 01 01 08 00  45.80   24.13 1014.7            SIBIU
1881 01 02 08 00  45.80   24.13 1022.9            SIBIU
1881 01 03 08 00  45.80   24.13 1031.4            SIBIU
1881 01 04 08 00  45.80   24.13 1028.8            SIBIU
1881 01 05 08 00  45.80   24.13 1021.4            SIBIU
1881 01 06 08 00  45.80   24.13 1015.6            SIBIU
1881 01 07 08 00  45.80   24.13 1035.5            SIBIU
1881 01 08 08 00  45.80   24.13 1019.7            SIBIU
1881 01 09 08 00  45.80   24.13 1016.4            SIBIU
1881 01 10 08 00  45.80   24.13 1018.5            SIBIU
1881 01 11 08 00  45.80   24.13 1012.9            SIBIU
1881 01 12 08 00  45.80   24.13 1007.7            SIBIU
1881 01 13 08 00  45.80   24.13 1003.2            SIBIU
1881 01 14 08 00  45.80   24.13  993.5            SIBIU
1881 01 15 08 00  45.80   24.13 1005.6            SIBIU
1881 01 16 08 00  45.80   24.13 1002.8            SIBIU
1881 01 17 08 00  45.80   24.13 1011.7            SIBIU
1881 01 18 08 00  45.80   24.13 1008.5            SIBIU
1881 01 19 08 00  45.80   24.13 1002.7            SIBIU
1881 01 20 08 00  45.80   24.13  994.7            SIBIU
1881 01 21 08 00  45.80   24.13  997.5            SIBIU
1881 01 22 08 00  45.80   24.13 1016.0            SIBIU
1881 01 23 08 00  45.80   24.13 1019.8            SIBIU
1881 01 24 08 00  45.80   24.13 1020.5            SIBIU
1881 01 25 08 00  45.80   24.13 1029.3            SIBIU
1881 01 26 08 00  45.80   24.13 1026.2            SIBIU
1881 01 27 08 00  45.80   24.13 1017.8            SIBIU
1881 01 28 08 00  45.80   24.13 1013.7            SIBIU
1881 01 29 08 00  45.80   24.13 1002.8            SIBIU
1881 01 30 08 00  45.80   24.13 1007.3            SIBIU
1881 01 31 08 00  45.80   24.13 1004.3            SIBIU
1881 01 02 08 00  38.72   -9.14 1024.5           LISBON
1881 01 03 08 00  38.72   -9.14 1017.5           LISBON
1881 01 04 08 00  38.72   -9.14 1013.2           LISBON
1881 01 05 08 00  38.72   -9.14 1017.3           LISBON
1881 01 06 08 00  38.72   -9.14 1020.5           LISBON
1881 01 07 08 00  38.72   -9.14 1018.9           LISBON
1881 01 08 08 00  38.72   -9.14 1015.1           LISBON
1881 01 09 08 00  38.72   -9.14 1005.7           LISBON
1881 01 10 08 00  38.72   -9.14 1003.6           LISBON
1881 01 11 08 00  38.72   -9.14 1007.2           LISBON
1881 01 12 08 00  38.72   -9.14 1009.5           LISBON
1881 01 13 08 00  38.72   -9.14 1006.3           LISBON
1881 01 15 08 00  38.72   -9.14  999.4           LISBON
1881 01 16 08 00  38.72   -9.14 1006.7           LISBON
1881 01 17 08 00  38.72   -9.14  998.2           LISBON
1881 01 18 08 00  38.72   -9.14 1002.0           LISBON
1881 01 19 08 00  38.72   -9.14 1009.2           LISBON
1881 01 20 08 00  38.72   -9.14 1017.6           LISBON
1881 01 21 08 00  38.72   -9.14 1005.3           LISBON
1881 01 22 08 00  38.72   -9.14 1012.3           LISBON
1881 01 23 08 00  38.72   -9.14 1016.1           LISBON
1881 01 24 08 00  38.72   -9.14 1003.5           LISBON
1881 01 25 08 00  38.72   -9.14 1011.3           LISBON
1881 01 26 08 00  38.72   -9.14 1001.1           LISBON
1881 01 27 08 00  38.72   -9.14  999.2           LISBON
1881 01 29 08 00  38.72   -9.14 1006.1           LISBON
1881 01 01 08 00  45.94   -0.96 1026.1        ROCHEFORT
1881 01 02 08 00  45.94   -0.96 1031.2        ROCHEFORT
1881 01 03 08 00  45.94   -0.96 1026.8        ROCHEFORT
1881 01 04 08 00  45.94   -0.96 1022.7        ROCHEFORT
1881 01 05 08 00  45.94   -0.96 1017.3        ROCHEFORT
1881 01 06 08 00  45.94   -0.96 1011.9        ROCHEFORT
1881 01 07 08 00  45.94   -0.96 1022.4        ROCHEFORT
1881 01 08 08 00  45.94   -0.96 1026.4        ROCHEFORT
1881 01 09 08 00  45.94   -0.96 1025.1        ROCHEFORT
1881 01 10 08 00  45.94   -0.96 1016.9        ROCHEFORT
1881 01 11 08 00  45.94   -0.96 1010.5        ROCHEFORT
1881 01 12 08 00  45.94   -0.96 1009.1        ROCHEFORT
1881 01 13 08 00  45.94   -0.96 1004.7        ROCHEFORT
1881 01 14 08 00  45.94   -0.96 1006.1        ROCHEFORT
1881 01 15 08 00  45.94   -0.96 1001.0        ROCHEFORT
1881 01 16 08 00  45.94   -0.96 1008.5        ROCHEFORT
1881 01 17 08 00  45.94   -0.96 1015.9        ROCHEFORT
1881 01 18 08 00  45.94   -0.96  992.6        ROCHEFORT
1881 01 19 08 00  45.94   -0.96  992.9        ROCHEFORT
1881 01 20 08 00  45.94   -0.96  995.3        ROCHEFORT
1881 01 21 08 00  45.94   -0.96 1018.6        ROCHEFORT
1881 01 22 08 00  45.94   -0.96 1010.5        ROCHEFORT
1881 01 23 08 00  45.94   -0.96 1011.5        ROCHEFORT
1881 01 24 08 00  45.94   -0.96 1023.0        ROCHEFORT
1881 01 25 08 00  45.94   -0.96 1013.2        ROCHEFORT
1881 01 26 08 00  45.94   -0.96 1007.1        ROCHEFORT
1881 01 27 08 00  45.94   -0.96  997.3        ROCHEFORT
1881 01 28 08 00  45.94   -0.96  989.8        ROCHEFORT
1881 01 29 08 00  45.94   -0.96  996.3        ROCHEFORT
1881 01 30 08 00  45.94   -0.96  991.2        ROCHEFORT
1881 01 31 08 00  45.94   -0.96 1001.7        ROCHEFORT
1881 01 01 08 00  50.38   -4.14 1029.5         PLYMOUTH
1881 01 02 08 00  50.38   -4.14 1029.5         PLYMOUTH
1881 01 03 08 00  50.38   -4.14 1027.4         PLYMOUTH
1881 01 04 08 00  50.38   -4.14 1025.1         PLYMOUTH
1881 01 05 08 00  50.38   -4.14 1022.4         PLYMOUTH
1881 01 06 08 00  50.38   -4.14 1024.0         PLYMOUTH
1881 01 07 08 00  50.38   -4.14 1030.8         PLYMOUTH
1881 01 08 08 00  50.38   -4.14 1032.2         PLYMOUTH
1881 01 09 08 00  50.38   -4.14 1027.4         PLYMOUTH
1881 01 10 08 00  50.38   -4.14 1017.9         PLYMOUTH
1881 01 11 08 00  50.38   -4.14 1011.2         PLYMOUTH
1881 01 12 08 00  50.38   -4.14 1000.7         PLYMOUTH
1881 01 13 08 00  50.38   -4.14 1002.0         PLYMOUTH
1881 01 14 08 00  50.38   -4.14 1007.8         PLYMOUTH
1881 01 15 08 00  50.38   -4.14 1008.8         PLYMOUTH
1881 01 16 08 00  50.38   -4.14 1009.8         PLYMOUTH
1881 01 17 08 00  50.38   -4.14 1004.4         PLYMOUTH
1881 01 18 08 00  50.38   -4.14  982.1         PLYMOUTH
1881 01 19 08 00  50.38   -4.14  985.1         PLYMOUTH
1881 01 20 08 00  50.38   -4.14 1011.2         PLYMOUTH
1881 01 21 08 00  50.38   -4.14 1013.9         PLYMOUTH
1881 01 22 08 00  50.38   -4.14 1022.4         PLYMOUTH
1881 01 23 08 00  50.38   -4.14 1023.7         PLYMOUTH
1881 01 24 08 00  50.38   -4.14 1024.0         PLYMOUTH
1881 01 25 08 00  50.38   -4.14 1013.2         PLYMOUTH
1881 01 26 08 00  50.38   -4.14 1002.4         PLYMOUTH
1881 01 27 08 00  50.38   -4.14  990.5         PLYMOUTH
1881 01 28 08 00  50.38   -4.14  989.8         PLYMOUTH
1881 01 29 08 00  50.38   -4.14  977.0         PLYMOUTH
1881 01 30 08 00  50.38   -4.14  984.1         PLYMOUTH
1881 01 31 08 00  50.38   -4.14  998.3         PLYMOUTH
1881 01 01 08 00  41.90   12.50 1014.7             ROME
1881 01 02 08 00  41.90   12.50 1018.0             ROME
1881 01 03 08 00  41.90   12.50 1016.9             ROME
1881 01 04 08 00  41.90   12.50 1015.3             ROME
1881 01 05 08 00  41.90   12.50 1014.4             ROME
1881 01 06 08 00  41.90   12.50 1011.3             ROME
1881 01 07 08 00  41.90   12.50 1013.7             ROME
1881 01 08 08 00  41.90   12.50 1009.2             ROME
1881 01 09 08 00  41.90   12.50 1009.2             ROME
1881 01 10 08 00  41.90   12.50 1011.9             ROME
1881 01 11 08 00  41.90   12.50 1007.5             ROME
1881 01 12 08 00  41.90   12.50 1004.5             ROME
1881 01 13 08 00  41.90   12.50  997.2             ROME
1881 01 14 08 00  41.90   12.50  997.6             ROME
1881 01 15 08 00  41.90   12.50  993.4             ROME
1881 01 16 08 00  41.90   12.50  998.6             ROME
1881 01 17 08 00  41.90   12.50 1015.5             ROME
1881 01 18 08 00  41.90   12.50 1008.3             ROME
1881 01 19 08 00  41.90   12.50 1002.8             ROME
1881 01 20 08 00  41.90   12.50 1001.8             ROME
1881 01 21 08 00  41.90   12.50 1000.3             ROME
1881 01 22 08 00  41.90   12.50 1013.1             ROME
1881 01 23 08 00  41.90   12.50 1002.2             ROME
1881 01 24 08 00  41.90   12.50 1017.5             ROME
1881 01 25 08 00  41.90   12.50 1018.6             ROME
1881 01 26 08 00  41.90   12.50 1010.0             ROME
1881 01 27 08 00  41.90   12.50 1009.2             ROME
1881 01 28 08 00  41.90   12.50 1004.3             ROME
1881 01 29 08 00  41.90   12.50 1005.6             ROME
1881 01 30 08 00  41.90   12.50  993.8             ROME
1881 01 31 08 00  41.90   12.50  999.9             ROME
1881 01 01 08 00  48.39   -4.49 1031.2            BREST
1881 01 02 08 00  48.39   -4.49 1035.2            BREST
1881 01 03 08 00  48.39   -4.49 1028.1            BREST
1881 01 04 08 00  48.39   -4.49 1026.1            BREST
1881 01 05 08 00  48.39   -4.49 1022.0            BREST
1881 01 06 08 00  48.39   -4.49 1016.9            BREST
1881 01 07 08 00  48.39   -4.49 1026.4            BREST
1881 01 08 08 00  48.39   -4.49 1029.5            BREST
1881 01 09 08 00  48.39   -4.49 1028.8            BREST
1881 01 10 08 00  48.39   -4.49 1019.6            BREST
1881 01 11 08 00  48.39   -4.49 1014.6            BREST
1881 01 12 08 00  48.39   -4.49 1010.8            BREST
1881 01 13 08 00  48.39   -4.49 1004.7            BREST
1881 01 14 08 00  48.39   -4.49 1008.8            BREST
1881 01 15 08 00  48.39   -4.49 1006.8            BREST
1881 01 16 08 00  48.39   -4.49 1010.8            BREST
1881 01 17 08 00  48.39   -4.49 1011.2            BREST
1881 01 18 08 00  48.39   -4.49  990.9            BREST
1881 01 19 08 00  48.39   -4.49  984.8            BREST
1881 01 20 08 00  48.39   -4.49  999.0            BREST
1881 01 21 08 00  48.39   -4.49 1012.2            BREST
1881 01 22 08 00  48.39   -4.49 1014.9            BREST
1881 01 23 08 00  48.39   -4.49 1020.0            BREST
1881 01 24 08 00  48.39   -4.49 1024.7            BREST
1881 01 25 08 00  48.39   -4.49 1017.9            BREST
1881 01 26 08 00  48.39   -4.49 1010.2            BREST
1881 01 27 08 00  48.39   -4.49  990.5            BREST
1881 01 28 08 00  48.39   -4.49  991.5            BREST
1881 01 29 08 00  48.39   -4.49  985.4            BREST
1881 01 30 08 00  48.39   -4.49  986.8            BREST
1881 01 31 08 00  48.39   -4.49  995.3            BREST
1881 01 01 08 00  31.20   29.91 1021.4       ALEXANDRIA
1881 01 02 08 00  31.20   29.91 1023.3       ALEXANDRIA
1881 01 03 08 00  31.20   29.91 1023.7       ALEXANDRIA
1881 01 04 08 00  31.20   29.91 1022.4       ALEXANDRIA
1881 01 05 08 00  31.20   29.91 1019.4       ALEXANDRIA
1881 01 06 08 00  31.20   29.91 1019.8       ALEXANDRIA
1881 01 07 08 00  31.20   29.91 1018.1       ALEXANDRIA
1881 01 08 08 00  31.20   29.91 1013.2       ALEXANDRIA
1881 01 09 08 00  31.20   29.91 1010.8       ALEXANDRIA
1881 01 10 08 00  31.20   29.91 1012.4       ALEXANDRIA
1881 01 11 08 00  31.20   29.91 1017.5       ALEXANDRIA
1881 01 12 08 00  31.20   29.91 1013.5       ALEXANDRIA
1881 01 13 08 00  31.20   29.91 1006.5       ALEXANDRIA
1881 01 14 08 00  31.20   29.91 1009.7       ALEXANDRIA
1881 01 15 08 00  31.20   29.91 1013.3       ALEXANDRIA
1881 01 16 08 00  31.20   29.91 1016.4       ALEXANDRIA
1881 01 17 08 00  31.20   29.91 1013.9       ALEXANDRIA
1881 01 18 08 00  31.20   29.91 1015.1       ALEXANDRIA
1881 01 19 08 00  31.20   29.91 1018.9       ALEXANDRIA
1881 01 20 08 00  31.20   29.91 1017.3       ALEXANDRIA
1881 01 21 08 00  31.20   29.91 1014.8       ALEXANDRIA
1881 01 22 08 00  31.20   29.91 1015.6       ALEXANDRIA
1881 01 23 08 00  31.20   29.91 1018.6       ALEXANDRIA
1881 01 24 08 00  31.20   29.91 1015.7       ALEXANDRIA
1881 01 25 08 00  31.20   29.91 1017.5       ALEXANDRIA
1881 01 26 08 00  31.20   29.91 1021.4       ALEXANDRIA
1881 01 27 08 00  31.20   29.91 1017.8       ALEXANDRIA
1881 01 28 08 00  31.20   29.91 1014.0       ALEXANDRIA
1881 01 29 08 00  31.20   29.91 1012.7       ALEXANDRIA
1881 01 30 08 00  31.20   29.91 1009.6       ALEXANDRIA
1881 01 31 08 00  31.20   29.91 1004.3       ALEXANDRIA
1881 01 01 08 00  34.84    5.75 1001.9           BISKRA
1881 01 02 08 00  34.84    5.75  999.1           BISKRA
1881 01 03 08 00  34.84    5.75 1000.3           BISKRA
1881 01 04 08 00  34.84    5.75  998.0           BISKRA
1881 01 05 08 00  34.84    5.75  995.4           BISKRA
1881 01 06 08 00  34.84    5.75 1000.0           BISKRA
1881 01 07 08 00  34.84    5.75 1002.3           BISKRA
1881 01 08 08 00  34.84    5.75  999.2           BISKRA
1881 01 09 08 00  34.84    5.75 1000.0           BISKRA
1881 01 10 08 00  34.84    5.75  999.2           BISKRA
1881 01 11 08 00  34.84    5.75  998.2           BISKRA
1881 01 12 08 00  34.84    5.75 1000.0           BISKRA
1881 01 13 08 00  34.84    5.75  999.0           BISKRA
1881 01 14 08 00  34.84    5.75  996.2           BISKRA
1881 01 15 08 00  34.84    5.75  991.9           BISKRA
1881 01 16 08 00  34.84    5.75  994.0           BISKRA
1881 01 17 08 00  34.84    5.75  998.0           BISKRA
1881 01 18 08 00  34.84    5.75  996.6           BISKRA
1881 01 19 08 00  34.84    5.75  997.4           BISKRA
1881 01 20 08 00  34.84    5.75 1003.0           BISKRA
1881 01 21 08 00  34.84    5.75 1004.4           BISKRA
1881 01 22 08 00  34.84    5.75 1002.3           BISKRA
1881 01 23 08 00  34.84    5.75  999.4           BISKRA
1881 01 24 08 00  34.84    5.75 1000.7           BISKRA
1881 01 25 08 00  34.84    5.75 1000.2           BISKRA
1881 01 26 08 00  34.84    5.75 1001.9           BISKRA
1881 01 27 08 00  34.84    5.75  998.6           BISKRA
1881 01 28 08 00  34.84    5.75 1000.3           BISKRA
1881 01 29 08 00  34.84    5.75  997.9           BISKRA
1881 01 30 08 00  34.84    5.75  997.4           BISKRA
1881 01 31 08 00  34.84    5.75  999.8           BISKRA
1881 01 01 08 00  45.76    4.84 1025.3            LYONS
1881 01 02 08 00  45.76    4.84 1024.9            LYONS
1881 01 03 08 00  45.76    4.84 1022.8            LYONS
1881 01 04 08 00  45.76    4.84 1017.3            LYONS
1881 01 05 08 00  45.76    4.84 1010.0            LYONS
1881 01 06 08 00  45.76    4.84 1015.9            LYONS
1881 01 07 08 00  45.76    4.84 1021.4            LYONS
1881 01 08 08 00  45.76    4.84 1021.2            LYONS
1881 01 09 08 00  45.76    4.84 1018.2            LYONS
1881 01 10 08 00  45.76    4.84 1012.0            LYONS
1881 01 11 08 00  45.76    4.84 1005.6            LYONS
1881 01 12 08 00  45.76    4.84 1004.2            LYONS
1881 01 13 08 00  45.76    4.84  999.2            LYONS
1881 01 14 08 00  45.76    4.84 1004.7            LYONS
1881 01 15 08 00  45.76    4.84  999.0            LYONS
1881 01 16 08 00  45.76    4.84 1010.1            LYONS
1881 01 17 08 00  45.76    4.84 1013.1            LYONS
1881 01 18 08 00  45.76    4.84  988.2            LYONS
1881 01 19 08 00  45.76    4.84  992.4            LYONS
1881 01 20 08 00  45.76    4.84 1002.2            LYONS
1881 01 21 08 00  45.76    4.84 1018.9            LYONS
1881 01 22 08 00  45.76    4.84 1011.5            LYONS
1881 01 23 08 00  45.76    4.84 1013.3            LYONS
1881 01 24 08 00  45.76    4.84 1022.9            LYONS
1881 01 25 08 00  45.76    4.84 1013.2            LYONS
1881 01 26 08 00  45.76    4.84 1009.1            LYONS
1881 01 27 08 00  45.76    4.84 1000.7            LYONS
1881 01 28 08 00  45.76    4.84  996.2            LYONS
1881 01 29 08 00  45.76    4.84  997.6            LYONS
1881 01 31 08 00  45.76    4.84 1005.3            LYONS
1881 01 01 08 00  43.12    5.93 1020.0           TOULON
1881 01 02 08 00  43.12    5.93 1018.6           TOULON
1881 01 03 08 00  43.12    5.93 1022.0           TOULON
1881 01 04 08 00  43.12    5.93 1018.6           TOULON
1881 01 05 08 00  43.12    5.93 1011.9           TOULON
1881 01 06 08 00  43.12    5.93 1013.5           TOULON
1881 01 07 08 00  43.12    5.93 1017.9           TOULON
1881 01 08 08 00  43.12    5.93 1020.0           TOULON
1881 01 09 08 00  43.12    5.93 1014.9           TOULON
1881 01 10 08 00  43.12    5.93 1014.9           TOULON
1881 01 11 08 00  43.12    5.93 1011.2           TOULON
1881 01 12 08 00  43.12    5.93 1006.4           TOULON
1881 01 13 08 00  43.12    5.93 1007.1           TOULON
1881 01 14 08 00  43.12    5.93  998.6           TOULON
1881 01 15 08 00  43.12    5.93  993.6           TOULON
1881 01 16 08 00  43.12    5.93  999.3           TOULON
1881 01 17 08 00  43.12    5.93 1011.9           TOULON
1881 01 18 08 00  43.12    5.93 1012.9           TOULON
1881 01 19 08 00  43.12    5.93 1003.7           TOULON
1881 01 20 08 00  43.12    5.93  998.6           TOULON
1881 01 21 08 00  43.12    5.93 1015.6           TOULON
1881 01 22 08 00  43.12    5.93 1003.7           TOULON
1881 01 23 08 00  43.12    5.93 1008.1           TOULON
1881 01 24 08 00  43.12    5.93 1012.9           TOULON
1881 01 25 08 00  43.12    5.93 1018.6           TOULON
1881 01 26 08 00  43.12    5.93 1014.9           TOULON
1881 01 27 08 00  43.12    5.93 1012.9           TOULON
1881 01 28 08 00  43.12    5.93 1008.5           TOULON
1881 01 29 08 00  43.12    5.93 1006.4           TOULON
1881 01 30 08 00  43.12    5.93 1002.0           TOULON
1881 01 31 08 00  43.12    5.93 1004.8           TOULON
1881 01 01 08 00  58.20   -6.30 1013.5        STORNOWAY
1881 01 02 08 00  58.20   -6.30 1016.3        STORNOWAY
1881 01 03 08 00  58.20   -6.30 1014.2        STORNOWAY
1881 01 04 08 00  58.20   -6.30 1023.4        STORNOWAY
1881 01 05 08 00  58.20   -6.30 1032.8        STORNOWAY
1881 01 06 08 00  58.20   -6.30 1038.6        STORNOWAY
1881 01 07 08 00  58.20   -6.30 1040.0        STORNOWAY
1881 01 08 08 00  58.20   -6.30 1033.9        STORNOWAY
1881 01 09 08 00  58.20   -6.30 1029.1        STORNOWAY
1881 01 10 08 00  58.20   -6.30 1024.0        STORNOWAY
1881 01 11 08 00  58.20   -6.30 1010.8        STORNOWAY
1881 01 12 08 00  58.20   -6.30 1007.5        STORNOWAY
1881 01 13 08 00  58.20   -6.30 1007.5        STORNOWAY
1881 01 14 08 00  58.20   -6.30 1013.5        STORNOWAY
1881 01 15 08 00  58.20   -6.30 1008.8        STORNOWAY
1881 01 16 08 00  58.20   -6.30 1006.1        STORNOWAY
1881 01 17 08 00  58.20   -6.30 1004.1        STORNOWAY
1881 01 18 08 00  58.20   -6.30 1011.5        STORNOWAY
1881 01 19 08 00  58.20   -6.30 1009.8        STORNOWAY
1881 01 20 08 00  58.20   -6.30 1016.6        STORNOWAY
1881 01 21 08 00  58.20   -6.30 1030.5        STORNOWAY
1881 01 22 08 00  58.20   -6.30 1026.4        STORNOWAY
1881 01 23 08 00  58.20   -6.30 1024.0        STORNOWAY
1881 01 24 08 00  58.20   -6.30 1019.0        STORNOWAY
1881 01 25 08 00  58.20   -6.30 1011.2        STORNOWAY
1881 01 26 08 00  58.20   -6.30 1000.7        STORNOWAY
1881 01 27 08 00  58.20   -6.30  987.8        STORNOWAY
1881 01 28 08 00  58.20   -6.30  978.7        STORNOWAY
1881 01 29 08 00  58.20   -6.30  973.2        STORNOWAY
1881 01 30 08 00  58.20   -6.30  979.0        STORNOWAY
1881 01 31 08 00  58.20   -6.30  985.4        STORNOWAY
1881 01 01 08 00  32.67  -16.92 1019.2          FUNCHAL
1881 01 02 08 00  32.67  -16.92 1013.9          FUNCHAL
1881 01 03 08 00  32.67  -16.92 1009.3          FUNCHAL
1881 01 04 08 00  32.67  -16.92 1012.0          FUNCHAL
1881 01 05 08 00  32.67  -16.92 1014.9          FUNCHAL
1881 01 06 08 00  32.67  -16.92 1011.9          FUNCHAL
1881 01 07 08 00  32.67  -16.92 1009.5          FUNCHAL
1881 01 08 08 00  32.67  -16.92 1004.0          FUNCHAL
1881 01 09 08 00  32.67  -16.92 1003.0          FUNCHAL
1881 01 10 08 00  32.67  -16.92  997.4          FUNCHAL
1881 01 11 08 00  32.67  -16.92 1005.1          FUNCHAL
1881 01 12 08 00  32.67  -16.92 1009.3          FUNCHAL
1881 01 15 08 00  32.67  -16.92 1005.3          FUNCHAL
1881 01 16 08 00  32.67  -16.92 1006.7          FUNCHAL
1881 01 18 08 00  32.67  -16.92 1005.1          FUNCHAL
1881 01 19 08 00  32.67  -16.92 1016.5          FUNCHAL
1881 01 20 08 00  32.67  -16.92 1014.9          FUNCHAL
1881 01 24 08 00  32.67  -16.92 1009.1          FUNCHAL
1881 01 25 08 00  32.67  -16.92 1011.2          FUNCHAL
1881 01 26 08 00  32.67  -16.92 1008.0          FUNCHAL
1881 01 27 08 00  32.67  -16.92 1007.1          FUNCHAL
1881 01 29 08 00  32.67  -16.92 1010.5          FUNCHAL
