1869 11 01 08 00  50.82   -1.09 1028.1       PORTSMOUTH
1869 11 02 08 00  50.82   -1.09 1028.1       PORTSMOUTH
1869 11 03 08 00  50.82   -1.09 1012.5       PORTSMOUTH
1869 11 04 08 00  50.82   -1.09 1000.7       PORTSMOUTH
1869 11 05 08 00  50.82   -1.09 1010.5       PORTSMOUTH
1869 11 06 08 00  50.82   -1.09 1001.0       PORTSMOUTH
1869 11 07 08 00  50.82   -1.09 1016.6       PORTSMOUTH
1869 11 08 08 00  50.82   -1.09 1009.5       PORTSMOUTH
1869 11 09 08 00  50.82   -1.09 1010.5       PORTSMOUTH
1869 11 10 08 00  50.82   -1.09 1016.9       PORTSMOUTH
1869 11 11 08 00  50.82   -1.09 1025.4       PORTSMOUTH
1869 11 12 08 00  50.82   -1.09 1031.5       PORTSMOUTH
1869 11 13 08 00  50.82   -1.09 1025.1       PORTSMOUTH
1869 11 14 08 00  50.82   -1.09 1017.6       PORTSMOUTH
1869 11 15 08 00  50.82   -1.09 1016.3       PORTSMOUTH
1869 11 16 08 00  50.82   -1.09 1017.3       PORTSMOUTH
1869 11 17 08 00  50.82   -1.09 1026.1       PORTSMOUTH
1869 11 18 08 00  50.82   -1.09 1033.5       PORTSMOUTH
1869 11 19 08 00  50.82   -1.09 1030.1       PORTSMOUTH
1869 11 20 08 00  50.82   -1.09 1028.1       PORTSMOUTH
1869 11 21 08 00  50.82   -1.09 1026.8       PORTSMOUTH
1869 11 22 08 00  50.82   -1.09  992.6       PORTSMOUTH
1869 11 23 08 00  50.82   -1.09  990.9       PORTSMOUTH
1869 11 24 08 00  50.82   -1.09 1002.7       PORTSMOUTH
1869 11 25 08 00  50.82   -1.09 1013.9       PORTSMOUTH
1869 11 26 08 00  50.82   -1.09 1009.8       PORTSMOUTH
1869 11 27 08 00  50.82   -1.09 1009.8       PORTSMOUTH
1869 11 28 08 00  50.82   -1.09 1000.0       PORTSMOUTH
1869 11 29 08 00  50.82   -1.09 1019.6       PORTSMOUTH
1869 11 30 08 00  50.82   -1.09  999.3       PORTSMOUTH
1869 11 11 08 00  30.51   47.78 1014.8            BASRA
1869 11 12 08 00  30.51   47.78 1017.2            BASRA
1869 11 13 08 00  30.51   47.78 1016.1            BASRA
1869 11 14 08 00  30.51   47.78 1014.7            BASRA
1869 11 15 08 00  30.51   47.78 1011.2            BASRA
1869 11 16 08 00  30.51   47.78 1015.1            BASRA
1869 11 17 08 00  30.51   47.78 1014.8            BASRA
1869 11 18 08 00  30.51   47.78 1015.5            BASRA
1869 11 19 08 00  30.51   47.78 1014.8            BASRA
1869 11 20 08 00  30.51   47.78 1014.9            BASRA
1869 11 01 08 00  57.59   -3.87 1018.6            NAIRN
1869 11 01 14 00  57.59   -3.87 1019.0            NAIRN
1869 11 02 08 00  57.59   -3.87 1004.1            NAIRN
1869 11 02 14 00  57.59   -3.87  998.0            NAIRN
1869 11 03 08 00  57.59   -3.87 1010.5            NAIRN
1869 11 03 14 00  57.59   -3.87 1007.5            NAIRN
1869 11 04 08 00  57.59   -3.87  987.8            NAIRN
1869 11 04 14 00  57.59   -3.87  987.1            NAIRN
1869 11 05 08 00  57.59   -3.87  999.7            NAIRN
1869 11 06 08 00  57.59   -3.87  997.3            NAIRN
1869 11 06 14 00  57.59   -3.87 1000.7            NAIRN
1869 11 07 08 00  57.59   -3.87 1006.8            NAIRN
1869 11 08 08 00  57.59   -3.87  992.6            NAIRN
1869 11 08 14 00  57.59   -3.87 1004.1            NAIRN
1869 11 09 08 00  57.59   -3.87 1005.8            NAIRN
1869 11 09 14 00  57.59   -3.87 1007.5            NAIRN
1869 11 10 08 00  57.59   -3.87 1009.8            NAIRN
1869 11 10 14 00  57.59   -3.87 1013.9            NAIRN
1869 11 11 08 00  57.59   -3.87 1023.4            NAIRN
1869 11 11 14 00  57.59   -3.87 1022.7            NAIRN
1869 11 12 08 00  57.59   -3.87 1015.2            NAIRN
1869 11 12 14 00  57.59   -3.87 1010.8            NAIRN
1869 11 13 08 00  57.59   -3.87 1002.0            NAIRN
1869 11 13 14 00  57.59   -3.87  999.7            NAIRN
1869 11 14 08 00  57.59   -3.87  995.9            NAIRN
1869 11 15 08 00  57.59   -3.87 1005.4            NAIRN
1869 11 15 14 00  57.59   -3.87 1003.4            NAIRN
1869 11 16 08 00  57.59   -3.87 1000.7            NAIRN
1869 11 16 14 00  57.59   -3.87 1003.4            NAIRN
1869 11 17 08 00  57.59   -3.87 1013.5            NAIRN
1869 11 17 14 00  57.59   -3.87 1011.9            NAIRN
1869 11 18 08 00  57.59   -3.87 1014.2            NAIRN
1869 11 18 14 00  57.59   -3.87 1011.2            NAIRN
1869 11 19 08 00  57.59   -3.87 1011.9            NAIRN
1869 11 19 14 00  57.59   -3.87 1017.9            NAIRN
1869 11 20 08 00  57.59   -3.87 1027.4            NAIRN
1869 11 20 14 00  57.59   -3.87 1031.5            NAIRN
1869 11 21 08 00  57.59   -3.87 1010.8            NAIRN
1869 11 22 08 00  57.59   -3.87  986.1            NAIRN
1869 11 22 14 00  57.59   -3.87  988.1            NAIRN
1869 11 23 08 00  57.59   -3.87  994.9            NAIRN
1869 11 23 14 00  57.59   -3.87  997.6            NAIRN
1869 11 24 08 00  57.59   -3.87 1008.8            NAIRN
1869 11 24 14 00  57.59   -3.87 1009.1            NAIRN
1869 11 25 08 00  57.59   -3.87 1000.7            NAIRN
1869 11 25 14 00  57.59   -3.87  999.0            NAIRN
1869 11 26 08 00  57.59   -3.87  995.6            NAIRN
1869 11 26 14 00  57.59   -3.87  993.9            NAIRN
1869 11 27 08 00  57.59   -3.87  999.0            NAIRN
1869 11 27 14 00  57.59   -3.87  999.3            NAIRN
1869 11 28 08 00  57.59   -3.87  991.9            NAIRN
1869 11 29 08 00  57.59   -3.87 1009.5            NAIRN
1869 11 29 14 00  57.59   -3.87 1006.4            NAIRN
1869 11 30 08 00  57.59   -3.87 1010.8            NAIRN
1869 11 30 14 00  57.59   -3.87 1014.2            NAIRN
1869 11 01 08 00  38.72   -9.14 1017.3           LISBON
1869 11 02 08 00  38.72   -9.14 1029.0           LISBON
1869 11 03 08 00  38.72   -9.14 1023.0           LISBON
1869 11 04 08 00  38.72   -9.14 1021.4           LISBON
1869 11 05 08 00  38.72   -9.14 1020.2           LISBON
1869 11 06 08 00  38.72   -9.14 1018.6           LISBON
1869 11 07 08 00  38.72   -9.14 1017.1           LISBON
1869 11 08 08 00  38.72   -9.14 1017.1           LISBON
1869 11 09 08 00  38.72   -9.14 1017.8           LISBON
1869 11 10 08 00  38.72   -9.14 1022.8           LISBON
1869 11 11 08 00  38.72   -9.14 1022.8           LISBON
1869 11 13 08 00  38.72   -9.14 1027.0           LISBON
1869 11 14 08 00  38.72   -9.14 1031.0           LISBON
1869 11 15 08 00  38.72   -9.14 1024.1           LISBON
1869 11 16 08 00  38.72   -9.14 1024.2           LISBON
1869 11 17 08 00  38.72   -9.14 1024.5           LISBON
1869 11 19 08 00  38.72   -9.14 1023.0           LISBON
1869 11 20 08 00  38.72   -9.14 1021.6           LISBON
1869 11 21 08 00  38.72   -9.14 1020.6           LISBON
1869 11 22 08 00  38.72   -9.14 1018.0           LISBON
1869 11 23 08 00  38.72   -9.14 1003.8           LISBON
1869 11 24 08 00  38.72   -9.14 1009.1           LISBON
1869 11 26 08 00  38.72   -9.14 1030.8           LISBON
1869 11 27 08 00  38.72   -9.14 1031.4           LISBON
1869 11 28 08 00  38.72   -9.14 1031.9           LISBON
1869 11 29 08 00  38.72   -9.14 1030.8           LISBON
1869 11 30 08 00  38.72   -9.14 1025.3           LISBON
1869 11 01 08 00  57.20   -2.20 1019.3         ABERDEEN
1869 11 02 08 00  57.20   -2.20 1004.7         ABERDEEN
1869 11 03 08 00  57.20   -2.20 1009.1         ABERDEEN
1869 11 04 08 00  57.20   -2.20  986.8         ABERDEEN
1869 11 05 08 00  57.20   -2.20  999.0         ABERDEEN
1869 11 06 08 00  57.20   -2.20  995.6         ABERDEEN
1869 11 07 08 00  57.20   -2.20 1006.8         ABERDEEN
1869 11 08 08 00  57.20   -2.20  991.2         ABERDEEN
1869 11 09 08 00  57.20   -2.20 1004.7         ABERDEEN
1869 11 10 08 00  57.20   -2.20 1006.1         ABERDEEN
1869 11 11 08 00  57.20   -2.20 1024.4         ABERDEEN
1869 11 12 08 00  57.20   -2.20 1017.6         ABERDEEN
1869 11 13 08 00  57.20   -2.20 1003.7         ABERDEEN
1869 11 14 08 00  57.20   -2.20  998.0         ABERDEEN
1869 11 15 08 00  57.20   -2.20 1006.4         ABERDEEN
1869 11 16 08 00  57.20   -2.20 1003.4         ABERDEEN
1869 11 17 08 00  57.20   -2.20 1017.9         ABERDEEN
1869 11 18 08 00  57.20   -2.20 1016.6         ABERDEEN
1869 11 19 08 00  57.20   -2.20 1012.9         ABERDEEN
1869 11 20 08 00  57.20   -2.20 1024.7         ABERDEEN
1869 11 21 08 00  57.20   -2.20 1012.9         ABERDEEN
1869 11 22 08 00  57.20   -2.20  986.1         ABERDEEN
1869 11 23 08 00  57.20   -2.20  994.9         ABERDEEN
1869 11 24 08 00  57.20   -2.20 1007.5         ABERDEEN
1869 11 25 08 00  57.20   -2.20 1003.7         ABERDEEN
1869 11 26 08 00  57.20   -2.20  996.6         ABERDEEN
1869 11 27 08 00  57.20   -2.20  998.6         ABERDEEN
1869 11 28 08 00  57.20   -2.20  992.2         ABERDEEN
1869 11 29 08 00  57.20   -2.20 1008.1         ABERDEEN
1869 11 30 08 00  57.20   -2.20 1007.5         ABERDEEN
1869 11 01 08 00  51.68   -5.18 1029.5         PEMBROKE
1869 11 02 08 00  51.68   -5.18 1028.4         PEMBROKE
1869 11 03 08 00  51.68   -5.18 1026.1         PEMBROKE
1869 11 04 08 00  51.68   -5.18 1006.4         PEMBROKE
1869 11 05 08 00  51.68   -5.18 1009.1         PEMBROKE
1869 11 06 08 00  51.68   -5.18 1003.7         PEMBROKE
1869 11 07 08 00  51.68   -5.18 1015.2         PEMBROKE
1869 11 08 08 00  51.68   -5.18 1009.8         PEMBROKE
1869 11 09 08 00  51.68   -5.18 1008.1         PEMBROKE
1869 11 10 08 00  51.68   -5.18 1019.3         PEMBROKE
1869 11 11 08 00  51.68   -5.18 1026.1         PEMBROKE
1869 11 12 08 00  51.68   -5.18 1027.4         PEMBROKE
1869 11 13 08 00  51.68   -5.18 1020.3         PEMBROKE
1869 11 14 08 00  51.68   -5.18 1013.5         PEMBROKE
1869 11 15 08 00  51.68   -5.18 1012.5         PEMBROKE
1869 11 16 08 00  51.68   -5.18 1010.5         PEMBROKE
1869 11 17 08 00  51.68   -5.18 1025.1         PEMBROKE
1869 11 18 08 00  51.68   -5.18 1029.1         PEMBROKE
1869 11 19 08 00  51.68   -5.18 1028.1         PEMBROKE
1869 11 20 08 00  51.68   -5.18 1030.1         PEMBROKE
1869 11 21 08 00  51.68   -5.18 1025.4         PEMBROKE
1869 11 22 08 00  51.68   -5.18  991.5         PEMBROKE
1869 11 23 08 00  51.68   -5.18  993.9         PEMBROKE
1869 11 24 08 00  51.68   -5.18 1004.4         PEMBROKE
1869 11 25 08 00  51.68   -5.18 1013.5         PEMBROKE
1869 11 26 08 00  51.68   -5.18 1010.8         PEMBROKE
1869 11 27 08 00  51.68   -5.18 1006.1         PEMBROKE
1869 11 28 08 00  51.68   -5.18 1002.4         PEMBROKE
1869 11 29 08 00  51.68   -5.18 1016.6         PEMBROKE
1869 11 30 08 00  51.68   -5.18 1006.4         PEMBROKE
1869 11 01 08 00  45.94   -0.96 1030.8        ROCHEFORT
1869 11 02 08 00  45.94   -0.96 1031.8        ROCHEFORT
1869 11 03 08 00  45.94   -0.96 1023.7        ROCHEFORT
1869 11 04 08 00  45.94   -0.96 1015.6        ROCHEFORT
1869 11 05 08 00  45.94   -0.96 1019.6        ROCHEFORT
1869 11 06 08 00  45.94   -0.96 1014.2        ROCHEFORT
1869 11 07 08 00  45.94   -0.96 1018.3        ROCHEFORT
1869 11 08 08 00  45.94   -0.96 1021.0        ROCHEFORT
1869 11 09 08 00  45.94   -0.96 1022.7        ROCHEFORT
1869 11 10 08 00  45.94   -0.96 1019.6        ROCHEFORT
1869 11 11 08 00  45.94   -0.96 1025.1        ROCHEFORT
1869 11 12 08 00  45.94   -0.96 1032.2        ROCHEFORT
1869 11 13 08 00  45.94   -0.96 1031.2        ROCHEFORT
1869 11 14 08 00  45.94   -0.96 1031.2        ROCHEFORT
1869 11 15 08 00  45.94   -0.96 1027.8        ROCHEFORT
1869 11 16 08 00  45.94   -0.96 1021.0        ROCHEFORT
1869 11 17 08 00  45.94   -0.96 1025.1        ROCHEFORT
1869 11 18 08 00  45.94   -0.96 1030.5        ROCHEFORT
1869 11 19 08 00  45.94   -0.96 1033.2        ROCHEFORT
1869 11 20 08 00  45.94   -0.96 1026.4        ROCHEFORT
1869 11 21 08 00  45.94   -0.96 1028.1        ROCHEFORT
1869 11 22 08 00  45.94   -0.96 1008.1        ROCHEFORT
1869 11 23 08 00  45.94   -0.96  991.9        ROCHEFORT
1869 11 24 08 00  45.94   -0.96  999.0        ROCHEFORT
1869 11 25 08 00  45.94   -0.96 1012.2        ROCHEFORT
1869 11 26 08 00  45.94   -0.96 1020.3        ROCHEFORT
1869 11 27 08 00  45.94   -0.96 1020.0        ROCHEFORT
1869 11 28 08 00  45.94   -0.96 1014.2        ROCHEFORT
1869 11 29 08 00  45.94   -0.96 1025.1        ROCHEFORT
1869 11 30 08 00  45.94   -0.96 1007.5        ROCHEFORT
1869 11 01 08 00  53.31   -4.63 1027.8         HOLYHEAD
1869 11 02 08 00  53.31   -4.63 1025.7         HOLYHEAD
1869 11 03 08 00  53.31   -4.63 1015.2         HOLYHEAD
1869 11 04 08 00  53.31   -4.63 1002.7         HOLYHEAD
1869 11 05 08 00  53.31   -4.63 1007.8         HOLYHEAD
1869 11 06 08 00  53.31   -4.63 1003.0         HOLYHEAD
1869 11 07 08 00  53.31   -4.63 1014.2         HOLYHEAD
1869 11 08 08 00  53.31   -4.63 1006.8         HOLYHEAD
1869 11 09 08 00  53.31   -4.63 1007.1         HOLYHEAD
1869 11 10 08 00  53.31   -4.63 1017.9         HOLYHEAD
1869 11 11 08 00  53.31   -4.63 1026.4         HOLYHEAD
1869 11 12 08 00  53.31   -4.63 1026.1         HOLYHEAD
1869 11 13 08 00  53.31   -4.63 1015.9         HOLYHEAD
1869 11 14 08 00  53.31   -4.63 1011.2         HOLYHEAD
1869 11 15 08 00  53.31   -4.63 1011.5         HOLYHEAD
1869 11 16 08 00  53.31   -4.63 1009.1         HOLYHEAD
1869 11 17 08 00  53.31   -4.63 1024.0         HOLYHEAD
1869 11 18 08 00  53.31   -4.63 1026.8         HOLYHEAD
1869 11 19 08 00  53.31   -4.63 1025.7         HOLYHEAD
1869 11 20 08 00  53.31   -4.63 1030.1         HOLYHEAD
1869 11 21 08 00  53.31   -4.63 1022.7         HOLYHEAD
1869 11 22 08 00  53.31   -4.63  991.2         HOLYHEAD
1869 11 23 08 00  53.31   -4.63  993.6         HOLYHEAD
1869 11 24 08 00  53.31   -4.63 1005.8         HOLYHEAD
1869 11 25 08 00  53.31   -4.63 1011.9         HOLYHEAD
1869 11 26 08 00  53.31   -4.63 1008.1         HOLYHEAD
1869 11 27 08 00  53.31   -4.63 1005.4         HOLYHEAD
1869 11 28 08 00  53.31   -4.63 1002.7         HOLYHEAD
1869 11 29 08 00  53.31   -4.63 1015.2         HOLYHEAD
1869 11 30 08 00  53.31   -4.63 1008.8         HOLYHEAD
1869 11 01 08 00  51.80   -8.30 1032.2      ROCHESPOINT
1869 11 02 08 00  51.80   -8.30 1029.8      ROCHESPOINT
1869 11 03 08 00  51.80   -8.30 1017.9      ROCHESPOINT
1869 11 04 08 00  51.80   -8.30 1008.8      ROCHESPOINT
1869 11 05 08 00  51.80   -8.30 1010.2      ROCHESPOINT
1869 11 06 08 00  51.80   -8.30 1007.1      ROCHESPOINT
1869 11 07 08 00  51.80   -8.30 1016.9      ROCHESPOINT
1869 11 08 08 00  51.80   -8.30 1012.5      ROCHESPOINT
1869 11 09 08 00  51.80   -8.30 1010.5      ROCHESPOINT
1869 11 10 08 00  51.80   -8.30 1022.4      ROCHESPOINT
1869 11 11 08 00  51.80   -8.30 1028.4      ROCHESPOINT
1869 11 12 08 00  51.80   -8.30 1027.4      ROCHESPOINT
1869 11 13 08 00  51.80   -8.30 1019.0      ROCHESPOINT
1869 11 14 08 00  51.80   -8.30 1015.2      ROCHESPOINT
1869 11 15 08 00  51.80   -8.30 1012.9      ROCHESPOINT
1869 11 16 08 00  51.80   -8.30 1009.8      ROCHESPOINT
1869 11 17 08 00  51.80   -8.30 1023.0      ROCHESPOINT
1869 11 18 08 00  51.80   -8.30 1027.1      ROCHESPOINT
1869 11 19 08 00  51.80   -8.30 1029.8      ROCHESPOINT
1869 11 20 08 00  51.80   -8.30 1033.5      ROCHESPOINT
1869 11 21 08 00  51.80   -8.30 1025.7      ROCHESPOINT
1869 11 22 08 00  51.80   -8.30  992.2      ROCHESPOINT
1869 11 23 08 00  51.80   -8.30  997.6      ROCHESPOINT
1869 11 24 08 00  51.80   -8.30 1009.1      ROCHESPOINT
1869 11 25 08 00  51.80   -8.30 1012.2      ROCHESPOINT
1869 11 26 08 00  51.80   -8.30 1010.8      ROCHESPOINT
1869 11 27 08 00  51.80   -8.30 1002.0      ROCHESPOINT
1869 11 28 08 00  51.80   -8.30 1007.1      ROCHESPOINT
1869 11 29 08 00  51.80   -8.30 1014.2      ROCHESPOINT
1869 11 30 08 00  51.80   -8.30 1012.5      ROCHESPOINT
1869 11 01 08 00  50.38   -4.14 1030.8         PLYMOUTH
1869 11 02 08 00  50.38   -4.14 1031.2         PLYMOUTH
1869 11 03 08 00  50.38   -4.14 1017.6         PLYMOUTH
1869 11 04 08 00  50.38   -4.14 1007.8         PLYMOUTH
1869 11 05 08 00  50.38   -4.14 1013.5         PLYMOUTH
1869 11 06 08 00  50.38   -4.14 1004.7         PLYMOUTH
1869 11 07 08 00  50.38   -4.14 1017.6         PLYMOUTH
1869 11 08 08 00  50.38   -4.14 1013.5         PLYMOUTH
1869 11 09 08 00  50.38   -4.14 1013.9         PLYMOUTH
1869 11 10 08 00  50.38   -4.14 1019.6         PLYMOUTH
1869 11 11 08 00  50.38   -4.14 1027.4         PLYMOUTH
1869 11 12 08 00  50.38   -4.14 1031.8         PLYMOUTH
1869 11 13 08 00  50.38   -4.14 1027.1         PLYMOUTH
1869 11 14 08 00  50.38   -4.14 1020.0         PLYMOUTH
1869 11 15 08 00  50.38   -4.14 1018.3         PLYMOUTH
1869 11 16 08 00  50.38   -4.14 1015.9         PLYMOUTH
1869 11 17 08 00  50.38   -4.14 1027.4         PLYMOUTH
1869 11 18 08 00  50.38   -4.14 1032.8         PLYMOUTH
1869 11 19 08 00  50.38   -4.14 1032.2         PLYMOUTH
1869 11 20 08 00  50.38   -4.14 1029.5         PLYMOUTH
1869 11 21 08 00  50.38   -4.14 1027.1         PLYMOUTH
1869 11 22 08 00  50.38   -4.14  993.6         PLYMOUTH
1869 11 23 08 00  50.38   -4.14  993.2         PLYMOUTH
1869 11 24 08 00  50.38   -4.14 1004.4         PLYMOUTH
1869 11 25 08 00  50.38   -4.14 1015.9         PLYMOUTH
1869 11 26 08 00  50.38   -4.14 1011.9         PLYMOUTH
1869 11 27 08 00  50.38   -4.14 1009.5         PLYMOUTH
1869 11 28 08 00  50.38   -4.14 1004.7         PLYMOUTH
1869 11 29 08 00  50.38   -4.14 1019.6         PLYMOUTH
1869 11 30 08 00  50.38   -4.14 1002.4         PLYMOUTH
1869 11 01 08 00  41.90   12.50 1019.3             ROME
1869 11 02 08 00  41.90   12.50 1018.5             ROME
1869 11 03 08 00  41.90   12.50 1017.3             ROME
1869 11 04 08 00  41.90   12.50 1004.5             ROME
1869 11 05 08 00  41.90   12.50  997.8             ROME
1869 11 06 08 00  41.90   12.50 1012.1             ROME
1869 11 07 08 00  41.90   12.50 1012.7             ROME
1869 11 08 08 00  41.90   12.50 1017.1             ROME
1869 11 09 08 00  41.90   12.50 1019.4             ROME
1869 11 10 08 00  41.90   12.50 1015.2             ROME
1869 11 11 08 00  41.90   12.50 1006.8             ROME
1869 11 12 08 00  41.90   12.50 1019.3             ROME
1869 11 13 08 00  41.90   12.50 1034.7             ROME
1869 11 14 08 00  41.90   12.50 1031.8             ROME
1869 11 15 08 00  41.90   12.50 1022.8             ROME
1869 11 16 08 00  41.90   12.50 1018.1             ROME
1869 11 17 08 00  41.90   12.50 1019.6             ROME
1869 11 18 08 00  41.90   12.50 1026.4             ROME
1869 11 19 08 00  41.90   12.50 1027.7             ROME
1869 11 20 08 00  41.90   12.50 1022.0             ROME
1869 11 21 08 00  41.90   12.50 1012.9             ROME
1869 11 22 08 00  41.90   12.50 1006.4             ROME
1869 11 23 08 00  41.90   12.50 1007.6             ROME
1869 11 24 08 00  41.90   12.50 1004.9             ROME
1869 11 25 08 00  41.90   12.50 1006.4             ROME
1869 11 26 08 00  41.90   12.50 1008.4             ROME
1869 11 27 08 00  41.90   12.50 1016.9             ROME
1869 11 28 08 00  41.90   12.50 1015.6             ROME
1869 11 29 08 00  41.90   12.50 1008.5             ROME
1869 11 30 08 00  41.90   12.50 1009.6             ROME
1869 11 01 08 00  48.39   -4.49 1029.5            BREST
1869 11 02 08 00  48.39   -4.49 1030.8            BREST
1869 11 03 08 00  48.39   -4.49 1020.0            BREST
1869 11 04 08 00  48.39   -4.49 1011.9            BREST
1869 11 05 08 00  48.39   -4.49 1015.9            BREST
1869 11 06 08 00  48.39   -4.49 1005.1            BREST
1869 11 07 08 00  48.39   -4.49 1015.9            BREST
1869 11 08 08 00  48.39   -4.49 1016.3            BREST
1869 11 09 08 00  48.39   -4.49 1015.9            BREST
1869 11 10 08 00  48.39   -4.49 1017.3            BREST
1869 11 11 08 00  48.39   -4.49 1024.4            BREST
1869 11 12 08 00  48.39   -4.49 1030.1            BREST
1869 11 13 08 00  48.39   -4.49 1025.7            BREST
1869 11 14 08 00  48.39   -4.49 1022.7            BREST
1869 11 15 08 00  48.39   -4.49 1021.0            BREST
1869 11 16 08 00  48.39   -4.49 1014.6            BREST
1869 11 17 08 00  48.39   -4.49 1024.0            BREST
1869 11 18 08 00  48.39   -4.49 1030.8            BREST
1869 11 19 08 00  48.39   -4.49 1030.8            BREST
1869 11 20 08 00  48.39   -4.49 1026.8            BREST
1869 11 21 08 00  48.39   -4.49 1027.1            BREST
1869 11 22 08 00  48.39   -4.49  996.3            BREST
1869 11 23 08 00  48.39   -4.49  988.5            BREST
1869 11 24 08 00  48.39   -4.49 1000.7            BREST
1869 11 25 08 00  48.39   -4.49 1014.2            BREST
1869 11 26 08 00  48.39   -4.49 1014.9            BREST
1869 11 27 08 00  48.39   -4.49 1013.5            BREST
1869 11 28 08 00  48.39   -4.49 1005.4            BREST
1869 11 29 08 00  48.39   -4.49 1020.0            BREST
1869 11 30 08 00  48.39   -4.49 1001.4            BREST
1869 11 01 08 00  45.76    4.84 1031.8            LYONS
1869 11 02 08 00  45.76    4.84 1031.2            LYONS
1869 11 03 08 00  45.76    4.84 1024.4            LYONS
1869 11 04 08 00  45.76    4.84 1010.5            LYONS
1869 11 05 08 00  45.76    4.84 1016.3            LYONS
1869 11 06 08 00  45.76    4.84 1015.6            LYONS
1869 11 07 08 00  45.76    4.84 1018.3            LYONS
1869 11 08 08 00  45.76    4.84 1022.4            LYONS
1869 11 09 08 00  45.76    4.84 1022.4            LYONS
1869 11 10 08 00  45.76    4.84 1019.6            LYONS
1869 11 11 08 00  45.76    4.84 1022.0            LYONS
1869 11 12 08 00  45.76    4.84 1033.2            LYONS
1869 11 13 08 00  45.76    4.84 1035.6            LYONS
1869 11 14 08 00  45.76    4.84 1033.2            LYONS
1869 11 15 08 00  45.76    4.84 1029.1            LYONS
1869 11 16 08 00  45.76    4.84 1021.0            LYONS
1869 11 17 08 00  45.76    4.84 1023.7            LYONS
1869 11 18 08 00  45.76    4.84 1031.2            LYONS
1869 11 19 08 00  45.76    4.84 1033.2            LYONS
1869 11 20 08 00  45.76    4.84 1025.7            LYONS
1869 11 21 08 00  45.76    4.84 1021.7            LYONS
1869 11 22 08 00  45.76    4.84 1012.9            LYONS
1869 11 23 08 00  45.76    4.84  998.3            LYONS
1869 11 24 08 00  45.76    4.84 1003.7            LYONS
1869 11 25 08 00  45.76    4.84 1006.4            LYONS
1869 11 26 08 00  45.76    4.84 1021.0            LYONS
1869 11 27 08 00  45.76    4.84 1019.6            LYONS
1869 11 28 08 00  45.76    4.84 1016.9            LYONS
1869 11 29 08 00  45.76    4.84 1024.0            LYONS
1869 11 30 08 00  45.76    4.84 1006.8            LYONS
1869 11 01 08 00  54.28   -0.40 1022.0      SCARBOROUGH
1869 11 01 14 00  54.28   -0.40 1021.0      SCARBOROUGH
1869 11 02 08 00  54.28   -0.40 1017.6      SCARBOROUGH
1869 11 02 14 00  54.28   -0.40 1012.2      SCARBOROUGH
1869 11 03 08 00  54.28   -0.40 1010.2      SCARBOROUGH
1869 11 03 14 00  54.28   -0.40 1010.5      SCARBOROUGH
1869 11 04 08 00  54.28   -0.40  991.9      SCARBOROUGH
1869 11 04 14 00  54.28   -0.40  991.9      SCARBOROUGH
1869 11 05 08 00  54.28   -0.40 1003.7      SCARBOROUGH
1869 11 05 14 00  54.28   -0.40 1000.7      SCARBOROUGH
1869 11 06 08 00  54.28   -0.40  996.3      SCARBOROUGH
1869 11 06 14 00  54.28   -0.40 1000.3      SCARBOROUGH
1869 11 07 08 00  54.28   -0.40 1010.5      SCARBOROUGH
1869 11 08 08 00  54.28   -0.40  997.6      SCARBOROUGH
1869 11 08 14 00  54.28   -0.40 1003.0      SCARBOROUGH
1869 11 09 08 00  54.28   -0.40 1004.4      SCARBOROUGH
1869 11 09 14 00  54.28   -0.40 1006.8      SCARBOROUGH
1869 11 10 08 00  54.28   -0.40 1011.2      SCARBOROUGH
1869 11 10 14 00  54.28   -0.40 1009.8      SCARBOROUGH
1869 11 11 08 00  54.28   -0.40 1022.7      SCARBOROUGH
1869 11 11 14 00  54.28   -0.40 1025.7      SCARBOROUGH
1869 11 12 08 00  54.28   -0.40 1024.4      SCARBOROUGH
1869 11 12 14 00  54.28   -0.40 1022.0      SCARBOROUGH
1869 11 13 08 00  54.28   -0.40 1012.5      SCARBOROUGH
1869 11 13 14 00  54.28   -0.40 1006.8      SCARBOROUGH
1869 11 14 08 00  54.28   -0.40 1005.8      SCARBOROUGH
1869 11 15 08 00  54.28   -0.40 1012.2      SCARBOROUGH
1869 11 15 14 00  54.28   -0.40 1011.5      SCARBOROUGH
1869 11 16 08 00  54.28   -0.40 1010.2      SCARBOROUGH
1869 11 16 14 00  54.28   -0.40 1012.2      SCARBOROUGH
1869 11 17 08 00  54.28   -0.40 1024.7      SCARBOROUGH
1869 11 17 14 00  54.28   -0.40 1025.7      SCARBOROUGH
1869 11 18 08 00  54.28   -0.40 1027.4      SCARBOROUGH
1869 11 18 14 00  54.28   -0.40 1026.4      SCARBOROUGH
1869 11 19 08 00  54.28   -0.40 1021.0      SCARBOROUGH
1869 11 19 14 00  54.28   -0.40 1021.3      SCARBOROUGH
1869 11 20 08 00  54.28   -0.40 1024.7      SCARBOROUGH
1869 11 20 14 00  54.28   -0.40 1025.1      SCARBOROUGH
1869 11 21 08 00  54.28   -0.40 1021.3      SCARBOROUGH
1869 11 22 08 00  54.28   -0.40  990.5      SCARBOROUGH
1869 11 22 14 00  54.28   -0.40  989.8      SCARBOROUGH
1869 11 23 08 00  54.28   -0.40  991.5      SCARBOROUGH
1869 11 23 14 00  54.28   -0.40  992.9      SCARBOROUGH
1869 11 24 08 00  54.28   -0.40 1004.1      SCARBOROUGH
1869 11 24 14 00  54.28   -0.40 1008.5      SCARBOROUGH
1869 11 25 08 00  54.28   -0.40 1012.2      SCARBOROUGH
1869 11 25 14 00  54.28   -0.40 1008.5      SCARBOROUGH
1869 11 26 08 00  54.28   -0.40  996.6      SCARBOROUGH
1869 11 26 14 00  54.28   -0.40 1003.4      SCARBOROUGH
1869 11 27 08 00  54.28   -0.40 1003.0      SCARBOROUGH
1869 11 27 14 00  54.28   -0.40 1002.4      SCARBOROUGH
1869 11 28 08 00  54.28   -0.40  997.6      SCARBOROUGH
1869 11 29 08 00  54.28   -0.40 1012.5      SCARBOROUGH
1869 11 29 14 00  54.28   -0.40 1010.5      SCARBOROUGH
1869 11 30 08 00  54.28   -0.40 1005.1      SCARBOROUGH
1869 11 30 14 00  54.28   -0.40 1007.1      SCARBOROUGH
1869 11 01 08 00  53.40   -3.08 1025.1        LIVERPOOL
1869 11 02 08 00  53.40   -3.08 1024.4        LIVERPOOL
1869 11 03 08 00  53.40   -3.08 1013.2        LIVERPOOL
1869 11 04 08 00  53.40   -3.08  999.0        LIVERPOOL
1869 11 05 08 00  53.40   -3.08 1006.4        LIVERPOOL
1869 11 06 08 00  53.40   -3.08 1000.3        LIVERPOOL
1869 11 07 08 00  53.40   -3.08 1011.9        LIVERPOOL
1869 11 08 08 00  53.40   -3.08 1003.4        LIVERPOOL
1869 11 09 08 00  53.40   -3.08 1006.1        LIVERPOOL
1869 11 10 08 00  53.40   -3.08 1015.2        LIVERPOOL
1869 11 11 08 00  53.40   -3.08 1025.7        LIVERPOOL
1869 11 12 08 00  53.40   -3.08 1026.4        LIVERPOOL
1869 11 13 08 00  53.40   -3.08 1015.2        LIVERPOOL
1869 11 14 08 00  53.40   -3.08 1009.1        LIVERPOOL
1869 11 15 08 00  53.40   -3.08 1012.5        LIVERPOOL
1869 11 16 08 00  53.40   -3.08 1009.8        LIVERPOOL
1869 11 17 08 00  53.40   -3.08 1024.7        LIVERPOOL
1869 11 18 08 00  53.40   -3.08 1028.1        LIVERPOOL
1869 11 19 08 00  53.40   -3.08 1024.0        LIVERPOOL
1869 11 20 08 00  53.40   -3.08 1027.8        LIVERPOOL
1869 11 21 08 00  53.40   -3.08 1022.4        LIVERPOOL
1869 11 22 08 00  53.40   -3.08  990.2        LIVERPOOL
1869 11 23 08 00  53.40   -3.08  992.6        LIVERPOOL
1869 11 24 08 00  53.40   -3.08 1004.4        LIVERPOOL
1869 11 25 08 00  53.40   -3.08 1012.5        LIVERPOOL
1869 11 26 08 00  53.40   -3.08 1004.1        LIVERPOOL
1869 11 27 08 00  53.40   -3.08 1005.1        LIVERPOOL
1869 11 28 08 00  53.40   -3.08  999.7        LIVERPOOL
1869 11 29 08 00  53.40   -3.08 1014.9        LIVERPOOL
1869 11 30 08 00  53.40   -3.08 1007.5        LIVERPOOL
1869 11 01 08 00  50.12   -5.54 1031.2         PENZANCE
1869 11 01 14 00  50.12   -5.54 1031.5         PENZANCE
1869 11 02 08 00  50.12   -5.54 1031.5         PENZANCE
1869 11 02 14 00  50.12   -5.54 1029.1         PENZANCE
1869 11 03 08 00  50.12   -5.54 1018.3         PENZANCE
1869 11 03 14 00  50.12   -5.54 1016.3         PENZANCE
1869 11 04 08 00  50.12   -5.54 1010.2         PENZANCE
1869 11 04 14 00  50.12   -5.54 1011.2         PENZANCE
1869 11 05 08 00  50.12   -5.54 1012.9         PENZANCE
1869 11 05 14 00  50.12   -5.54 1009.8         PENZANCE
1869 11 06 08 00  50.12   -5.54 1005.1         PENZANCE
1869 11 06 14 00  50.12   -5.54 1010.8         PENZANCE
1869 11 07 08 00  50.12   -5.54 1016.6         PENZANCE
1869 11 08 08 00  50.12   -5.54 1013.9         PENZANCE
1869 11 08 14 00  50.12   -5.54 1015.2         PENZANCE
1869 11 09 08 00  50.12   -5.54 1014.2         PENZANCE
1869 11 09 14 00  50.12   -5.54 1013.5         PENZANCE
1869 11 10 08 00  50.12   -5.54 1020.0         PENZANCE
1869 11 10 14 00  50.12   -5.54 1021.3         PENZANCE
1869 11 11 08 00  50.12   -5.54 1026.8         PENZANCE
1869 11 11 14 00  50.12   -5.54 1028.1         PENZANCE
1869 11 12 08 00  50.12   -5.54 1030.1         PENZANCE
1869 11 12 14 00  50.12   -5.54 1029.5         PENZANCE
1869 11 13 08 00  50.12   -5.54 1025.4         PENZANCE
1869 11 13 14 00  50.12   -5.54 1023.0         PENZANCE
1869 11 14 08 00  50.12   -5.54 1019.6         PENZANCE
1869 11 15 08 00  50.12   -5.54 1017.3         PENZANCE
1869 11 15 14 00  50.12   -5.54 1017.6         PENZANCE
1869 11 16 08 00  50.12   -5.54 1011.9         PENZANCE
1869 11 16 14 00  50.12   -5.54 1015.6         PENZANCE
1869 11 17 08 00  50.12   -5.54 1027.1         PENZANCE
1869 11 17 14 00  50.12   -5.54 1027.8         PENZANCE
1869 11 18 08 00  50.12   -5.54 1032.2         PENZANCE
1869 11 18 14 00  50.12   -5.54 1033.2         PENZANCE
1869 11 19 08 00  50.12   -5.54 1031.8         PENZANCE
1869 11 19 14 00  50.12   -5.54 1031.5         PENZANCE
1869 11 20 08 00  50.12   -5.54 1030.8         PENZANCE
1869 11 20 14 00  50.12   -5.54 1031.2         PENZANCE
1869 11 21 08 00  50.12   -5.54 1028.1         PENZANCE
1869 11 22 08 00  50.12   -5.54  994.9         PENZANCE
1869 11 22 14 00  50.12   -5.54  989.2         PENZANCE
1869 11 23 08 00  50.12   -5.54  994.6         PENZANCE
1869 11 23 14 00  50.12   -5.54  996.3         PENZANCE
1869 11 24 08 00  50.12   -5.54 1004.7         PENZANCE
1869 11 24 14 00  50.12   -5.54 1008.1         PENZANCE
1869 11 25 08 00  50.12   -5.54 1015.6         PENZANCE
1869 11 25 14 00  50.12   -5.54 1016.3         PENZANCE
1869 11 26 08 00  50.12   -5.54 1013.2         PENZANCE
1869 11 26 14 00  50.12   -5.54 1013.2         PENZANCE
1869 11 27 08 00  50.12   -5.54 1009.8         PENZANCE
1869 11 27 14 00  50.12   -5.54 1005.1         PENZANCE
1869 11 28 08 00  50.12   -5.54 1008.1         PENZANCE
1869 11 29 08 00  50.12   -5.54 1019.3         PENZANCE
1869 11 29 14 00  50.12   -5.54 1007.1         PENZANCE
1869 11 30 08 00  50.12   -5.54 1005.4         PENZANCE
1869 11 30 14 00  50.12   -5.54 1014.9         PENZANCE
1869 11 01 08 00  43.12    5.93 1023.7           TOULON
1869 11 02 08 00  43.12    5.93 1021.7           TOULON
1869 11 03 08 00  43.12    5.93 1017.6           TOULON
1869 11 04 08 00  43.12    5.93 1009.8           TOULON
1869 11 05 08 00  43.12    5.93 1005.4           TOULON
1869 11 06 08 00  43.12    5.93 1012.2           TOULON
1869 11 07 08 00  43.12    5.93 1012.5           TOULON
1869 11 08 08 00  43.12    5.93 1019.6           TOULON
1869 11 09 08 00  43.12    5.93 1018.6           TOULON
1869 11 10 08 00  43.12    5.93 1014.9           TOULON
1869 11 11 08 00  43.12    5.93 1012.9           TOULON
1869 11 12 08 00  43.12    5.93 1025.1           TOULON
1869 11 13 08 00  43.12    5.93 1034.2           TOULON
1869 11 14 08 00  43.12    5.93 1032.2           TOULON
1869 11 15 08 00  43.12    5.93 1021.3           TOULON
1869 11 16 08 00  43.12    5.93 1019.3           TOULON
1869 11 17 08 00  43.12    5.93 1021.3           TOULON
1869 11 18 08 00  43.12    5.93 1029.5           TOULON
1869 11 19 08 00  43.12    5.93 1029.5           TOULON
1869 11 20 08 00  43.12    5.93 1022.0           TOULON
1869 11 21 08 00  43.12    5.93 1011.9           TOULON
1869 11 22 08 00  43.12    5.93 1005.4           TOULON
1869 11 23 08 00  43.12    5.93 1000.3           TOULON
1869 11 24 08 00  43.12    5.93  999.3           TOULON
1869 11 25 08 00  43.12    5.93 1001.4           TOULON
1869 11 26 08 00  43.12    5.93 1009.5           TOULON
1869 11 27 08 00  43.12    5.93 1016.9           TOULON
1869 11 28 08 00  43.12    5.93 1017.9           TOULON
1869 11 29 08 00  43.12    5.93 1012.1           TOULON
1869 11 30 08 00  43.12    5.93 1011.2           TOULON
1869 11 01 08 00  33.31   44.36 1009.5          BAGHDAD
1869 11 02 08 00  33.31   44.36 1012.1          BAGHDAD
1869 11 03 08 00  33.31   44.36  996.2          BAGHDAD
1869 11 04 08 00  33.31   44.36  999.0          BAGHDAD
1869 11 05 08 00  33.31   44.36 1015.5          BAGHDAD
1869 11 06 08 00  33.31   44.36 1012.1          BAGHDAD
1869 11 07 08 00  33.31   44.36 1010.8          BAGHDAD
1869 11 08 08 00  33.31   44.36 1011.3          BAGHDAD
1869 11 09 08 00  33.31   44.36 1012.1          BAGHDAD
1869 11 10 08 00  33.31   44.36 1012.0          BAGHDAD
1869 11 11 08 00  33.31   44.36 1011.5          BAGHDAD
1869 11 12 08 00  33.31   44.36 1010.8          BAGHDAD
1869 11 13 08 00  33.31   44.36 1012.1          BAGHDAD
1869 11 14 08 00  33.31   44.36 1009.5          BAGHDAD
1869 11 15 08 00  33.31   44.36 1010.8          BAGHDAD
1869 11 16 08 00  33.31   44.36 1012.8          BAGHDAD
1869 11 17 08 00  33.31   44.36 1012.1          BAGHDAD
1869 11 19 08 00  33.31   44.36 1009.5          BAGHDAD
1869 11 20 08 00  33.31   44.36 1007.5          BAGHDAD
1869 11 21 08 00  33.31   44.36 1008.1          BAGHDAD
1869 11 22 08 00  33.31   44.36 1010.8          BAGHDAD
1869 11 23 08 00  33.31   44.36 1016.1          BAGHDAD
1869 11 24 08 00  33.31   44.36 1017.5          BAGHDAD
1869 11 26 08 00  33.31   44.36 1012.8          BAGHDAD
1869 11 27 08 00  33.31   44.36 1013.5          BAGHDAD
1869 11 28 08 00  33.31   44.36 1013.5          BAGHDAD
1869 11 29 08 00  33.31   44.36 1002.8          BAGHDAD
1869 11 30 08 00  33.31   44.36 1004.2          BAGHDAD
1869 11 01 08 00  37.93   40.21 1017.6       DIYARBAKIR
1869 11 02 08 00  37.93   40.21 1017.5       DIYARBAKIR
1869 11 03 08 00  37.93   40.21 1001.5       DIYARBAKIR
1869 11 04 08 00  37.93   40.21 1002.2       DIYARBAKIR
1869 11 05 08 00  37.93   40.21 1020.5       DIYARBAKIR
1869 11 06 08 00  37.93   40.21 1019.8       DIYARBAKIR
1869 11 07 08 00  37.93   40.21 1015.1       DIYARBAKIR
1869 11 08 08 00  37.93   40.21 1020.1       DIYARBAKIR
1869 11 09 08 00  37.93   40.21 1021.2       DIYARBAKIR
1869 11 10 08 00  37.93   40.21 1020.0       DIYARBAKIR
1869 11 11 08 00  37.93   40.21 1019.8       DIYARBAKIR
1869 11 12 08 00  37.93   40.21 1021.6       DIYARBAKIR
1869 11 13 08 00  37.93   40.21 1020.1       DIYARBAKIR
1869 11 14 08 00  37.93   40.21 1013.5       DIYARBAKIR
1869 11 15 08 00  37.93   40.21 1014.8       DIYARBAKIR
1869 11 16 08 00  37.93   40.21 1017.5       DIYARBAKIR
1869 11 17 08 00  37.93   40.21 1018.8       DIYARBAKIR
1869 11 18 08 00  37.93   40.21 1016.5       DIYARBAKIR
1869 11 19 08 00  37.93   40.21 1013.9       DIYARBAKIR
1869 11 20 08 00  37.93   40.21 1016.1       DIYARBAKIR
1869 11 21 08 00  37.93   40.21 1015.6       DIYARBAKIR
1869 11 22 08 00  37.93   40.21 1015.5       DIYARBAKIR
1869 11 23 08 00  37.93   40.21 1022.0       DIYARBAKIR
1869 11 24 08 00  37.93   40.21 1025.4       DIYARBAKIR
1869 11 25 08 00  37.93   40.21 1025.4       DIYARBAKIR
1869 11 26 08 00  37.93   40.21 1020.1       DIYARBAKIR
1869 11 27 08 00  37.93   40.21 1020.1       DIYARBAKIR
1869 11 28 08 00  37.93   40.21 1017.1       DIYARBAKIR
1869 11 29 08 00  37.93   40.21 1014.8       DIYARBAKIR
1869 11 30 08 00  37.93   40.21 1012.7       DIYARBAKIR
1869 11 01 08 00  33.89   35.50 1013.7           BEIRUT
1869 11 02 08 00  33.89   35.50 1012.3           BEIRUT
1869 11 03 08 00  33.89   35.50 1010.7           BEIRUT
1869 11 04 08 00  33.89   35.50 1012.9           BEIRUT
1869 11 05 08 00  33.89   35.50 1008.5           BEIRUT
1869 11 06 08 00  33.89   35.50 1006.1           BEIRUT
1869 11 07 08 00  33.89   35.50 1011.5           BEIRUT
1869 11 08 08 00  33.89   35.50 1012.1           BEIRUT
1869 11 09 08 00  33.89   35.50 1014.9           BEIRUT
1869 11 11 08 00  33.89   35.50 1017.5           BEIRUT
1869 11 12 08 00  33.89   35.50 1012.5           BEIRUT
1869 11 13 08 00  33.89   35.50 1015.5           BEIRUT
1869 11 14 08 00  33.89   35.50 1014.7           BEIRUT
1869 11 15 08 00  33.89   35.50 1014.1           BEIRUT
1869 11 16 08 00  33.89   35.50 1012.1           BEIRUT
1869 11 17 08 00  33.89   35.50 1010.8           BEIRUT
1869 11 18 08 00  33.89   35.50 1011.1           BEIRUT
1869 11 19 08 00  33.89   35.50 1010.9           BEIRUT
1869 11 20 08 00  33.89   35.50 1010.5           BEIRUT
1869 11 21 08 00  33.89   35.50 1008.3           BEIRUT
1869 11 22 08 00  33.89   35.50 1012.8           BEIRUT
1869 11 23 08 00  33.89   35.50 1018.9           BEIRUT
1869 11 24 08 00  33.89   35.50 1020.0           BEIRUT
1869 11 25 08 00  33.89   35.50 1018.9           BEIRUT
1869 11 26 08 00  33.89   35.50 1016.0           BEIRUT
1869 11 27 08 00  33.89   35.50 1011.6           BEIRUT
1869 11 28 08 00  33.89   35.50 1007.7           BEIRUT
1869 11 29 08 00  33.89   35.50 1010.7           BEIRUT
1869 11 30 08 00  33.89   35.50 1008.0           BEIRUT
1869 11 01 08 00  55.20   -6.99 1024.7      GREENCASTLE
1869 11 01 14 00  55.20   -6.99 1024.7      GREENCASTLE
1869 11 02 08 00  55.20   -6.99 1019.0      GREENCASTLE
1869 11 02 14 00  55.20   -6.99 1011.5      GREENCASTLE
1869 11 03 08 00  55.20   -6.99 1014.6      GREENCASTLE
1869 11 03 14 00  55.20   -6.99 1009.8      GREENCASTLE
1869 11 04 08 00  55.20   -6.99 1000.0      GREENCASTLE
1869 11 04 14 00  55.20   -6.99 1002.0      GREENCASTLE
1869 11 05 08 00  55.20   -6.99 1003.0      GREENCASTLE
1869 11 05 14 00  55.20   -6.99  994.2      GREENCASTLE
1869 11 06 08 00  55.20   -6.99 1003.0      GREENCASTLE
1869 11 06 14 00  55.20   -6.99 1006.1      GREENCASTLE
1869 11 07 08 00  55.20   -6.99 1010.5      GREENCASTLE
1869 11 08 08 00  55.20   -6.99 1007.1      GREENCASTLE
1869 11 08 14 00  55.20   -6.99 1009.8      GREENCASTLE
1869 11 09 08 00  55.20   -6.99 1009.8      GREENCASTLE
1869 11 09 14 00  55.20   -6.99 1012.9      GREENCASTLE
1869 11 10 08 00  55.20   -6.99 1014.9      GREENCASTLE
1869 11 10 14 00  55.20   -6.99 1018.6      GREENCASTLE
1869 11 11 08 00  55.20   -6.99 1026.4      GREENCASTLE
1869 11 11 14 00  55.20   -6.99 1026.4      GREENCASTLE
1869 11 12 08 00  55.20   -6.99 1022.4      GREENCASTLE
1869 11 12 14 00  55.20   -6.99 1018.3      GREENCASTLE
1869 11 13 08 00  55.20   -6.99 1008.1      GREENCASTLE
1869 11 13 14 00  55.20   -6.99 1003.7      GREENCASTLE
1869 11 14 08 00  55.20   -6.99 1005.8      GREENCASTLE
1869 11 15 08 00  55.20   -6.99 1006.1      GREENCASTLE
1869 11 16 08 00  55.20   -6.99 1004.7      GREENCASTLE
1869 11 16 14 00  55.20   -6.99 1008.1      GREENCASTLE
1869 11 17 08 00  55.20   -6.99 1017.6      GREENCASTLE
1869 11 17 14 00  55.20   -6.99 1015.9      GREENCASTLE
1869 11 18 08 00  55.20   -6.99 1019.6      GREENCASTLE
1869 11 18 14 00  55.20   -6.99 1017.9      GREENCASTLE
1869 11 19 08 00  55.20   -6.99 1022.0      GREENCASTLE
1869 11 19 14 00  55.20   -6.99 1032.8      GREENCASTLE
1869 11 20 08 00  55.20   -6.99 1031.8      GREENCASTLE
1869 11 20 14 00  55.20   -6.99 1031.5      GREENCASTLE
1869 11 21 08 00  55.20   -6.99 1016.6      GREENCASTLE
1869 11 22 08 00  55.20   -6.99  989.5      GREENCASTLE
1869 11 22 14 00  55.20   -6.99  990.2      GREENCASTLE
1869 11 23 08 00  55.20   -6.99  997.0      GREENCASTLE
1869 11 23 14 00  55.20   -6.99  999.3      GREENCASTLE
1869 11 24 08 00  55.20   -6.99 1010.2      GREENCASTLE
1869 11 24 14 00  55.20   -6.99 1011.2      GREENCASTLE
1869 11 25 08 00  55.20   -6.99 1005.8      GREENCASTLE
1869 11 25 14 00  55.20   -6.99 1002.7      GREENCASTLE
1869 11 26 08 00  55.20   -6.99 1003.7      GREENCASTLE
1869 11 26 14 00  55.20   -6.99 1002.7      GREENCASTLE
1869 11 27 08 00  55.20   -6.99 1002.7      GREENCASTLE
1869 11 27 14 00  55.20   -6.99 1000.3      GREENCASTLE
1869 11 28 08 00  55.20   -6.99 1001.4      GREENCASTLE
1869 11 29 08 00  55.20   -6.99 1012.5      GREENCASTLE
1869 11 29 14 00  55.20   -6.99 1006.8      GREENCASTLE
1869 11 30 08 00  55.20   -6.99 1014.9      GREENCASTLE
1869 11 30 14 00  55.20   -6.99 1019.6      GREENCASTLE
