01 29361 29352 29346 29329 29327 29331 29328 29326 29314 29311 29300 29298 29300 29302 29307 29286 29280 29290 29286 29286 29285 29286 29288 29286
02 29284 29276 29266 29262 29264 29272 29279 29286 29300 29305 29305 29314 29316 29322 29330 29344 29360 29372 29376 29388 29398 29407 29406 29406
03 29400 29396 29396 29392 29398 29407 29420 29422 29419 29420 29424 29418 29411 29410 29426 29423 29426 29420 29440 29452 29460 29462 29466 29459
04 29464 29464 29468 29480 29489 29502 29514 29534 29540 29542 29549 29550 29555 29561 29565 29573 29586 29601 29611 29627 29641 29652 29647 29649
05 29647 29651 29645 29644 29643 29647 29647 29655 29661 29667 29663 29655 29650 29641 29629 29623 29613 29605 29603 29597 29603 29607 29607 29605
06 29588 29574 29563 29557 29555 29559 29561 29567 29567 29575 29576 29579 29576 29580 29582 29585 29574 29573 29582 29582 29593 29592 29591 29586
07 29582 29570 29564 29552 29550 29547 29544 29540 29540 29526 29534 29513 29505 29497 29497 29490 29483 29477 29481 29485 29467 29465 29444 29425
08 29411 29389 29347 29331 29306 29269 29276 29267 29263 29275 29287 29288 29309 29297 29301 29299 29309 29309 29317 29326 29345 29351 29357 29367
09 29377 29371 29376 29385 29393 29465 29419 29435 29443 29455 29460 29453 29457 29478 29476 29488 29508 29524 29540 29558 29580 29606 29622 29637
10 29642 29654 29656 29674 29678 29693 29704 29716 29726 29730 29732 29743 29748 29756 29753 29752 29762 29770 29786 29804 29814 29820 29828 29836
11 29835 29834 29836 29834 29842 29836 29838 29836 29830 29816 29805 29787 29785 29767 29756 29781 29783 29771 29767 29762 29769 29771 29775 29767
12 29757 29745 29735 29735 29738 29749 29759 29765 29771 29778 29785 29789 29787 29785 29791 29798 29796 29801 29810 29833 29841 29851 29857 29863
13 29873 29869 29874 29881 29885 29897 29905 29917 29923 29917 29915 29918 29919 29907 29897 29896 29899 29898 29895 29891 29907 29905 29909 29905
14 29899 29887 29877 29865 29867 29865 29863 29855 29845 29831 29822 29806 29792 29776 29768 29754 29752 29740 29741 29740 29738 29730 29708 29694
15 29676 29658 29642 29626 29608 29606 29598 29592 29594 29590 29586 29584 29570 29560 29558 29542 29531 29522 29522 29529 29534 29531 29526 29512
16 29500 29500 29492 29486 29482 29476 29481 29485 29466 29452 29437 29420 29419 29429 29419 29415 29389 29377 29371 29375 29371 29361 29341 29317
17 29307 29303 29289 29279 29275 29268 29271 29267 29265 29271 29279 29283 29285 29287 29294 29303 29313 29323 29333 29344 29361 29371 29377 29395
18 29409 29431 29435 29443 29455 29475 29493 29503 29515 29529 29524 29534 29545 29554 29568 29568 29569 29569 29576 29584 29598 29605 29605 29604
19 29598 29585 29576 29576 29570 29570 29570 29562 29559 29546 29534 29530 29517 29493 29480 29468 29452 29435 29422 29410 29402 29390 29373 29362
20 29342 29328 29314 29308 29318 29334 29350 29364 29370 29386 29395 29406 29411 29428 29427 29430 29436 29440 29450 29456 29466 29465 29478 29484
21 29475 29470 29454 29442 29436 29422 29412 29410 29388 29374 29353 29318 29295 29268 29242 29215 29188 29175 29174 29176 29188 29194 29200 29200
22 29204 29212 29223 29235 29254 29272 29292 29324 29342 29372 29397 29424 29448 29472 29486 29490 29500 29520 29530 29542 29551 29555 29558 29556
23 29544 29536 29526 29522 29519 29512 29509 29506 29498 29478 29478 29466 29458 29440 29427 29418 29408 29402 29398 29394 29396 29383 29362 29344
24 29330 29313 29302 29294 29290 29286 29286 29278 29272 29256 29253 29261 29263 29257 29251 29253 29241 29247 29251 29255 29256 29257 29259 29257
25 29255 29255 29248 29251 29249 29261 29269 29279 29285 29287 29288 29282 29285 29288 29292 29294 29306 29308 29314 29320 29332 29340 29342 29354
26 29358 29353 29352 29353 29350 29350 29349 29342 29330 29308 29295 29279 29262 29246 29241 29215 29201 29191 29195 29207 29207 29230 29255 29277
27 29295 29303 29305 29311 29319 29311 29295 29273 29258 29241 29227 29221 29213 29206 29193 29177 29169 29183 29187 29199 29209 29226 29240 29255
28 29275 29277 29269 29277 29271 29255 29239 29219 29213 29209 29217 29214 29254 29269 29303 29309 29317 29339 29341 29365 29387 29407 29418 29431
29 29441 29447 29447 29457 29463 29475 29487 29495 29489 29497 29489 29479 29475 29477 29477 29479 29487 29491 29495 29499 29507 29521 29529 29538
30 29539 29537 29547 29555 29560 29568 29581 29596 29603 29613 29608 29610 29612 29612 29608 29614 29615 29602 29588 29576 29555 29530 29512 29490
