01 29646 29640 29635 29623 29625 29620 29634 29640 29645 29633 29657 29663 29660 29662 29663 29660 29659 29662 29657 29663 29671 29675 29671 29670
02 29661 29652 29645 29635 29627 29624 29617 29611 29595 29575 29573 29558 29545 29534 29521 29509 29507 29513 29520 29536 29557 29573 29591 29605
03 29615 29631 29643 29653 29669 29695 29705 29731 29749 29765 29782 29793 29803 29819 29827 29837 29844 29851 29863 29876 29887 29897 29899 29900
04 29899 29898 29889 29887 29886 29887 29891 29899 29902 29901 29901 29890 29888 29879 29866 29852 29849 29846 29841 29847 29849 29841 29826 29807
05 29793 29778 29754 29738 29715 29713 29713 29710 29707 29703 29698 29689 29684 29683 29679 29669 29658 29654 29648 29647 29653 29656 29653 29652
06 29639 29626 29618 29611 29613 29614 29617 29626 29626 29633 29632 29632 29613 29614 29606 29601 29598 29592 29590 29588 29557 29548 29542 29543
07 29506 29491 29474 29451 29440 29435 29425 29423 29416 29415 29410 29409 29415 29411 29409 29410 29404 29414 29412 29416 29420 29421 29417 29412
08 29405 29397 29385 29387 29386 29393 29397 29401 29406 29416       29411 29414 29421                   29453 29458 29469 29492 29507 29520 29526
09 29529 29532 29538 29551 29561 29587 29603 29618 29634 29648 29657 29671 29684 29702 29710 29722 29741 29759 29774 29785 29797 29821 29832 29842
10 29847 29850 29853 29865 29868 29877 29884 29892 29900 29907 29907 29907 29911 29908 29904 29905 29899 29900 29899 29898 29903 29894 29896 29886
11 29867 29845 29827 29817 29806 29789 29788 29779 29763 29749 29742 29736 29727 29715 29721 29725 29727 29732 29738 29750 29760 29772 29774 29779
12 29782 29783 29792 29803 29819 29840 29859 29880 29892 29913 29923 29938 29950 29977 29989 30010 30011 30017 30026 30048 30061 30081 30083 30087
13 30087 30089 30088 30097 30101 30106 30113 30127 30125 30116 30117 30112 30105 30104 30103 30091 30077 30073 30070 30064 30040 30040 30028 30015
14 29983 29957 29927 29903 29891 29875 29868 29866 29860 29866 29887 29883 29889 29887 29889 29897 29898 29888 29882 29886 29885 29887 29875 29863
15 29851 29843 29821 29812 29806 29805 29799 29792 29780 29765 29763 29756 29745 29742 29730 29710 29701 29692 29689 29682 29666 29656 29646 29635
16 29617 29599 29582 29567 29562 29559 29550 29546 29540 29539 29534 29527 29530 29523 29517 29515 29514 29516 29523 29529 29538 29546 29546 29550
17 29547 29552 29555 29564 29568 29584 29593 29605 29614 29636 29646 29655 29666 29678 29694 29707 29712 29730 29732 29743 29753 29764 29767 29770
18 29764 29766 29763 29764 29762 29769 29774 29777 29779 29778 29775 29770 29767 29756 29751 29734 29720 29696 29684 29668 29656 29631 29614 29587
19 29564 29539 29507 29470 29445 29415 29400 29394 29380 29372 29368 29380 29398 29411 29418 29428 29420 29411 29419 29431 29444 29458 29460 29471
20 29476 29481 29482 29491 29505 29522 29543 29563 29581 29607 29631 29649 29659 29678 29683 29686 29676 29659 29648 29634 29624 29601 29568 29506
21 29454 29392 29328 29293 29272 29262 29271 29275 29282 29321 29377 29441 29494 29538 29565 29593 29617 29653 29675 29710 29738 29768 29788 29803
22 29813 29825 29840 29850 29855 29866 29871 29884 29887 29886 29885 29881 29874 29874 29861 29852 29839 29822 29805 29792 29773 29754 29736 29712
23 29680 29646 29617 29590 29569 29540 29512 29496 29492 29490 29485 29484 29466 29466 29455 29451 29444 29445 29443 29434 29437 29444 29446 29445
24 29443 29442 29444 29444 29450 29467 29473 29489 29499 29508 29522 29525 29528 29530 29523 29524 29525 29529 29526 29587 29533 29548 29550 29553
25 29553 29550 29548 29555 29567 29587 29607 29623 29637 29652 29651 29651 29659 29666 29667 29668 29657 29651 29650 29640 29634 29612 29592 29554
26 29510 29480 29420 29390 29367 29377 29394 29404 29410 29414 29422 29435 29442 29455 29471 29480 29479 29480 29472 29457 29486 29396 29353 29311
27 29277 29263 29237 29214 29216 29214 29217 29217 29217 29229 29242 29257 29253 29262 29289 29318 29333 29348 29352 29342 29338 29318 29274 29258
28 29238 29215 29213 29238 29290 29347 29374 29406 29427 29465 29502 29525 29536 29569 29575 29593 29597 29612 29616 29628 29642 29657 29650 29653
29 29654 29652 29648 29654 29655 29665 29676 29692 29698 29707 29714 29726 29735 29750 29751 29767 29773 29784 29785 29792 29806 29823 29826 29843
30 29841 29845 29846 29841 29848 29856 29858 29860 29862 29857 29854 29848 29828 29804 29762 29720 29674 29596 29512 29409 29289 29211 29156 29128
