01 29797 29795 29789 29783 29790 29805 29807 29813 29815 29813 29813 29813 29821 29849 29851 29847 29853 29871 29893 29919 29931 29951 29969 29975
02 29977 29981 29980 29983 29983 30021 30025 30027 30030 30031 30028 30024 30022 30012 30018 30018 30016 30020 30030 30042 30048 30054 30058 30052
03 30054 30056 30056 30054 30058 30062 30062 30064 30058 30046 30037 30035 30035 30033 30029 30029 30023 30027 30035 30047 30061 30067 30077 30083
04 30083 30085 30091 30093 30103 30113 30115 30123 30125 30121 30115 30109 30105 30101 30101 30101 30093 30101 30105 30115 30127 30127 30131 30133
05 30135 30131 30129 30127 30131 30129 30129 30127 30119 30107 30095 30081 30067 30055 30033 30015 29993 29981 29963 29939 29917 29889 29851 29799
06 29773 29737 29721 29719 29737 29757 29771 29783 29787 29785 29787 29787 29781 29779 29777 29775 29771 29775 29767 29771 29781 29783 29777 29769
07 29761 29761 29757 29749 29747 29751 29759 29761 29763 29763 29754 29750 29740 29744 29740 29742 29744 29750 29752 29766 29772 29772 29766 29762
08 29758 29744 29736 29722 29706 29690 29680 29666 29648 29628 29617 29599 29573 29555 29525 29499 29471 29439 29423 29415 29397 29395 29385 29375
09 29367 29356 29337 29339 29347 29367 29369 29385 29391 29401 29415 29427 29441 29467 29481 29489 29503 29521 29537 29565 29573 29583 29584 29591
10 29595 29603 29607 29609 29613 29617 29623 29623 29627 29621 29623 29623 29623 29623 29621 29621 29624 29623 29619 29621 29621 29613 29607 29589
11 29565 29547 29531 29515 29515 29515 29513 29509 29507 29505 29506 29504 29502 29502 29502 29510 29522 29536 29546 29566 29584 29598 29616 29626
12 29638 29646 29654 29666 29684 29694 29712 29724 29734 29742 29752 29754 29752 29754 29762 29760 29760 29758 29760 29760 29764 29760 29756 29756
13 29748 29738 29722 29712 29702 29698 29688 29682 29666 29650 29639 29631 29615 29603 29591 29581 29565 29561 29555 29555 29555 29549 29541 29531
14 29511 29492 29481 29465 29453 29445 29439 29437 29437 29427 29421 29419 29423 29431 29439 29461 29481 29501 29519 29543 29565 29573 29585 29597
15 29601 29611 29617 29617 29621 29625 29637 29621 29629 29629 29622 29616 29596 29614 29636 29648 29664 29686 29708 29738 29744 29764 29754 29768
16 29768 29772 29776 29780 29792 29792 29792 29794 29786 29780 29778 29772 29762 29754 29750 29750 29738 29736 29736 29730 29730 29724 29714 29704
17 29690 29670 29652 29636 29624 29608 29594 29584 29568 29550 29531 29505 29489 29477 29447 29425 29407 29409 29413 29403 29397 29387 29373 29357
18 29345 29329 29313 29303 29301 29297 29303 29297 29303 29295 29299 29307 29309 29305 29307 29309 29325 29341 29349 29377 29397 29421 29427 29431
19 29433 29433 29441 29445 29453 29465 29477 29486 29491 29493 29481 29479 29477 29469 29465 29469 29471 29473 29477 29491 29495 29499 29499 29501
20 29503 29507 29511 29509 29512 29521 29527 29541 29547 29553 29560 29564 29570 29572 29576 29586 29594 29604 29618 29632 29638 29648 29656 29652
21 29658 29656 29654 29656 29664 29676 29686 29694 29697 29704 29708 29703 29695 29687 29681 29677 29671 29669 29673 29675 29679 29681 29678 29669
22 29659 29649 29644 29641 29647 29655 29651 29651 29655 29651 29657 29665 29661 29655 29651 29635 29623 29621 29617 29645 29665 29675 29685 29691
23 29689 29693 29697 29707 29731 29753 29767 29785 29797 29809 29826 29826 29828 29832 29832 29826 29832 29834 29840 29852 29862 29862 29854 29842
24 29836 29822 29800 29796 29796 29788 29776 29766 29754 29744 29717 29701 29677 29661 29637 29617 29595 29575 29553 29535 29577 29503 29497 29491
25 29489 29477 29459 29445 29453 29463 29467 29475 29477 29477 29479 29483 29479 29475 29463 29455 29443 29445 29437 29439 29433 29419 29411 29393
26 29379 29353 29335 29313 29291 29265 29251 29243 29229 29239 29236 29230 29222 29220 29212 29206 29196 29211 29214 29226 29240 29248 29248 29252
27 29258 29258 29258 29262 29270 29282 29284 29300 29302 29294 29289 29289 29283 29275 29279 29274 29277 29283 29287 29295 29289 29301 29297 29307
28 29301 29297 29291 29297 29297 29311 29313 29323 29321 29317 29306 29310 29312 29320 29320 29314 29312 29316 29330 29332 29352 29344 29320 29318
29 29320 29296 29278 29252 29238 29246 29220 29216 29214 29224 29225 29233 29233 29242 29259 29267 29267 29271 29275 29281 29299 29301 29299 29301
30 29303 29299 29299 29299 29307 29315 29327 29333 29337 29335 29338 29346 29344 29350 29350 29352 29352 29352 29352 29362 29368 29370 29353 29338
31 29328 29324 29314 29310 29301 29298 29288 29274 29266 29262 29255 29248 29236 29236 29222 29216 29210 29210 29202 29194 29184 29166 29158 29142
