01 30048 30045 30052 30044 30050 30056 30056 30052 30051 30042 30034 30027 30005 29988 29966 29964 29950 29941 29931 29921 29903 29890 29873 29865
02 29846 29830 29826 29811 29793 29774 29760 29753 29748 29736 29732 29720 29702 29680 29675 29671 29664 29660 29655 29660 29657 29653 29650 29650
03 29635 29626 29619 29613 29612 29599 29584 29579 29589 29590 29587 29583 29577 29560 29550 29547 29560 29574 29570 29578 29590 29587 29607 29617
04 29609 29611 29615 29608 29611 29639 29646 29658 29674 29703 29712 29724 29720 29718 29720 29749 29763 29773 29778 29789 29791 29789 29776 29773
05 29762 29750 29741 29726 29720 29729 29732 29749 29758 29774 29791 29787 29777 29779 29777 29788 29793 29808 29818 29829 29837 29847 29854 29863
06 29873 29881 29896 29902 29911 29930 29950 29981 30007 30034 30057 30060 30068 30081 30091 30120 30139 30167 30187 30209 30225 30244 30257 30277
07 30281 30295 30307 30316 30321 30335 30343 30364 30374 30393 30400 30408 30400 30395 30397 30415 30424 30439 30443 30455 30461 30474 30476 30480
08 30479 30480 30479 30482 30480 30482 30488 30499 30511 30509 30522 30517 30507 30495 30497 30496 30495 30500 30497 30490 30493 30487 30483 30491
09 30475 30476 30468 30460 30459 30454 30457 30462 30469 30482 30478 30474 30458 30453 30443 30446 30439 30448 30449 30440 30445 30452 30449 30449
10 30440 30430 30429 30418 30420 30416 30410 30411 30413 30424 30428 30418 30398 30390 30385 30386 30387 30398 30399 30397 30401 30405 30409 30407
11 30398 30396 30393 30397 30388 30388 30387 30397 30404 30422 30429 30426 30419 30421 30413 30418 30420 30432 30431 30451 30451 30464 30471 30481
12 30477 30479 30477 30481 30488 30492 30502 30512 30528 30541 30563 30568 30560 30568 30567 30575 30574 30591 30590 30600 30612 30612 30608 30618
13 30618 30617 30620 30608 30590 30595 30591 30586 30602 30590 30611 30605 30582 30565 30546 30535 30527 30520 30510 30504 30496 30490 30486 30478
14 30469 30461 30446 30425 30413 30412 30411 30405 30413 30419 30419 30409 30390 30377 30369 30376 30377 30380 30382 30386 30390 30391 30389 30386
15 30386 30388 30386 30371 30366 30365 30365 30376 30382 30402 30420 30411 30401 30385 30378 30376 30367 30363 30352 30349 30367 30355 30352 30350
16 30337 30314 30307 30283 30277 30273 30265 30270 30267 30278 30274 30264 30251 30249 30245 30248 30256 30265 30270 30286 30289 30295 30305 30313
17 30317 30335 30347 30359 30360 30373 30395 30420 30441 30458 30459 30466 30463 30466 30468 30484 30495 30506 30516 30519 30532 30537 30546 30551
18 30550 30550 30551 30547 30544 30543 30545 30551 30558 30562 30563 30541 30519 30520 30523 30528 30530 30532 30523 30531 30524 30533 30536 30530
19 30522 30518 30526 30530 30534 30546 30550 30559 30559 30563 30565 30564 30550 30538 30531 30526 30524 30516 30512 30502 30487 30463 30444 30436
20 30409 30373 30349 30321 30285 30273 30277 30271 30254 30245 30237 30209 30201 30181 30160 30151 30149 30137 30132 30124 30115 30104 30082 30078
21 30064 30033 30018 30011 29995 29985 29969 29969 29968 29962 29956 29936 29913 29895 29910 29944 29964 29998 30038 30074 30109 30159 30205 30249
22 30280 30315 30332 30351 30359 30393 30424 30429 30463 30484 30482 30479 30477 30479 30482 30488 30494 30515 30514 30538 30537 30555 30568 30565
23 30561 30563 30552 30542 30538 30543 30542 30543 30546 30535 30523 30506 30487 30452 30429 30402 30387 30350 30344 30323 30299 30287 30268 30247
24 30218 30197 30187 30210 30224 30240 30257 30282 30307 30332 30360 30373 30366 30368 30376 30393 30398 30412 30417 30431 30432 30440 30443 30446
25 30440 30439 30430 30417 30407 30396 30398 30397 30396 30391 30386 30363 30342 30315 30304 30304 30299 30296 30269 30259 30241 30223 30192 30187
26 30162 30147 30131 30119 30097 30086 30090 30087 30087 30098 30089 30072 30054 30051 30042 30031 30035 30053 30023 30028 30015 29999 30003 29983
27 29999 29950 29946 29935 29921 29915 29898 29883 29863 29848 29810 29787 29757 29702 29655 29662 29664 29667 29664 29663 29690 29703 29735 29775
28 29801 29833 29854 29863 29874 29893 29887 29860 29827 29783 29759 29715 29678 29650 29671 29714 29741 29766 29793 29830 29855 29873 29883 29892
29 29896 29880 29871 29855 29855 29835 29823 29815 29837 29859 29863 29861 29878 29872 29928 29951 29967 29988 29995 29978 29981 29964 29928 29875
30 29796 29659 29591 29595 29567 29538 29551 29565 29604 29619 29662 29685 29722 29754 29781 29797 29829 29859 29861 29865 29848 29838 29793 29754
31 29719 29690 29665 29634 29599 29590 29594 29609 29612 29622 29626 29629 29634 29632 29633 29631 29632 29632 29618 29624 29662 29681 29687 29708
