01 30077 30064 30051 30043 30033 30029 30033 30041 30036 30033 30030 30013 29997 29980 29982 29980 29981 29991 30002 30024 30046 30060 30067 30072
02 30079 30089 30096 30105 30112 30119 30126 30141 30147 30159 30164 30159 30157 30165 30174 30188 30204 30226 30236 30253 30266 30271 30287 30289
03 30299 30297 30299 30299 30307 30299 30323 30333 30341 30353 30358 30346 30344 30352 30353 30361 30379 30396 30412 30424 30439 30451 30458 30465
04 30473 30476 30477 30479 30485 30490 30496 30507 30520 30530 30536 30532 30526 30524 30523 30521 30526 30529 30524 30523 30520 30520 30520 30521
05 30515 30508 30492 30488 30477 30480 30486 30493 30493 30487 30488 30481 30478 30470 30465 30465 30472 30490 30487 30489 30514 30524 30515 30517
06 30514 30509 30509 30500 30503 30500 30502 30503 30512 30504 30488 30474 30473 30456 30453 30440 30445 30453 30457 30461 30470 30475 30473 30482
07 30479 30485 30488 30489 30504 30510 30521 30547 30555 30558 30559 30561 30559 30558 30554 30562 30572 30578 30579 30573 30578 30589 30601 30603
08 30603 30594 30583 30568 30567 30550 30557 30564 30561 30556 30556 30551 30537 30513 30507 30507 30502 30502 30501 30489 30489 30487 30473 30459
09 30447 30435 30423 30411 30405 30393 30389 30389 30389 30387 30385 30358 30334 30312 30304 30292 30280 30274 30264 30255 30248 30240 30222 30200
10 30166 30158 30149 30133 30118 30112 30106 30116 30110 30112 30110 30102 30103 30104 30113 30136 30154 30178 30197 30205 30214 30216 30203 30203
11 30204 30197 30195 30182 30165 30162 30145 30129 30109 30098 30090 30029 29995 29946 29907 29865 29825 29831 29805 29801 29790 29761 29749 29733
12 29709 29716 29719 29724 29743 29759 29775 29803 29823 29848 29869 29886 29896 29918 29934 29952 29989 30006 30014 30018 30023 30022 30022 30024
13 30030 30031 30033 30043 30054 30055 30063 30084 30098 30107 30115 30117 30119 30130 30145 30161 30177 30201 30207 30223 30238 30247 30259 30265
14 30260 30262 30257 30256 30263 30264 30273 30287 30295 30299 30292 30286 30284 30275 30274 30287 30296 30314 30322 30332 30348 30356 30364 30364
15 30368 30372 30372 30372 30372 30372 30390 30406 30414 30426 30419 30411 30407 30393 30409 30411 30423 30436 30441 30439 30453 30453 30455 30451
16 30447 30447 30437 30446 30433 30432 30431 30420 30419 30417 30414 30390 30375 30364 30357 30363 30355 30355 30334 30330 30332 30324 30316 30312
17 30304 30295 30280 30273 30267 30265 30262 30264 30263 30268 30262 30247 30236 30219 30193 30181 30151 30174 30169 30160 30153 30146 30153 30142
18 30123 30131 30147 30147 30160 30169 30185 30207 30219 30231 30241 30241 30243 30249 30255 30259 30267 30279 30289 30299 30311 30317 30320 30317
19 30319 30316 30315 30312 30309 30313 30307 30303 30301 30302 30293 30287 30279 30267 30259 30267 30265 30275 30275 30269 30263 30253 30246 30234
20 30214 30208 30190 30175 30167 30153 30131 30108 30097 30093 30089 30066 30047 30020 30020 30004 29995 29992 29978 29961 29947 29926 29908 29887
21 29865 29840 29824 29810 29807 29800 29800 29800 29797 29796 29800 29797 29790 29790 29793 29793 29797 29796 29798 29796 29785 29788 29800 29815
22 29836 29858 29873 29892 29896 29904 29913 29936 29934 29954 29958 29968 29966 29964 29962 29970 29970 29972 29966 29976 29981 29986 29996 29998
23 30002 30006 30010 30012 30016 30022 30023 30030 30042 30033 30024 30016 29992 29970 29964 29964 29965 29961 29958 29958 29958 29961 29965 29962
24 29954 29948 29948 29956 29960 29970 29990 30015 30030 30047 30058 30055 30050 30052 30060 30067 30078 30085 30096 30102 30106 30112 30115 30118
25 30118 30135 30136 30142 30151 30154 30163 30179 30186 30200 30200 30192 30190 30185 30183 30186 30190 30198 30196 30198 30198 30202 30200 30198
26 30193 30192 30184 30175 30168 30168 30164 30163 30166 30168 30153 30136 30117 30104 30088 30084 30084 30086 30085 30085 30085 30084 30083 30079
27 30067 30060 30058 30057 30056 30054 30056 30061 30064 30074 30071 30060 30053 30047 30048 30056 30060 30066 30094 30106 30115 30128 30125 30126
28 30132 30127 30124 30116 30111 30100 30098 30090 30086 30084 30074 30061 30047 30029 30025 30014 30009 30006 30001 29991 29984 29975 29979 29971
29 29969 29957 29951 29943 29936 29933 29938 29943 29941 29947 29941 29929 29928 29914 29911 29917 29933 29933 29939 29937 29935 29930 29925 29921
30 29911 29903 29901 29875 29865 29854 29843 29841 29838 29831 29824 29806 29790 29780 29772 29771 29768 29767 29762 29764 29766 29770 29767 29756
