01 30335 30332 30344 30344 30348 30371 30384 30405 30409 30418 30426 30422 30421 30420 30415 30404 30396 30399 30403 30407 30408 30404 30386 30377
02 30366 30360 30342 30324 30322 30326 30313 30315 30311 30312 30314 30303 30291 30291 30283 30267 30262 30249 30241 30246 30247 30232 30228 30221
03 30198 30182 30150 30127 30128 30123 30115 30108 30098 30099 30087 30077 30061 30053 30039 30035 30022 30015 30020 30039 30036 30046 30052 30052
04 30048 30050 30051 30065 30059 30071 30078 30086 30091 30101 30101 30094 30092 30092 30079 30073 30070 30061 30052 30057 30056 30049 30036 30019
05 30000 29973 29950 29949 29926 29908 29903 29887 29872 29866 29854 29843 29824 29810 29797 29784 29768 29760 29744 29735 29721 29702 29682 29660
06 29638 29604 29581 29556 29543 29536 29538 29534 29530 29534 29536 29535 29533 29523 29518 29508 29507 29503 29499 29499 29502 29492 29483 29468
07 29455 29443 29419 29408 29391 29386 29376 29360 29358 29360 29359 29349 29340 29343 29342 29344 29348 29359 29372 29391 29399 29405 29398 29399
08 29395 29381 29372 29365 29345 29334 29329 29324 29308 29283       29297       29331       29377                               29513            
09                                                       29787       29826       29881       29918                               30028            
10                                                       30102 30104 30099 30099 30094 30084 30076 30068 30061 30052 30049 30032 30015 29995 29979
11 29957 29932 29898 29869 29838 29808 29787 29767 29743 29725 29716 29687 29647 29640 29618 29608 29605 29601 29610 29612 29610 29612 29612 29609
12 29595 29585 29564 29550 29535 29519 29511 29499 29492 29489 29492 29506 29513 29524 29527 29533 29537 29552 29565 29584 29593 29596 29593 29605
13 29608 29607 29610 29613 29616 29636 29649 29661 29679 29689 29697 29707 29706 29723 29730 29742 29758 29768 29781 29796 29802 29809 29827 29829
14 29830 29834 29833 29835 29832 29837 29842 29859 29874 29893 29899 29906 29914 29923 29929 29940 29953 29966 29975 29987 29993 29998 30010 30002
15 30002 29988 29986 29981 29975 29977 29980 29972 29966 29966 29961 29954 29948 29946 29929 29928 29922 29926 29930 29944 29945 29951 29949 29952
16 29958 29958 29961 29962 29962 29979 29992 30001 30009 30027 30034 30037 30034 30027 30018 30021 30021 30027 30031 30042 30045 30038 30031 30027
17 30026 30014 29995 29991 29985 29990 29985 29984 29982 29988 29989 29976 29963 29958 29951 29944 29948 29957 29958 29964 29965 29970 29970 29972
18 29975 29970 29968 29969 29971 29981 29998 30012 30019 30029 30039 30032 30038 30042 30050 30065 30069 30088 30101 30123 30128 30144 30154 30164
19 30166 30178 30180 30186 30190 30211 30226 30244 30245 30245 30244 30241 30233 30224 30224 30224 30208 30217 30210 30193 30188 30172 30155 30142
20 30133 30114 30088 30076 30040 30038 30035 30032 30032 30038 30043 30041 30041 30040 30053 30058 30053 30067 30078 30092 30105 30098 30092 30092
21 30089 30076 30051 30044 30028 30023 30019 29990 29966 29945 29921 29896 29877 29859 29857 29856 29868 29888 29910 29928 29936 29952 29960 29983
22 29978 29977 29976 29980 29973 29982 29975 29971 29960 29929 29902 29869 29827 29770 29703 29600 29530 29454 29387 29341 29312 29318 29335 29371
23 29385 29399 29407 29415 29431 29440 29451 29455 29464 29474 29470 29465 29453 29448 29433 29429 29416 29401 29393 29400 29399 29395 29388 29390
24 29397 29404 29410 29419 29437 29457 29480 29508 29526 29571 29591 29625 29660 29698 29721 29757 29793 29830 29867 29903 29932 29953 29974 29985
25 29986 29996 29991 30001 30013 30031 30051 30059 30070 30079 30091 30101 30105 30110 30113 30116 30118 30118 30126 30124 30128 30123 30128 30132
26 30129 30129 30128 30140 30138 30152 30164 30183 30188 30203 30211 30215 30211 30222 30223 30228 30234 30245 30250 30260 30261 30256 30258 30251
27 30241 30231 30203 30193 30184 30172 30151 30151 30120 30125 30113 30086 30074 30043 30026 29999 29985 29980 29970 29954 29939 29915 29893 29881
28 29854 29852 29838 29839 29849 29866 29899 29921 29945 29956 29979 30001 30010 30017 30031 30039 30049 30063 30073 30082 30090 30096 30102 30098
29 30090 30095 30093 30100 30100 30170 30118 30132 30140 30143 30141 30148 30146 30140 30136 30134 30133 30141 30141 30150 30144 30137 30132 30120
30 30112 30099 30071 30054 30044 30047 30028 30012 30000 29964 29947 29954 29914 29873 29834 29824 29799 29776 29747 29707 29694 29659 29646 29634
