01 29887 29889 29885 29869 29859 29849 29845 29839 29831 29839 29829 29808 29794 29780 29776 29772 29750 29734 29746 29758 29756 29755 29758 29758
02 29772 29806 29826 29830 29836 29844 29880 29904 29916 29934 29956 29948 29940 29951 29940 29946 29946 29946 29950 29934 29926 29914 29903 29882
03 29860 29850 29830 29798 29770 29762 29748 29744 29726 29708 29688 29668 29626 29614 29607 29596 29554 29542 29524 29508 29490 29472 29472 29468
04 29472 29482 29490 29500 29512 29532 29550 29578 29606 29638 29653 29659 29669 29669 29685 29711 29719 29747 29761 29761 29775 29783 29779 29777
05 29772 29775 29773 29769 29763 29759 29753 29751 29745 29739 29728 29710 29680 29670 29656 29648 29622 29620 29616 29608 29596 29600 29596 29590
06 29578 29574 29568 29566 29560 29558 29570 29586 29590 29586 29583 29563 29533 29511 29489 29465 29439 29396 29377 29350 29317 29303 29281 29255
07 29213 29187 29161 29145 29115 29086 29069 29051 29035 29015 28997 28969 28951 28951 28955 28968 28997 29039 29077 29127 29157 29195 29237 29277
08 29303 29343 29385 29417 29433 29459 29483 29527 29537 29567 29586 29598 29610 29634 29646 29680 29700 29716 29740 29760 29778 29784 29790 29800
09 29812 29824 29838 29830 29840 29850 29856 29882 29896 29900 29910 29906 29904 29900 29904 29905 29922 29924 29930 29930 29932 29926 29930 29930
10 29932 29934 29928 29924 29924 29924 29928 29940 29956 29972 29968 29983 29972 29982 29993 30005 30012 30028 30036 30060 30070 30082 30090 30096
11 30110 30122 30134 30140 30144 30150 30154 30170 30186 30201 30198 30192 30186 30186 30196 30194 30196 30204 30208 30212 30218 30220 30216 30214
12 30214 30220 30218 30212 30202 30198 30196 30196 30202 30202 30201 30181 30165 30147 30139 30137 30131 30123 30119 30099 30089 30081 30071 30055
13 30035 30019 29997 29981 29965 29959 29957 29987 29995 30001 30003 30005 29995 29991 30001 30009 30008 29999 30006 30009 30006 29991 29989 29963
14 29943 29923 29903 29863 29819 29789 29781 29797 29807 29809 29808 29799 29790 29782 29779 29782 29780 29770 29776 29789 29794 29798 29800 29802
15 29802 29806 29822 29818 29804 29806 29810 29816 29820 29828 29827 29819 29811 29813 29805 29813 29799 29815 29811 29815 29815 29801 29797 29797
16 29793 29779 29779 29767 29765 29747 29729 29719 29711 29713 29719 29717 29713 29735 29779 29783 29815 29819 29827 29863 29851 29865 29883 29899
17 29907 29905 29927 29943 29951 29959 29967 29981 29991 30005 30014 30016 30006 30006 30005 30016 30022 30022 30036 30042 30046 30054 30054 30064
18 30064 30066 30066 30058 30062 30054 30062 30072 30084 30084 30089 30085 30077 30067 30073 30073 30071 30073 30079 30076 30075 30073 30073 30069
19 30059 30051 30043 30033 30031 30023 30013 30019 30021 30013 30004 29992 29964 29952 29936 29930 29916 29902 29886 29876 29862 29856 29844 29836
20 29812 29786 29762 29734 29702 29680 29680 29704 29732 29760 29789 29799 29798 29791 29777 29771 29714 29697 29651 29615 29572 29555 29563 29561
21 29503 29499 29501 29481 29481 29459 29469 29475 29471 29467 29465 29451 29413 29409 29390 29371 29341 29333 29315 29297 29291 29297 29317 29351
22 29375 29407 29441 29467 29499 29511 29531 29549 29547 29553 29542 29512 29474 29430 29390 29364 29348 29341 29336 29342 29324 29280 29208 29152
23 29151 29154 29152 29150 29164 29162 29148 29148 29152 29152 29149 29128 29103 29073 29041 29041 29033 29017 29015 29023 29031 29037 29039 29043
24 29039 29041 29035 29021 29021 29019 29029 29023 29033 29039 29052 29046 29020 29009 28992 28996 28996 29016 29026 29024 29022 29022 29006 28996
25 28966 28932 28904 28896 28882 28950 28980 29036 29042 29065 29088 29104 29100 29124 29098 29098 29104 29120 29154 29184 29216 29266 29296 29344
26 29374 29406 29444 29462 29488 29514 29536 29566 29590 29622 29610 29626 29628 29638 29642 29662 29654 29672 29676 29672 29672 29670 29672 29674
27 29662 29656 29650 29640 29630 29630 29630 29626 29616 29606 29584 29565 29536 29506 29496 29482 29464 29448 29430 29406 29394 29372 29339 29312
28 29288 29260 29228 29212 29204 29219 29236 29252 29248 29270 29284 29294 29304 29334 29336 29368 29390 29416 29432 29454 29474 29478 29500 29508
29 29516 29532 29548 29566 29577 29592 29622 29652 29664 29692 29715 29725 29723 29733 29741 29756 29771 29785 29791 29795 29797 29805 29808 29813
30 29821 29839 29845 29847 29855 29865 29879 29903 29921 29939 29938 29949 29946 29950 29958 29978 29990 29996 30004 30008 30020 30026 30038 30044
31 30054 30058 30068 30074 30090 30104 30118 30130 30150 30164 30176 30174 30176 30178 30182 30192 30204 30226 30228 30240 30248 30254 30248 30246
