01 29747 29741 29742 29737 29742 29749 29757 29763 29769 29771 29780 29783 29775 29771 29761 29751 29757 29759 29755 29751 29755 29748 29749 29752
02 29745 29741 29728 29711 29711 29717 29717 29721 29721 29721 29721 29715 29715 29713 29712 29711 29705 29711 29708 29711 29721 29729 29731 29735
03 29721 29717 29713 29713 29721 29725 29739 29743 29751 29749 29755 29759 29755 29743 29727 29715 29698 29693 29678 29661 29653 29633 29621 29585
04 29568 29557 29557 29553 29555 29559 29568 29578 29589 29611 29617 29630 29643 29653 29661 29669 29681 29697 29709 29728 29755 29765 29771 29771
05 29778 29785 29791 29797 29817 29833 29853 29865 29877 29888 29907 29920 29929 29936 29946 29951 29954 29966 29974 29989 30008 30012 30018 30014
06 30012 30012 30017 30022 30026 30036 30042 30049 30049 30054 30054 30052 30050 30050 30042 30046 30045 30043 30038 30030 30025 30016 30002 29986
07 29974 29964 29950 29927 29922 29920 29907 29898 29890 29883 29861 29845 29833 29813 29795 29770 29743 29719 29703 29688 29685 29669 29648 29625
08 29595 29575 29543 29525 29491 29483 29469 29469 29457 29449 29431 29423 29417 29405 29385 29369 29363 29369 29387 29397 29421 29427 29421 29415
09 29399 29365 29339 29329 29317 29313 29307 29305 29297 29295 29305 29305 29305 29313 29329 29344 29365 29395 29411 29431 29461 29481 29494 29505
10 29511 29516 29518 29523 29529 29543 29559 29583 29594 29594 29608 29614 29620 29620 29614 29602 29594 29587 29580 29554 29529 29490 29448 29404
11 29349 29309 29270 29254 29224 29209 29200 29188 29172 29145 29143 29146 29164 29211 29246 29291 29311 29334 29351 29356 29371 29375 29375 29375
12 29366 29359 29349 29343 29344 29347 29365 29389 29405 29431 29451 29473 29502 29521 29545 29567 29591 29609 29621 29629 29644 29650 29655 29651
13 29647 29642 29637 29623 29619 29623 29623 29624 29624 29623 29623 29617 29613 29605 29600 29585 29583 29583 29585 29593 29605 29607 29603 29601
14 29595 29595 29595 29599 29609 29621 29633 29641 29649 29659 29668 29671 29686 29692 29692 29687 29677 29682 29686 29692 29699 29701 29701 29689
15 29681 29672 29662 29658 29658 29664 29664 29658 29652 29650 29657 29641 29630 29621 29617 29615 29609 29607 29603 29607 29615 29617 29617 29613
16 29615 29611 29607 29615 29621 29631 29643 29651 29651 29657 29661 29661 29659 29667 29667 29661 29655 29651 29655 29661 29659 29651 29652 29647
17 29639 29627 29613 29613 29621 29632 29638 29649 29661 29663 29668 29671 29677 29675 29677 29677 29675 29680 29693 29703 29711 29713 29709 29703
18 29700 29695 29679 29681 29697 29701 29702 29711 29716 29721 29721 29722 29718 29716 29716 29722 29724 29731 29741 29748 29756 29762 29764 29764
19 29766 29762 29756 29759 29762 29781 29796 29804 29808 29818 29833 29840 29840 29853 29853 29858 29862 29868 29875 29881 29883 29883 29888 29893
20 29878 29868 29854 29852 29854 29850 29848 29854 29854 29856 29855 29857 29851 29845 29841 29841 29834 29832 29835 29837 29845 29849 29849 29852
21 29849 29845 29839 29837 29837 29847 29855 29865 29873 29881 29889 29903 29911 29911 29921 29928 29926 29922 29934 29941 29958 29966 29972 29976
22 29976 29962 29956 29956 29956 29968 29981 29976 29972 29974 29982 29980 29970 29959 29959 29949 29942 29932 29932 29937 29944 29932 29927 29917
23 29905 29892 29881 29881 29877 29879 29879 29882 29882 29879 29875 29877 29873 29873 29868 29867 29858 29853 29859 29863 29863 29869 29869 29865
24 29865 29867 29869 29871 29869 29875 29883 29898 29908 29913 29914 29916 29918 29927 29925 29922 29922 29929 29932 29939 29949 29954 29952 29948
25 29934 29936 29934 29934 29939 29946 29957 29968 29970 29974 29976 29971 29971 29967 29973 29961 29949 29945 29945 29951 29957 29953 29946 29929
26 29921 29913 29907 29898 29899 29913 29921 29924 29926 29935 29929 29923 29921 29917 29903 29897 29883 29881 29883 29883 29886 29881 29876 29864
27 29847 29829 29811 29807 29797 29799 29799 29791 29776 29773 29766 29751 29732 29729 29709 29710 29694 29679 29662 29666 29654 29641 29628 29611
28 29604 29604 29604 29601 29634 29644 29660 29679 29679 29700 29705 29723 29715 29703 29702 29697 29692 29697 29684 29673 29674 29677 29669 29659
29 29642 29642 29639 29630 29615 29619 29623 29627 29610 29613 29601 29605 29608 29597 29586 29586 29577 29577 29579 29579 29581 29595 29597 29605
30 29605 29599 29596 29596 29603 29628 29636 29651 29659 29678 29687 29701 29715 29719 29715 29715 29713 29713 29715 29719 29731 29739 29741 29738
