01 30006 30002 29992 29984 29976 29972 29968 29970 29956 29942 29929 29911 29891 29877 29859 29841 29829 29829 29833 29839 29845 29841 29831 29817
02 29811 29793 29791 29781 29759 29751 29749 29735 29745 29721 29724 29710 29692 29680 29662 29652 29638 29642 29644 29644 29642 29642 29624 29598
03 29564 29540 29540 29528 29514 29498 29486 29502 29486 29502 29482 29460 29450 29448 29454 29450 29456 29458 29464 29476 29490 29486 29474 29472
04 29454 29442 29424 29420 29414 29404 29416 29424 29422 29406 29380 29410 29402 29392 29382 29378 29374 29380 29396 29418 29432 29436 29436 29440
05 29437 29440 29446 29454 29458 29466 29474 29492 29492 29502 29503 29503 29503 29497 29489 29491 29471 29469 29471 29475 29479 29479 29475 29479
06 29445 29433 29439 29425 29421 29399 29391 29381 29377 29361 29351 29341 29339 29325 29291 29275 29267 29257 29261 29277 29284 29281 29279 29281
07 29273 29273 29271 29281 29285 29289 29307 29317 29329 29337 29337 29339 29335 29339 29335 29371 29369 29381 29394 29411 29423 29429 29437 29439
08 29449 29457 29461 29477 29491 29509 29519 29543 29557 29569 29579 29603 29619 29631 29637 29651 29657 29667 29677 29699 29705 29729 29736 29737
09 29735 29735 29735 29731 29729 29733 29737 29735 29725 29717 29712 29688 29670 29662 29640 29626 29598 29588 29584 29576 29570 29552 29532 29524
10 29508 29484 29434 29412 29388 29368 29346 29328 29308 29300 29278 29264 29244 29234 29216 29208 29214 29226 29240 29262 29278 29296 29306 29314
11 29326 29320 29324 29330 29334 29344 29354 29360 29364 29370 29368 29360 29348 29336 29320 29294 29276 29254 29240 29224 29204 29180 29152 29114
12 29072 29058 29034 29020 29014 29020 29028 29052 29070 29088 29097 29100 29119 29123 29123 29121 29113 29117 29113 29129 29131 29132 29127 29121
13 29113 29111 29101 29101 29099 29101 29107 29118 29119 29129 29134 29140 29140 29135 29122 29114 29098 29080 29060 29042 29018 28992 28950 28922
14 28895 28854 28828 28805 28810 28822 28830 28859 28890 28934 28966 28994 29020 29030 29054 29078 29096 29114 29136 29154 29158 29162 29169 29164
15 29160 29156 29144 29144 29140 29137 29134 29134 29140 29146 29146 29147 29144 29136 29124 29114 29102 29102 29104 29104 29092 29086 29072 29066
16 29050 29036 29032 29018 29018 29016 29018 29016 29006 29004 29001 29008 29011 29007 28999 29010 29017 29041 29049 29071 29077 29083 29103 29131
17 29157 29191 29213 29245 29277 29301 29331 29357 29371 29379 29390 29396 29400 29388 29388 29384 29386 29398 29408 29430 29452 29474 29482 29496
18 29512 29528 29532 29546 29560 29574 29594 29608 29604 29615 29623 29633 29634 29635 29629 29625 29617 29619 29621 29625 29627 29625 29615 29603
19 29591 29585 29579 29577 29565 29557 29557 29551 29539 29539 29530 29526 29516 29521 29526 29528 29526 29530 29540 29554 29566 29572 29574 29574
20 29578 29574 29570 29568 29564 29570 29572 29578 29576 29584 29587 29581 29581 29583 29587 29589 29585 29591 29601 29611 29623 29631 29641 29647
21 29654 29651 29645 29641 29643 29651 29657 29665 29655 29657 29651 29645 29643 29635 29629 29617 29615 29613 29621 29631 29643 29643 29655 29653
22 29653 29651 29637 29641 29633 29637 29637 29645 29637 29627 29603 29601 29599 29571 29569 29549 29543 29543 29533 29527 29531 29513 29499 29489
23 29459 29453 29435 29409 29383 29359 29343 29325 29317 29297 29294 29278 29270 29260 29250 29250 29242 29236 29230 29228 29230 29216 29210 29200
24 29180 29170 29150 29138 29122 29112 29098 29098 29092 29094 29096 29102 29108 29111 29098 29096 29084 29096 29110 29120 29126 29122 29122 29111
25 29106 29102 29094 29092 29096 29102 29104 29102 29108 29112 29118 29114 29106 29104 29098 29102 29108 29111 29124 29130 29128 29124 29130 29130
26 29124 29116 29112 29116 29120 29118 29118 29118 29114 29112 29108 29115 29100 29098 29102 29108 29112 29120 29128 29142 29148 29155 29156 29166
27 29176 29178 29180 29176 29182 29188 29198 29204 29210 29210 29210 29202 29200 29202 29190 29192 29190 29186 29186 29192 29194 29186 29184 29194
28 29188 29188 29186 29194 29202 29218 29230 29229 29240 29246 29253 29251 29259 29270 29281 29297 29315 29325 29347 29365 29375 29383 29388 29389
29 29379 29373 29355 29347 29327 29333 29315 29309 29305 29285 29257 29249 29215 29185 29149 29123 29089 29065 29043 29039 29031 29013 28999 28996
30 28988 28979 28971 28957 28957 28947 28949 28959 28963 28966 28967 28979 28975 28984 28995 29001 29003 29011 29021 29027 29039 29047 29045 29047
31 29053 29063 29075 29083 29093 29113 29129 29151 29177 29191 29204 29228 29244 29264 29282 29306 29318 29338 29366 29384 29398 29414 29422 29444
