01 29888 29886 29884 29882 29888 29890 29899 29906 29915 29926 29922 29923 29924 29926 29928 29944 29960 29974 29992 30006 30021 30028 30036 30048
02 30048 30051 30046 30051 30058 30062 30068 30094 30102 30113 30128 30126 30127 30124 30139 30152 30162 30176 30187 30205 30213 30220 30220 30222
03 30219 30221 30218 30217 30211 30204 30204 30206 30201 30178 30167 30142 30132 30124 30112 30100 30096 30088 30080 30059 30054 30040 30032 30014
04 29992 29968 29933 29905 29883 29862 29838 29815 29796 29764 29750 29730 29702 29684 29673 29662 29654 29654 29655 29655 29658 29655 29652 29650
05 29654 29664 29670 29696 29724 29742 29764 29772 29780 29795 29793 29778 29776 29766 29762 29772 29774 29766 29752 29737 29725 29707 29690 29667
06 29650 29638 29623 29607 29588 29579 29572 29560 29544 29538 29532 29520 29502 29494 29493 29496 29504 29517 29531 29547 29561 29578 29591 29600
07 29600 29610 29617 29628 29632 29642 29662 29679 29698 29714 29723 29727 29734 29737 29745 29753 29765 29777 29779 29779 29775 29771 29758 29750
08 29729 29701 29669 29639 29597 29555 29517 29479 29426 29383 29360 29360 29356 29364 29370 29394 29418 29450 29496 29548 29606 29682 29745 29804
09 29858 29906 29926 29958 29983 30026 30065 30101 30119 30152 30168 30174 30170 30172 30183 30180 30169 30157 30148 30128 30098 30060 30026 29964
10 29898 29826 29765 29698 29640 29566 29535 29500 29462 29441 29397 29336 29278 29216 29212 29218 29232 29249 29265 29286 29285 29274 29270 29270
11 29273 29289 29297 29323 29359 29387 29415 29452 29475 29509 29517 29518 29526 29527 29523 29516 29490 29455 29404 29385 29370 29379 29381 29395
12 29387 29385 29380 29381 29374 29378 29387 29403 29399 29421 29421 29413 29413 29406 29405 29403 29394 29386 29380 29382 29375 29380 29373 29367
13 29356 29345 29351 29363 29372 29377 29379 29389 29395 29411 29417 29419 29411 29409 29419 29433 29433 29437 29442 29460 29464 29465 29463 29459
14 29451 29444 29443 29445 29443 29457 29463 29473 29471 29463 29459 29453 29455 29457 29451 29450 29447 29448 29438 29424 29417 29397 29384 29365
15 29354 29348 29333 29301 29283 29270 29259 29256 29244 29235 29225 29206 29193 29185 29174 29171 29167 29178 29177 29178 29181 29179 29177 29180
16 29178 29183 29182 29182 29190 29196 29203 29227 29236 29256 29259 29261 29265 29274 29286 29303 29309 29321 29331 29341 29352 29361 29377 29389
17 29391 29395 29401 29413 29431 29447 29469 29483 29498 29521 29522 29523 29525 29537 29547 29561 29573 29584 29592 29593 29597 29601 29605 29605
18 29617 29638 29665 29715 29763 29811 29848 29883 29909 29947 29957 29976 29995 30014 30038 30062 30080 30114 30135 30153 30178 30210 30221 30236
19 30246 30260 30276 30296 30306 30330 30350 30373 30391 30409 30405 30391 30389 30387 30396 30410 30423 30428 30436 30445 30447 30446 30443 30439
20 30428 30420 30411 30397 30395 30387 30386 30387 30383 30380 30372 30358 30345 30324 30318 30310 30304 30298 30288 30276 30271 30257 30250 30235
21 30209 30194 30178 30159 30148 30142 30138 30124 30121 30119 30116 30105 30088 30075 30069 30066 30064 30063 30059 30060 30062 30052 30041 30040
22 30038 30027 30026 30023 30019 30026 30028 30040 30038 30042 30042 30031 30028 30012 30006 30018 30020 30023 30030 30034 30028 30028 30024 30022
23 30016 30019 30018 30006 30003 30002 29998 29999 29997 30004 29987 29967 29950 29932 29921 29915 29911 29916 29895 29888 29881 29872 29844 29816
24 29781 29760 29718 29693 29672 29631 29602 29575 29553 29528 29514 29484 29456 29431 29422 29419 29405 29392 29380 29369 29360 29352 29335 29322
25 29305 29300 29288 29282 29277 29274 29280 29290 29294 29314 29338 29343 29356 29353 29360 29376 29388 29398 29402 29402 29404 29396 29400 29391
26 29379 29382 29380 29392 29406 29416 29433 29453 29456 29477 29485 29472 29462 29445 29444 29440 29444 29448 29440 29442 29436 29434 29438 29435
27 29428 29427 29416 29402 29398 29402 29407 29411 29402 29401 29383 29377 29341 29327 29309 29316 29309 29308 29297 29285 29274 29295 29292 29301
28 29307 29337 29338 29349 29367 29401 29435 29468 29493 29521 29530 29545 29559 29579 29611 29632 29659 29685 29707 29724 29741 29763 29775 29789
29 29800 29817 29818 29828 29833 29851 29865 29881 29900 29912 29911 29907 29905 29899 29904 29913 29918 29930 29939 29937 29935 29929 29933 29938
30 29929 29927 29927 29930 29933 29945 29951 29969 29973 29979 29976 29970 29970 29958 29955 29952 29959 29956 29957 29955 29947 29934 29928 29915
