01 29817 29813 29805 29797 29795 29797 29794 29795 29791 29791 29793 29788 29791 29774 29775 29706 29770 29781 29779 29784 29789 29794 29789 29782
02 29783 29775 29769 29767 29765 29761 29753 29754 29758 29752 29750 29749 29745 29736 29725 29710 29701 29699 29693 29692 29697 29708 29705 29711
03 29712 29707 29700 29701 29705 29725 29739 29745 29757 29759 29769 29777 29783 29783 29779 29779 29781 29782 29795 29810 29827 29843 29843 29847
04 29848 29841 29841 29841 29841 29835 29837 29841 29837 29827 29815 29813 29808 29807 29790 29779 29767 29751 29743 29726 29709 29693 29687 29674
05 29661 29651 29652 29655 29653 29647 29649 29659 29657 29665 29665 29663 29655 29645 29626 29613 29597 29585 29587 29586 29585 29581 29569 29564
06 29559 29555 29559 29575 29581 29593 29599 29607 29619 29618 29624 29637 29638 29654 29654 29648 29656 29662 29664 29673 29680 29685 29686 29686
07 29684 29674 29670 29670 29674 29676 29679 29688 29694 29692 29702 29711 29707 29714 29715 29721 29730 29738 29741 29756 29767 29782 29795 29809
08 29818 29826 29830 29840 29848 29867 29874 29879 29877 29886 29888 29893 29891 29891 29891 29894 29883 29893 29891 29888 29886 29882 29877 29873
09 29853 29838 29809 29783 29761 29734 29719 29683 29657 29649 29627 29631 29620 29618 29605 29584 29581 29574 29583 29585 29584 29592 29581 29579
10 29572 29574 29560 29548 29548 29549 29562 29574 29570 29572 29573 29587 29591 29605 29602 29607 29609 29608 29598 29585 29581 29583 29577 29571
11 29557 29547 29538 29541 29539 29537 29541 29557 29559 29561 29570 29572 29564 29574 29572 29574 29578 29578 29586 29590 29596 29610 29618 29624
12 29622 29622 29616 29618 29623 29630 29634 29652 29654 29658 29658 29666 29662 29658 29656 29660 29660 29666 29670 29689 29697 29713 29732 29745
13 29755 29756 29754 29756 29758 29774 29773 29776 29772 29778 29772 29773 29782 29778 29774 29773 29777 29789 29792 29812 29833 29848 29856 29868
14 29866 29866 29872 29873 29876 29888 29884 29892 29889 29891 29900 29915 29914 29906 29907 29911 29908 29932 29942 29952 29956 29958 29946 29958
15 29954 29954 29952 29954 29950 29962 29962 29968 29965 29970 29970 29970 29974 29970 29968 29970 29975 29986 29986 29990 30000 30002 30002 30002
16 30002 30003 30000 29999 30003 30012 30013 30016 30020 30024 30025 30033 30029 30033 30037 30043 30041 30034 30034 30037 30057 30046 30042 30043
17 30041 30043 30035 30040 30037 30038 30037 30043 30047 30055 30045 30047 30051 30049 30047 30043 30031 30035 30031 30044 30053 30061 30066 30067
18 30077 30076 30065 30073 30081 30089 30103 30127 30125 30122 30131 30129 30129 30125 30119 30115 30117 30123 30135 30137 30141 30146 30143 30139
19 30136 30133 30125 30119 30123 30125 30125 30123 30120 30115 30120 30110 30092 30077 30070 30056 30040 30022 30015 30017 30018 30020 30003 29996
20 29978 29966 29950 29948 29949 29956 29954 29952 29941 29936 29925 29911 29905 29895 29889 29881 29874 29875 29879 29884 29893 29901 29897 29905
21 29905 29905 29906 29907 29903 29909 29911 29915 29919 29911 29904 29893 29875 29870 29865 29857 29855 29853 29863 29872 29891 29896 29916 29923
22 29933 29932 29933 29942 29945 29935 29947 29963 29967 29962 29959 29948 29944 29929 29915 29896 29888 29883 29880 29882 29889 29898 29900 29900
23 29900 29888 29880 29875 29862 29852 29848 29842 29834 29825 29814 29799 29773 29747 29721 29701 29675 29663 29659 29657 29663 29653 29645 29633
24 29613 29603 29593 29585 29563 29549 29545 29544 29541 29532 29530 29531 29523 29505 29501 29489 29483 29473 29480 29477 29493 29511 29510 29503
25 29501 29499 29497 29478 29489 29493 29487 29480 29480 29475 29479 29471 29461 29467 29449 29451 29451 29459 29463 29472 29485 29489 29491 29487
26 29485 29484 29479 29483 29487 29497 29501 29505 29505 29507 29513 29510 29508 29518 29514 29514 29533 29556 29578 29593 29610 29624 29636 29648
27 29650 29660 29665 29670 29680 29694 29702 29708 29714 29717 29710 29712 29710 29712 29712 29716 29718 29733 29740 29762 29762 29764 29766 29772
28 29774 29772 29770 29782 29790 29796 29798 29797 29800 29800 29799 29794 29792 29788 29782 29780 29782 29786 29800 29816 29825 29834 29833 29831
29 29832 29836 29834 29832 29836 29854 29866 29886 29884 29878 29876 29887 29889 29894 29891 29893 29897 29903 29923 29943 29965 29984 29993 30003
30 30009 30007 30013 30019 30030 30042 30061 30071 30077 30068 30073 30076 30073 30074 30073 30076 30074 30078 30093 30106 30120 30140 30150 30160
31 30162 30165 30170 30170 30172 30178 30188 30188 30183 30186 30178 30172 30168 30162 30152 30144 30140 30138 30140 30150 30157 30162 30170 30170
