01 30039 30042 30042 30038 30039 30036 30037 30030 30028 30030 30029 30017 29995 29987 29980 29999 30010 30019 30028 30046 30045 30062 30068 30076
02 30082 30090 30095 30104 30109 30122 30133 30149 30159 30173 30178 30177 30175 30176 30174 30178 30188 30202 30206 30216 30213 30217 30214 30213
03 30206 30205 30204 30198 30199 30196 30207 30215 30225 30236 30238 30233 30229 30221 30217 30229 30237 30257 30278 30289 30302 30307 30305 30322
04 30333 30345 30351 30351 30351 30365 30369 30386 30401 30407 30411 30404 30400 30391 30381 30386 30387 30383 30381 30381 30371 30363 30353 30351
05 30334 30330 30329 30330 30323 30335 30339 30346 30349 30351 30362 30344 30329 30317 30314 30321 30319 30325 30336 30352 30355 30360 30362 30374
06 30370 30382 30378 30367 30364 30363 30349 30331 30323 30318 30301 30275 30239 30216 30195 30174 30152 30129 30110 30100 30080 30064 30039 30026
07 30009 29996 29975 29961 29953 29942 29949 29968 29980 29990 29994 29988 29976 29965 29954 29956 29952 29954 29949 29954 29953 29945 29934 29924
08 29895 29874 29843 29823 29803 29774 29760 29765 29755 29770 29778 29775 29769 29767 29770 29779 29804 29826 29836 29851 29857 29858 29858 29866
09 29852 29833 29836 29828 29819 29813 29799 29800 29796 29790 29773 29761 29736 29727 29727 29734 29754 29771 29775 29790 29799 29819 29830 29844
10 29853 29870 29875 29884 29897 29908 29911 29916 29921 29918 29913 29896 29884 29896 29897 29915 29917 29927 29942 29933 29938 29949 29947 29945
11                                                       29990 30002 30005 30001 29999 30002 30019 30024 30021 30018 30009 29998 29986 29975 29952
12 29927 29901 29874 29847 29804 29771 29763 29754 29743 29732 29716 29693 29658 29624 29602 29587 29569 29553 29533 29523 29504 29498 29483 29469
13 29453 29441 29444 29438 29432 29438 29441 29452 29451 29469 29474 29472 29461 29464 29464 29482 29483 29482 29485 29494 29503 29522 29525 29529
14 29534 29553 29561 29586 29603 29622 29641 29677 29699 29737 29760 29766 29769 29781 29784 29800 29812 29823 29827 29835 29834 29839 29831 29819
15 29811 29798 29782 29778 29776 29772 29765 29760 29763 29763 29756 29740 29721 29700 29681 29664 29652 29632 29612 29596 29583 29563 29549 29530
16 29516 29504 29491 29483 29477 29483 29481 29499 29512 29529 29532 29527 29512 29518 29521 29533 29535 29536 29542 29550 29558 29572 29578 29592
17 29601 29619 29634 29652 29661 29659 29658 29668 29674 29691 29685 29679 29663 29662 29653 29652 29649 29640 29632 29624 29609 29590 29566 29544
18 29505 29486 29476 29461 29449 29430 29421 29426 29434 29432 29423 29415 29398 29409 29400 29398 29391 29389 29385 29392 29407 29441 29426 29431
19 29423 29423 29428 29433 29422 29428 29452 29457 29465 29476 29480 29486 29475 29486 29482 29505 29507 29508 29500 29506 29500 29496 29491 29480
20 29472 29462 29449 29442 29426 29412 29409 29412 29408 29415 29423 29457 29505 29546 29592 29626 29662 29690 29722 29754 29771 29791 29814 29826
21 29834 29851 29867 29886 29901 29916 29938 29962 29982 30002 30010 30007 30001 29996 29995 30000 29998 29996 29997 29992 29988 29981 29968 29958
22 29942 29928 29918 29901 29879 29868 29861 29863 29872 29877 29886 29900 29899 29907 29908 29928 29937 29938 29944 29952 29946 29961 29967 29962
23 29960 29965 29974 29982 29985 29997 30003 30025 30043 30054 30050 30046 30048 30087 30112 30123 30144 30144 30165 30174 30175 30199 30201 30222
24 30230 30240 30240 30236 30231 30244 30241 30251 30266 30258 30250 30236 30205 30199 30111 30154 30122 30088 30059 30039 30017 29985 29955 29916
25 29885 29857 29842 29811 29760 29716 29692 29668 29630 29605 29568 29532 29498 29470 29448 29428 29409 29393 29396 29390 29373 29369 29350 29350
26 29335 29324 29327 29323 29305 29304 29308 29320 29340 29347 29358 29354 29348 29360 29388 29419 29428 29445 29461 29490 29492 29497 29487 29486
27 29494 29495 29513 29514 29493 29488 29466 29453 29433 29419 29383 29358 29341 29344 29332 29330 29335 29336 29337 29350 29357 29365 29365 29374
28 29363 29354 29339 29314 29273 29248 29225 29208 29221 29230 29223 29219 29195 29193 29187 29188 29182 29180 29179 29189 29192 29197 29198 29199
29 29189 29185 29198 29205 29199 29193 29205 29218 29234 29236 29214 29193 29178 29138 29123 29118 29090 29029 28971 28921 28893 28903 28918 28962
30 28988 29012 29045 29070 29092 29093 29095 29098 29109 29127 29131 29119 29120 29121 29124 29118 29111 29102 29092 29073 29063 29049 29052 29055
31 29068 29092 29122 29138 29149 29159 29170 29192 29202 29228 29224 29243 29259 29274 29301 29332 29368 29410 29453 29502 29559 29603 29635 29675
