01 29580 29588 29592 29600 29608 29614 29624 29638 29646 29656 29653 29661 29661 29669 29673 29687 29707 29719 29729 29737 29731 29733 29733 29741
02 29735 29727 29729 29741 29745 29751 29777 29801 29819 29839 29850 29855 29862 29872 29878 29900 29910 29916 29928 29922 29922 29912 29906 29904
03 29896 29892 29872 29870 29848 29856 29856 29850 29854 29834 29826 29826 29814 29796 29778 29770 29764 29760 29736 29714 29702 29684 29652 29638
04 29598 29559 29534 29508 29496 29484 29472 29444 29426 29424 29409 29387 29377 29361 29375 29387 29401 29419 29433 29435 29439 29439 29459 29487
05 29495 29511 29525 29535 29537 29533 29539 29543 29545 29541 29538 29518 29496 29492 29491 29470 29444 29426 29414 29410 29398 29386 29374 29346
06 29336 29316 29302 29284 29270 29264 29234 29228 29204 29194 29193 29179 29177 29183 29194 29218 29229 29241 29257 29275 29279 29279 29297 29307
07 29315 29315 29325 29335 29341 29349 29359 29373 29387 29401 29403 29405 29395 29375 29373 29361 29353 29345 29323 29287 29257 29235 29205 29169
08 29139 29107 29081 29039 29009 28979 28967 28963 28953 28968 28983 29013 29029 29065 29115 29187 29237 29291 29347 29401 29439 29471 29473 29505
09 29535 29585 29593 29619 29663 29703 29711 29727 29751 29773 29778 29756 29740 29724 29694 29676 29642 29608 29558 29508 29436 29350 29271 29184
10 29086 29018 28984 28968 28936 28912 28902 28876 28868 28842 28811 28786 28757 28736 28728 28720 28720 28724 28724 28732 28744 28756 28788 28820
11 28852 28880 28900 28920 28954 28972 28992 29026 29042 29072 29066 29062 29058 29040 28986 29006 28964 28968 28956 28948 28944 28908 28918 28914
12 28904 28906 28878 28878 28884 28882 28900 28912 28922 28948 28953 28961 28955 28963 28951 28947 28957 28967 28991 29017 29031 29043 29049 29057
13 29060 29065 29059 29065 29077 29001 29111 29115 29129 29139 29138 29143 29141 29149 29163 29195 29205 29227 29240 29249 29255 29281 29293 29295
14 29293 29293 29295 29297 29305 29307 29321 29332 29331 29333 29316 29299 29293 29291 29271 29269 29269 29261 29243 29227 29193 29177 29159 29137
15 29105 29097 29085 29077 29063 29059 29063 29073 29065 29061 29036 29012 28996 28982 28974 28966 28956 28938 28946 28936 28912 28904 28888 28882
16 28876 28868 28864 28864 28868 28868 28880 28898 28898 28904 28907 28913 28921 28937 28953 28973 28995 29009 29021 29029 29039 29043 29055 29075
17 29079 29085 29097 29107 29133 29141 29161 29189 29205 29211 29229 29251 29263 29271 29296 29335 29357 29375 29397 29415 29441 29463 29481 29515
18 29525 29547 29571 29595 29619 29645 29671 29687 29725 29747 29735 29759 29769 29785 29797 29825 29848 29867 29883 29897 29903 29927 29942 29959
19 29972 29977 29983 29995 30013 30029 30031 30043 30051 30049 30052 30058 30054 30056 30064 30066 30076 30088 30082 30086 30088 30084 30080 30082
20 30078 30070 30064 30054 30050 30046 30040 30048 30042 30044 30035 30023 30009 29995 29983 29979 29977 29975 29963 29953 29955 29951 29925 29909
21 29897 29885 29863 29845 29831 29823 29821 29815 29811 29804 29796 29780 29762 29750 29754 29748 29746 29738 29730 29720 29724 29718 29706 29696
22 29686 29678 29670 29656 29652 29652 29650 29648 29642 29642 29639 29627 29613 29603 29593 29593 29593 29599 29601 29599 29597 29605 29615 29613
23 29605 29607 29601 29593 29591 29587 29591 29593 29587 29591 29587 29573 29565 29539 29529 29521 29515 29513 29507 29497 29483 29475 29459 29439
24 29411 29381 29355 29329 29303 29283 29279 29275 29249 29223 29205 29174 29140 29102 29084 29064 29046 29026 29006 28996 28984 28968 28952 28932
25 28916 28906 28900 28900 28890 28900 28902 28910 28922 28940 28951 28951 28961 28961 28963 28989 28991 29001 29015 29021 29027 29037 29045 29047
26 29041 29043 29047 29045 29055 29061 29089 29099 29114 29127 29123 29117 29113 29105 29107 29109 29117 29123 29125 29133 29135 29141 29133 29133
27 29133 29133 29132 29123 29119 29117 29109 29115 29111 29123 29122 29107 29094 29076 29076 29084 29086 29098 29112 29124 29136 29140 29156 29168
28 29180 29188 29204 29218 29232 29264 29296 29340 29364 29392 29404 29418 29430 29444 29460 29486 29512 29540 29556 29564 29574 29577 29584 29586
29 29592 29598 29588 29590 29584 29582 29582 29582 29580 29571 29548 29538 29524 29503 29498 29498 29506 29506 29508 29514 29524 29530 29536 29542
30 29542 29556 29562 29562 29564 29574 29574 29590 29596 29597 29585 29575 29563 29547 29539 29541 29537 29538 29531 29519 29507 29487 29473 29455
