01 29710 29705 29699 29685 29679 29677 29679 29675 29677 29675 29659 29630 29607 29579 29551 29547 29545 29539 29557 29571 29591 29607 29619 29635
02 29645 29663 29689 29713 29742 29765 29791 29817 29837 29859 29875 29879 29880 29875 29879 29895 29897 29905 29913 29915 29923 29925 29927 29919
03 29918 29909 29897 29895 29897 29895 29903 29913 29921 29933 29937 29927 29919 29911 29917 29928 29945 29959 29973 29987 30005 30023 30039 30047
04 30055 30063 30069 30083 30087 30097 30105 30121 30133 30147 30150 30142 30137 30127 30122 30126 30124 30124 30124 30124 30116 30112 30108 30102
05 30088 30077 30060 30042 30026 30014 30010 30004 30000 30000 29988 29979 29968 29959 29957 29965 29968 29963 29968 29975 29983 29979 29985 29985
06 29980 30001 30005 30021 30013 30025 30023 30023 30025 30018 30018 29992 29975 29955 29945 29937 29920 29902 29878 29852 29816 29774 29740 29700
07 29672 29634 29614 29582 29556 29542 29534 29538 29550 29554 29554 29547 29540 29526 29525 29526 29532 29532 29535 29536 29538 29534 29524 29516
08 29502 29486 29486 29447 29420 29388 29368 29360 29366 29368 29373 29351 29353 29329 29329 29358 29369 29389 29413 29423 29443 29461 29468 29475
09 29487 29491 29493 29503 29503 29513 29506 29507 29511 29516 29496 29476 29464 29457 29448 29456 29456 29456 29448 29455 29456 29460 29476 29488
10 29495 29512 29526 29537 29538 29550 29558 29568 29580 29596 29606 29595 29585 29571 29581 29583 29595 29597 29607 29615 29617 29623 29637 29639
11 29635 29639 29645 29651 29653 29651 29657 29671 29686 29695 29709 29702 29702 29702 29700 29696 29698 29699 29702 29696 29694 29690 29686 29678
12 29662 29654 29650 29638 29624 29608 29602 29595 29582 29578 29569 29544 29516 29478 29454 29437 29414 29398 29382 29367 29357 29349 29342 29318
13 29310 29302 29297 29296 29294 29295 29300 29312 29318 29326 29321 29302 29292 29276 29270 29262 29264 29244 29236 29222 29214 29206 29192 29174
14 29158 29140 29134 29132 29128 29124 29134 29162 29199 29246 29306 29318 29340 29368 29410 29446 29473 29501 29523 29554 29573 29588 29601 29606
15 29606 29614 29620 29624 29628 29618 29614 29620 29613 29610 29598 29568 29560 29544 29536 29522 29511 29471 29470 29458 29441 29420 29400 29376
16 29350 29330 29313 29298 29278 29266 29248 29250 29266 29268 29263 29247 29235 29233 29230 29239 29238 29239 29240 29253 29255 29260 29257 29257
17 29259 29263 29277 29280 29300 29305 29313 29329 29347 29360 29357 29357 29354 29362 29376 29397 29402 29409 29427 29434 29434 29427 29414 29412
18 29392 29366 29354 29324 29304 29280 29264 29254 29247 29244 29231 29199 29179 29155 29144 29134 29139 29131 29133 29141 29139 29149 29144 29137
19 29135 29131 29131 29119 29121 29125 29144 29159 29175 29187 29195 29201 29202 29213 29229 29245 29255 29263 29268 29273 29285 29289 29285 29281
20 29271 29273 29269 29265 29259 29245 29243 29255 29263 29272 29291 29286 29289 29291 29303 29321 29336 29361 29385 29417 29439 29457 29477 29493
21 29505 29527 29548 29553 29567 29594 29617 29647 29673 29691 29712 29722 29716 29722 29737 29747 29754 29761 29770 29776 29780 29774 29770 29764
22 29760 29754 29749 29730 29704 29688 29680 29686 29680 29674 29675 29663 29648 29641 29655 29655 29679 29685 29697 29707 29713 29719 29715 29710
23 29718 29719 29711 29719 29713 29713 29719 29747 29773 29785 29784 29778 29772 29798 29820 29830 29828 29855 29868 29882 29908 29925 29945 29948
24 29970 29992 29987 29992 30008 30032 30047 30070 30068 30075 30075 30063 30050 30051 30051 30043 30030 29980 29970 29963 29940 29933 29877 29853
25 29822 29790 29780 29739 29667 29643 29625 29605 29575 29559 29519 29477 29436 29385 29355 29326 29305 29295 29277 29257 29243 29231 29219 29203
26 29191 29181 29153 29141 29106 29106 29116 29127 29157 29171 29189 29177 29167 29167 29169 29163 29167 29167 29167 29177 29178 29171 29167 29167
27 29176 29193 29198 29241 29254 29259 29277 29303 29307 29311 29308 29284 29258 29240 29212 29182 29154 29184 29218 29237 29284 29318 29342 29352
28 29362 29370 29378 29367 29348 29348 29344 29348 29348 29328 29311 29259 29209 29161 29159 29145 29109 29073 29054 29064 29069 29081 29089 29103
29 29109 29123 29129 29144 29145 29137 29147 29161 29161 29151 29149 29145 29135 29139 29144 29151 29161 29169 29169 29175 29164 29127 29111 29109
30 29109 29126 29143 29164 29187 29203 29221 29241 29269 29284 29292 29300 29272 29284 29280 29288 29298 29307 29309 29314 29322 29328 29310 29324
31 29324 29328 29334 29344 29352 29358 29368 29388 29408 29418 29407 29382 29363 29363 29399 29413 29437 29473 29480 29493 29547 29569 29581 29597
