01 29594 29586 29579 29573 29572 29583 29582 29587 29595 29599 29594 29583 29579 29574 29571 29573 29583 29603 29627 29661 29676 29682 29700 29714
02 29725 29734 29743 29759 29770 29797 29817 29837 29853 29864 29873 29876 29886 29886 29883 29882 29886 29909 29926 29948 29955 29970 29979 29982
03 29979 29974 29978 29976 29981 29990 29996 30002 30004 30001 29999 29985 29988 29985 29976 29969 29970 29968 29975 29984 29995 29999 30007 30010
04 30012 30024 30027 30033 30047 30059 30066 30072 30067 30067 30069 30061 30062 30057 30054 30056 30058 30064 30070 30078 30087 30090 30088 30085
05 30084 30086 30079 30079 30080 30076 30071 30062 30054 30036 30021 30008 30000 29976 29954 29928 29917 29921 29921 29920 29908 29877 29865 29848
06 29823 29797 29770 29744 29731 29713 29700 29697 29692 29686 29673 29658 29645 29622 29618 29610 29602 29590 29600 29603 29608 29609 29606 29598
07 29602 29607 29615 29612 29626 29641 29656 29667 29668 29664 29659 29656 29649 29636 29627 29612 29607 29601 29604 29609 29611 29612 29605 29599
08 29595 29591 29587 29576 29576 29588 29593 29599 29597 29594 29610 29620 29630 29620 29630 29640 29650 29650 29660 29680 29700 29710 29720 29740
09 29750 29750 29740 29750 29760 29760 29800 29810 29810 29810 29800 29810 29810 29810 29800 29810 29810 29830 29830 29850 29860 29860 29850 29840
10 29830 29820 29800 29800 29800 29800 29800 29800 29780 29770 29768 29746 29744 29736 29726 29714 29710 29705 29705 29693 29685 29688 29670 29652
11 29640 29612 29601 29577 29550 29538 29575 29556 29539 29542 29562 29585 29597 29616 29619 29628 29632 29640 29649 29672 29674 29678 29672 29672
12 29678 29676 29669 29658 29657 29658 29654 29655 29656 29656 29659 29649 29641 29635 29630 29619 29605 29597 29602 29593 29591 29587 29571 29557
13 29549 29523 29505 29491 29519 29523 29523 29533 29540 29552 29550 29547 29552 29540 29534 29536 29535 29533 29546 29553 29558 29553 29552 29537
14 29531 29513 29499 29483 29480 29479 29461 29455 29458 29455 29456 29458 29462 29461 29457 29463 29474 29486 29508 29527 29542 29559 29563 29562
15 29559 29543 29532 29514 29496 29484 29463 29452 29450 29448 29442 29428 29435 29446 29451 29481 29490 29511 29536 29549 29557 29560 29575 29589
16 29603 29637 29658 29684 29710 29741 29761 29786 29800 29807 29824 29841 29843 29832 29823 29817 29799 29778 29767 29770 29771 29772 29772 29777
17 29784 29778 29776 29775 29786 29797 29804 29825 29847 29881 29901 29928 29951 29967 29979 29996 30006 30014 30017 30031 30040 30042 30041 30023
18 30010 29946 29894 29884 29844 29822 29800 29809 29779 29804 29799 29794 29794 29812 29821 29837 29850 29862 29874 29885 29897 29903 29899 29895
19 29885 29874 29858 29833 29841 29851 29855 29856 29849 29848 29840 29828 29818 29816 29816 29805 29810 29828 29835 29848 29852 29852 29854 29862
20 29872 29868 29868 29866 29866 29863 29860 29853 29846 29834 29829 29806 29803 29789 29765 29752 29744 29744 29751 29769 29787 29795 29814 29838
21 29852 29863 29869 29881 29890 29899 29905 29902 29899 29887 29882 29871 29842 29849 29868 29858 29859 29869 29873 29887 29901 29905 29908 29913
22 29910 29909 29908 29908 29915 29920 29940 29934 29939 29937 29941 29940 29932 29924 29918 29905 29894 29885 29869 29867 29857 29830 29815 29800
23 29773 29743 29691 29639 29601 29565 29537 29499 29466 29428 29411 29384 29368 29351 29339 29322 29311 29305 29311 29322 29338 29340 29342 29334
24 29333 29324 29319 29312 29300 29294 29297 29288 29284 29278 29275 29271 29263 29255 29258 29255 29261 29278 29284 29302 29337 29356 29394 29430
25 29448 29469 29490 29512 29538 29570 29591 29608 29621 29634 29635 29645 29656 29657 29663 29671 29684 29693 29707 29723 29739 29747 29749 29747
26 29742 29736 29737 29737 29749 29753 29758 29763 29767 29771 29775 29783 29776 29766 29762 29765 29763 29769 29777 29788 29794 29796 29800 29794
27 29788 29782 29776 29776 29782 29780 29784 29780 29779 29774 29773 29761 29759 29752 29748 29748 29750 29757 29765 29780 29790 29791 29790 29779
28 29775 29774 29775 29770 29772 29775 29773 29777 29780 29773 29769 29756 29755 29742 29734 29725 29735 29753 29764 29779 29784 29796 29799 29797
29 29795 29790 29778 29772 29790 29818 29824 29864 29888 29914 29937 29956 29966 29977 29994 30010 30024 30046 30064 30089 30105 30113 30112 30114
30 30112 30105 30110 30113 30119 30122 30124 30124 30125 30128 30122 30118 30110 30098 30093 30084 30081 30073 30066 30066 30065 30063 30061 30060
31 30052 30040 30030 30028 30026 30023 30018 30018 30009 29998 29990 29973 29958 29947 29936 29928 29926 29922 29914 29916 29921 29922 29928 29932
