01 29626 29629 29634 29628 29634 29649 29648 29650 29656 29651 29653 29651 29645 29631 29625 29623 29625 29617 29617 29621 29629 29635 29637 29639
02 29647 29643 29533 29633 29623 29623 29625 29627 29611 29614 29615 29617 29609 29607 29599 29589 29576 29573 29563 29567 29567 29569 29559 29551
03 29545 29535 29519 29517 29516 29521 29527 29537 29537 29547 29547 29541 29529 29525 29515 29505 29501 29497 29497 29507 29505 29505 29505 29487
04 29473 29457 29439 29423 29413 29399 29393 29391 29363 29355 29341 29334 29329 29323 29319 29317 29321 29353 29373 29409 29447 29487 29505 29523
05 29541 29551 29565 29579 29599 29623 29631 29657 29671 29677 29691 29689 29697 29695 29699 29701 29703 29705 29719 29727 29741 29757 29765 29765
06 29765 29769 29763 29771 29775 29785 29791 29797 29799 29799 29802 29802 29798 29790 29784 29784 29784 29788 29792 29790 29792 29798 29788 29784
07 29764 29756 29744 29740 29726 29720 29718 29706 29704 29698 29690 29682 29678 29654 29634 29614 29596 29590 29570 29552 29547 29542 29528 29510
08 29490 29470 29438 29424 29400 29388 29378 29360 29332 29334 29309 29281 29251 29223 29187 29151 29161 29121 29111 29109 29103 29101 29095 29101
09 29101 29097 29095 29097 29097 29097 29099 29107 29103 29095 29102 29088 29070 29056 29046 29022 29036 29034 29030 29032 29038 29042 29045 29062
10 29062 29074 29090 29106 29114 29126 29138 29158 29172 29188 29197 29207 29221 29237 29249 29256 29263 29279 29285 29297 29305 29308 29307 29301
11 29293 29273 29255 29241 29213 29187 29151 29113 29071 29045 29014 28974 28956 28934 28928 28916 28880 28857 28858 28870 28886 28906 28920 28936
12 28942 28940 28938 28938 28936 28942 28948 28960 28976 28990 29004 29018 29036 29057 29082 29110 29134 29160 29188 29220 29258 29290 29302 29320
13 29327 29338 29356 29366 29380 29396 29414 29436 29452 29466 29465 29469 29473 29479 29483 29487 29487 29497 29513 29533 29547 29559 29562 29561
14 29559 29565 29561 29559 29569 29579 29587 29585 29583 29581 29581 29568 29566 29562 29556 29548 29536 29542 29538 29542 29548 29548 29540 29536
15 29528 29514 29506 29504 29502 29501 29498 29496 29486 29481 29474 29474 29458 29456 29447 29444 29440 29446 29446 29448 29456 29461 29454 29458
16 29450 29446 29444 29447 29446 29448 29446 29451 29448 29424 29420 29416 29414 29414 29404 29398 29404 29422 29429 29436 29440 29442 29436 29426
17 29414 29406 29400 29404 29406 29410 29420 29420 29432 29435 29442 29444 29446 29444 29442 29444 29442 29452 29454 29466 29474 29480 29476 29476
18 29466 29458 29456 29458 29456 29466 29472 29484 29488 29495 29497 29500 29501 29501 29497 29494 29499 29504 29511 29521 29530 29535 29539 29545
19 29547 29541 29545 29549 29553 29567 29585 29587 29595 29597 29606 29606 29608 29608 29608 29610 29618 29630 29637 29648 29658 29666 29668 29668
20 29668 29672 29664 29664 29664 29660 29662 29657 29650 29648 29642 29632 29630 29618 29616 29602 29594 29598 29602 29610 29620 29632 29632 29632
21 29624 29622 29616 29612 29616 29626 29642 29656 29656 29664 29667 29679 29683 29689 29693 29703 29711 29717 29726 29737 29751 29763 29771 29779
22 29779 29783 29790 29791 29797 29803 29809 29805 29797 29793 29783 29779 29775 29765 29759 29749 29745 29743 29744 29745 29749 29745 29741 29735
23 29733 29733 29725 29719 29722 29723 29727 29721 29713 29713 29707 29697 29683 29675 29663 29661 29655 29655 29657 29657 29659 29661 29661 29655
24 29651 29647 29647 29655 29659 29663 29667 29679 29683 29683 29682 29687 29686 29685 29682 29679 29685 29704 29708 29716 29726 29732 29732 29738
25 29732 29732 29736 29744 29744 29756 29768 29778 29782 29782 29782 29785 29783 29771 29769 29761 29763 29761 29757 29759 29765 29773 29775 29775
26 29775 29769 29765 29767 29769 29773 29783 29786 29777 29771 29768 29758 29754 29750 29744 29728 29722 29726 29730 29740 29752 29754 29752 29758
27 29752 29740 29738 29734 29728 29728 29724 29718 29702 29700 29684 29670 29660 29648 29642 29622 29620 29624 29618 29622 29630 29634 29633 29632
28 29624 29618 29598 29600 29592 29600 29610 29606 29600 29598 29597 29589 29591 29594 29595 29583 29585 29595 29605 29619 29627 29633 29637 29641
29 29634 29629 29621 29619 29601 29599 29599 29605 29589 29585 29582 29575 29560 29548 29526 29514 29506 29504 29512 29506 29516 29520 29526 29524
30 29514 29502 29498 29506 29502 29504 29508 29512 29512 29516 29512 29520 29520 29526 29528 29528 29534 29536 29544 29554 29570 29590 29600 29594
