01 29725 29728 29731 29741 29753 29768 29777 29793 29800 29814 29821 29842 29851 29868 29879 29879 29897 29905 29925 29938 29953 29967 29971 29976
02 29978 29975 29970 29965 29963 29961 29961 29962 29953 29949 29948 29942 29931 29917 29914 29895 29890 29884 29877 29883 29903 29912 29920 29932
03 29949 29968 29987 29990 30003 30025 30047 30064 30074 30086 30089 30094 30108 30114 30126 30130 30139 30148 30144 30154 30176 30173 30173 30174
04 30166 30165 30160 30158 30158 30158 30162 30154 30148 30143 30135 30129 30122 30113 30097 30069 30044 30025 30003 29990 29977 29956 29916 29906
05 29863 29820 29793 29809 29807 29806 29806 29830 29839 29849 29851 29868 29871 29877 29872 29882 29878 29889 29896 29906 29918 29934 29946 29965
06 29970 29981 29991 30012 30033 30053 30072 30098 30113 30128 30120 30118 30116 30110 30099 30082 30071 30064 30058 30056 30055 30050 30043 30027
07 30010 29996 29975 29956 29940 29931 29918 29897 29886 29868 29847 29825 29795 29778 29763 29755 29752 29760 29759 29767 29786 29788 29787 29778
08 29770 29756 29754 29740 29724 29720 29723 29715 29701 29689 29674 29666 29646 29628 29603 29618 29628 29631 29626 29611 29598 29611 29651 29709
09 29731 29751 29763 29772 29797 29817 29841 29863 29884 29908 29976 29913 29920 29932 29932 29930 29922 29918 29914 29909 29902 29865 29842 29812
10 29803 29789 29797 29789 29798 29816 29822 29853 29878 29906 29928 29960 29988 30006 30018 30037 30058 30075 30095 30102 30122 30109 30106 30095
11 30085 30052 30032 30022 30018 30009 30010 30008 30004 29995 29997 29991 29992 29990 29975 29971 29972 29969 29959 29955 29943 29931 29917 29909
12 29892 29869 29845 29828 29809 29789 29763 29749 29749 29739 29737 29730 29729 29722 29719 29721 29726 29741 29761 29782 29808 29823 29846 29861
13 29867 29862 29868 29878 29883 29896 29911 29921 29922 29933 29933 29943 29944 29951 29955 29961 29962 29965 29978 29988 30005 30005 30008 30019
14 30017 30011 30012 30011 30015 30023 30033 30045 30044 30048 30059 30059 30067 30060 30052 30051 30048 30030 30030 30017 30007 29980 29956 29936
15 29915 29900 29891 29887 29896 29888 29883 29864 29875 29870 29857 29848 29830 29819 29805 29786 29775 29764 29755 29744 29736 29716 29708 29698
16 29688 29673 29651 29630 29627 29627 29631 29628 29620 29627 29632 29627 29619 29622 29613 29611 29600 29603 29598 29591 29585 29569 29564 29551
17 29540 29525 29513 29502 29485 29481 29475 29465 29469 29473 29477 29478 29485 29497 29503 29523 29537 29547 29554 29570 29584 29603 29612 29618
18 29622 29627 29635 29642 29644 29657 29666 29677 29691 29705 29722 29721 29716 29712 29711 29703 29702 29681 29659 29652 29644 29634 29614 29580
19 29553 29518 29503 29490 29479 29479 29490 29505 29523 29539 29554 29572 29590 29620 29639 29660 29678 29694 29710 29733 29754 29773 29783 29803
20 29799 29803 29807 29813 29816 29830 29840 29853 29855 29856 29861 29862 29860 29854 29840 29825 29814 29792 29783 29784 29770 29759 29740 29719
21 29695 29674 29652 29628 29612 29614 29619 29622 29625 29644 29652 29660 29669 29684 29690 29700 29705 29712 29722 29741 29752 29753 29759 29754
22 29750 29748 29739 29732 29729 29736 29735 29730 29731 29735 29731 29724 29719 29715 29705 29694 29681 29672 29676 29690 29696 29702 29704 29694
23 29688 29684 29681 29675 29679 29686 29699 29707 29714 29726 29731 29726 29729 29728 29727 29730 29734 29737 29738 29748 29757 29756 29759 29763
24 29757 29757 29755 29744 29750 29755 29761 29763 29765 29770 29766 29768 29758 29759 29747 29736 29736 29722 29699 29690 29672 29652 29617 29572
25 29517 29446 29380 29333 29297 29285 29269 29256 29245 29221 29203 29183 29156 29132 29117 29105 29109 29174 29223 29265 29299 29308 29321 29340
26 29357 29369 29372 29376 29376 29399 29409 29432 29444 29469 29493 29504 29522 29536 29554 29577 29603 29629 29649 29672 29697 29719 29735 29750
27 29761 29772 29789 29799 29812 29830 29847 29866 29883 29896 29907 29925 29928 29943 29947 29958 29964 29973 29977 29993 29998 29997 30005 30001
28 29997 29993 29988 29987 29982 29988 29992 29997 29992 29992 29987 29983 29967 29946 29920 29896 29851 29815 29778 29763 29754 29744 29743 29744
29 29741 29735 29731 29725 29723 29727 29730 29732 29737 29741 29738 29733 29734 29731 29726 29721 29714 29720 29729 29745 29762 29773 29794 29813
30 29820 29838 29850 29864 29883 29905 29933 29961 29986 30011 30026 30044 30062 30072 30078 30094 30103 30113 30129 30150 30166 30186 30193 30200
31 30199 30206 30209 30209 30225 30237 30253 30271 30277 30284 30294 30295 30297 30304 30304 30301 30303 30308 30315 30328 30337 30344 30343 30338
