01 30093 30097 30091 30081 30080 30078 30080 30065 30051 30044 30027 30006 29996 29978 29978 29973 29964 29951 29952 29953 29961 29954 29955 29951
02 29944 29945 29947 29952 29942 29943 29942 29934 29933 29914 29915 29913 29923 29917 29917 29923 29923 29922 29938 29943 29951 29959 29953 29949
03 29944 29949 29951 29941 29931 29921 29922 29921 29914 29892 29896 29876 29869 29847 29840 29835 29824 29797 29790 29776 29772 29755 29743 29726
04 29709 29693 29684 29662 29645 29634 29616 29595 29581 29552 29534 29497 29472 29436 29384 29348 29314 29284 29261 29250 29228 29216 29210 29213
05 29234 29234 29244 29245 29256 29254 29252 29253 29244 29240 29246 29252 29251 29248 29246 29245 29248 29251 29255 29266 29269 29266 29276 29280
06 29280 29275 29271 29268 29278 29266 29288 29279 29295 29282 29304 29324 29324 29336 29372 29380 29396 29409 29418 29436 29459 29466 29474 29485
07 29483 29485 29482 29482 29486 29491 29496 29504 29504 29511 29510 29505 29510 29504 29538 29529 29548 29575 29585 29602 29625 29645 29655 29672
08 29691 29698 29713 29735 29753 29765 29785 29802 29817 29816 29833 29834 29857 29873 29901 29901 29922 29923 29943 29951 29975 29987 29999 30006
09 30017 30023 30027 30031 30037 30043 30055 30066 30073 30059 30059 30057 30046 30042 30044 30037 30026 30014 30016 30012 30019 30012 30010 30012
10 29994 29982 29970 29954 29943 29936 29931 29922 29904 29896 29887 29871 29857 29853 29847 29845 29837 29833 29833 29840 29838 29845 29843 29853
11 29856 29858 29855 29853 29853 29843 29843 29843 29841 29827 29819 29801 29793 29783 29770 29758 29758 29761 29757 29756 29763 29781 29775 29789
12 29783 29789 29785 29790 29791 29793 29795 29792 29793 29791 29793 29791 29788 29783 29783 29787 29788 29796 29803 29811 29822 29833 29841 29843
13 29841 29841 29841 29838 29843 29857 29856 29861 29860 29861 29860 29850 29844 29844 29835 29828 29823 29820 29824 29836 29850 29863 29866 29864
14 29862 29859 29850 29844 29842 29842 29835 29836 29833 29813 29798 29781 29763 29745 29733 29720 29713 29721 29718 29725 29725 29735 29735 29735
15 29735 29734 29729 29723 29721 29725 29719 29713 29707 29701 29702 29700 29698 29692 29691 29686 29686 29692 29693 29696 29708 29718 29718 29716
16 29716 29716 29714 29707 29708 29712 29708 29704 29706 29690 29678 29670 29656 29668 29658 29651 29644 29638 29638 29633 29627 29624 29608 29602
17 29584 29575 29558 29572 29565 29568 29568 29571 29566 29575 29588 29594 29592 29598 29598 29589 29587 29590 29573 29568 29568 29555 29548 29555
18 29546 29548 29538 29531 29526 29526 29524 29518 29506 29488 29486 29476 29456 29457 29469 29469 29463 29466 29466 29494 29496 29518 29530 29535
19 29537 29543 29543 29551 29552 29555 29565 29558 29555 29540                                                       29425                        
20                                                       29357       29361       29358                   29339       29330       29311            
21                                                       29075 29078 29066 29070 29058 29056 29038 29026 29020 29010 29010 29018 29030 29046 29070
22 29082 29094 29106 29128 29140 29162 29166 29185 29196 29212 29219 29227 29237 29239 29243 29244 29265 29277 29284 29297 29320 29348 29349 29373
23 29422 29457 29489 29536 29575 29619 29653 29695 29731 29752 29784 29803 29826 29856 29870 29888 29906 29926 29938 29960 29974 29986 29986 29986
24 29990 29988 29980 29964 29955 29946 29934 29934 29915 29900 29888 29881 29869 29853 29845 29834 29811 29787 29759 29736 29724 29703 29697 29692
25 29665 29656 29627 29609 29584 29567 29559 29550 29545 29537 29550 29543 29541 29555 29555 29577 29580 29603 29614 29637 29665 29693 29713 29739
26 29745 29761 29771 29788 29811 29826 29843 29849 29857 29870 29880 29884 29887 29890 29884 29875 29869 29859 29851 29834 29819 29811 29787 29747
27 29723 29687 29659 29647 29624 29607 29587 29579 29579 29571 29577 29585 29589 29599 29607 29616 29623 29638 29636 29651 29657 29677 29667 29667
28 29667 29667 29667 29677 29684 29689 29701 29701 29706 29710 29709 29719 29721 29729 29747 29751 29765 29786 29779 29791 29793 29803 29800 29797
29 29795 29779 29763 29752 29747 29745 29743 29749 29753 29763 29762 29782 29792 29816 29816 29844 29854 29870 29890 29906 29921 29937 29938 29938
30 29938 29935 29915 29908 29882 29870 29848 29832 29792 29744 29711 29676 29652 29646 29632 29608 29602 29596 29580 29575 29568 29562 29548 29538
