01 30069 30057 30038 30023 30009 29997 29989 29980 29972 29956 29946 29939 29929 29923 29926 29924 29922 29931 29945 29955 29975 29976 29980 29989
02 29995 30003 30021 30034 30041 30057 30064 30065 30074 30073 30069 30068 30065 30062 30061 30061 30066 30069 30076 30082 30091 30093 30099 30093
03 30093 30086 30090 30100 30115 30106 30107 30117 30119 30117 30111 30110 30107 30111 30113 30117 30120 30128 30139 30147 30159 30169 30170 30165
04 30159 30159 30162 30171 30179 30183 30191 30197 30197 30201 30197 30193 30190 30183 30181 30177 30178 30176 30173 30168 30174 30177 30180 30178
05 30174 30171 30166 30162 30157 30148 30137 30130 30119 30096 30080 30059 30030 30009 29984 29964 29947 29917 29906 29883 29860 29836 29831 29826
06 29789 29754 29727 29701 29692 29678 29662 29655 29653 29649 29663 29682 29701 29756 29780 29805 29827 29841 29870 29905 29942 29969 29987 29996
07 30002 30015 30015 30030 30041 30050 30058 30059 30062 30071 30071 30063 30058 30059 30051 30048 30037 30035 30039 30050 30057 30066 30051 30041
08 30035 30027 30020 30013 30018 30008 29998 29993 29970 29971 29962 29945 29934 29924 29925 29921 29919 29913 29914 29910 29914 29919 29925 29924
09 29926 29927 29933 29939 29943 29953 29955 29977 29981 29989 29988 29988 29990 29989 29995 29984 29978 29971 29975 29978 29982 29977 29971 29968
10 29965 29965 29973 29983 29997 30010 30041 30058 30079 30090 30110 30125 30132 30141 30147 30144 30144 30150 30161 30168 30183 30201 30210 30212
11 30209 30204 30198 30200 30203 30205 30204 30202 30200 30198 30197 30186 30179 30160 30150 30139 30127 30116 30102 30105 30105 30100 30099 30098
12 30088 30057 30047 30033 30022 30024 30026 30025 30023 30018 30015 30016 30017 30025 30025 30023 30033 30046 30057 30077 30105 30125 30134 30143
13 30145 30142 30151 30155 30163 30182 30193 30202 30209 30216 30214 30211 30206 30207 30213 30214 30215 30216 30229 30257 30272 30278 30276 30268
14 30264 30262 30262 30266 30276 30288 30294 30295 30299 30292 30283 30271 30260 30247 30228 30215 30197 30188 30182 30183 30184 30181 30173 30163
15 30147 30138 30128 30115 30104 30098 30096 30089 30076 30052 30046 30027 30012 29989 29983 29966 29958 29955 29955 29971 29981 29985 29992 29997
16 29998 29995 30000 30006 30012 30025 30033 30041 30036 30031 30037 30023 30018 30024 30030 30023 30016 30008 30017 30028 30031 30047 30053 30052
17 30051 30046 30047 30047 30057 30067 30067 30073 30080 30076 30075 30068 30053 30038 30026 30015 30008 29998 29999 30003 30006 30008 30005 30003
18 29993 29985 29979 29981 29986 29990 29997 29993 29983 29980 29969 29962 29954 29941 29931 29927 29916 29916 29920 29933 29935 29936 29940 29938
19 29923 29923 29915 29873 29865 29876 29881 29881 29869 29857 29850 29833 29818 29807 29805 29792 29774 29752 29762 29780 29794 29802 29796 29801
20 29792 29777 29768 29781 29782 29793 29801 29821 29840 29843 29854 29857 29851 29847 29840 29843 29848 29852 29861 29882 29896 29903 29926 29942
21 29943 29953 29960 29976 29984 29990 29996 30000 30007 30005 29993 29988 29987 29978 29973 29962 29959 29957 29962 29969 29994 30003 30003 29998
22 29986 29970 29965 29966 29958 29964 29964 29969 29961 29947 29945 29943 29931 29917 29899 29883 29867 29857 29853 29860 29870 29879 29895 29895
23 29895 29907 29918 29926 29929 29937 29943 29947 29946 29961 29967 29960 29951 29932 29910 29902 29894 29887 29886 29890 29900 29898 29900 29901
24 29898 29896 29888 29890 29876 29878 29882 29874 29871 29851 29845 29837 29804 29780 29760 29752 29750 29741 29734 29728 29732 29734 29729 29733
25 29722 29714 29706 29707 29700 29696 29701 29706 29697 29694 29683 29675 29664 29657 29644 29627 29614 29601 29597 29597 29591 29577 29564 29544
26 29540 29522 29501 29493 29493 29499 29506 29516 29521 29537 29553 29567 29574 29598 29621 29648 29682 29703 29732 29758 29784 29795 29806 29814
27 29819 29830 29842 29861 29884 29908 29928 29941 29959 29969 29975 29979 29988 29991 29995 30025 30046 30060 30078 30101 30123 30139 30153 30165
28 30168 30172 30179 30182 30195 30205 30204 30208 30206 30196 30183 30169 30148 30135 30123 30105 30095 30095 30080 30074 30067 30057 30027 30015
29 29991 29973 29948 29930 29926 29930 29937 29946 29952 29959 29967 29970 29973 29963 29957 29953 29947 29950 29957 29961 29967 29965 29966 29961
30 29956 29941 29917 29903 29898 29893 29892 29878 29869 29855 29833 29820 29801 29778 29762 29749 29743 29751 29758 29764 29767 29764 29759 29751
31 29745 29732 29707 29682 29667 29651 29620 29593 29551 29528 29502 29485 29468 29474 29467 29462 29458 29466 29489 29525 29558 29602 29623 29651
