01 30074 30076 30077 30080 30081 30086 30094 30106 30110 30095 30083 30084 30087 30078 30076 30058 30060 30065 30068 30067 30072 30073 30074 30072
02 30071 30065 30055 30050 30045 30032 30033 30036 30036 30021 30014 30005 30002 29991 29989 29974 29973 29951 29947 29959 29961 29961 29954 29949
03 29944 29938 29919 29889 29894 29891 29889 29889 29886 29882 29876 29871 29870 29848 29826 29820 29800 29796 29794 29797 29805 29801 29792 29781
04 29765 29750 29737 29726 29721 29720 29720 29724 29722 29716 29710 29690 29685 29670 29642 29631 29625 29612 29605 29600 29580 29559 29531 29512
05 29474 29436 29408 29405 29385 29352 29350 29327 29320 29330 29326 29322 29320 29285 29275 29244 29245 29228 29240 29242 29250 29254 29253 29254
06 29258 29261 29262 29260 29247 29248 29256 29275 29285 29290 29292 29295 29300 29290 29290 29287 29290 29294 29304 29325 29330 29338 29342 29357
07 29364 29372 29382 29390 29408 29421 29438 29468 29485 29492 29506 29504 29508 29522 29526 29530 29525 29539 29538 29540 29554 29558 29550 29546
08 29544 29546 29543 29539 29539 29540 29549 29560 29571 29572 29577 29574 29579 29586 29594 29609 29615 29635 29659 29670 29679 29682 29684 29678
09 29684 29684 29684 29683 29684 29695 29709 29719 29733 29745 29738 29739 29740 29732 29736 29738 29740 29750 29752 29764 29768 29776 29775 29775
10 29774 29775 29775 29777 29781 29792 29811 29826 29835 29853 29855 29850 29855 29847 29845 29840 29844 29836 29840 29846 29858 29865 29861 29857
11 29852 29848 29837 29828 29825 29828 29831 29842 29846 29849 29846 29842 29836 29828 29829 29829 29831 29842 29846 29860 29861 29858 29862 29860
12 29862 29862 29857 29855 29855 29856 29865 29876 29883 29889 29897 29892 29894 29890 29892 29885 29885 29898 29902 29906 29910 29908 29908 29907
13 29902 29897 29889 29876 29872 29870 29878 29886 29888 29902 29903 29902 29904 29900 29902 29898 29898 29898 29900 29904 29906 29910 29908 29907
14 29905 29897 29892 29889 29882 29885 29890 29900 29910 29905 29912 29908 29907 29893 29894 29886 29892 29892 29894 29894 29900 29906 29905 29902
15 29905 29902 29898 29892 29893 29902 29911 29930 29941 29948 29955 29956 29957 29949 29949 29956 29958 29966 29974 29987 29990 29999 30005 30004
16 30007 30001 29987 29978 29979 29983 29995 30002 30005 29996 29994 29985 29979 29963 29955 29932 29924 29919 29912 29908 29904 29897 29872 29856
17 29837 29810 29787 29768 29740 29732 29710 29698 29692 29692 29672 29656 29632 29624 29605 29600 29577 29575 29535 29536 29537 29538 29532 29519
18 29495 29478 29460 29441 29441 29438 29444 29457 29465 29462 29463 29464 29460 29454 29455 29461 29470 29477 29495 29510 29517 29535 29536 29552
19 29562 29560 29557 29563 29580 29600 29621 29643 29646 29662 29673 29669 29670 29670 29669 29658 29652 29652 29650 29646 29632 29620 29616 29593
20 29572 29545 29520 29505 29493 29480 29478 29469 29452 29441 29422 29393 29365 29332 29300 29268 29241 29219 29215 29213 29200 29164 29123 29090
21 29080 29108 29106 29105 29104 29104 29102 29116 29131 29157 29152 29171 29189 29218 29213 29217 29213 29211 29224 29241 29246 29267 29270 29289
22 29289 29286 29287 29309 29338 29367 29393 29431 29456 29493 29503 29527 29546 29569 29578 29597 29608 29635 29651 29679 29694 29703 29711 29711
23 29720 29731 29729 29744 29741 29743 29762 29778 29790 29801 29822 29825 29830 29829 29833 29828 29830 29840 29852 29872 29878 29878 29878 29876
24 29870 29866 29856 29850 29846 29842 29860 29870 29868 29873 29868 29857 29853 29846 29842 29826 29826 29830 29830 29832 29836 29847 29846 29843
25 29865 29866 29862 29862 29858 29868 29884 29904 29910 29917 29917 29912 29908 29900 29900 29892 29896 29899 29897 29897 29896 29888 29879 29869
26 29865 29850 29848 29861 29870 29892 29910 29938 29941 29965 29968 29966 29962 29965 29968 29972 29970 29979 29980 29992 29988 29991 29992 29989
27 29985 29986 29982 29975 29965 29971 29983 30005 30013 30022 30018 30014 30010 30008 30006 30007 30015 30025 30032 30045 30056 30068 30068 30065
28 30060 30056 30052 30052 30060 30072 30088 30105 30110 30115 30119 30126 30127 30122 30123 30111 30118 30125 30131 30147 30149 30149 30152 30152
29 30147 30136 30130 30127 30123 30126 30134 30137 30137 30131 30132 30118 30104 30100 30090 30088 30092 30094 30102 30102 30108 30102 30095 30096
30 30095 30088 30078 30075 30075 30086 30092 30110 30120 30127 30129 30121 30105 30101 30096 30093 30089 30087 30083 30081 30081 30081 30077 30067
