01 29963 29953 29951 29953 29957 29961 29965 29969 29963 29955 29945 29937 29917 29913 29905 29894 29889 29895 29903 29907 29913 29917 29919 29915
02 29904 29889 29877 29867 29871 29878 29877 29877 29873 29865 29868 29855 29839 29831 29825 29825 29825 29829 29833 29837 29835 29829 29829 29817
03 29828 29829 29821 29817 29817 29821 29829 29838 29835 29833 29826 29830 29822 29822 29816 29818 29822 29832 29846 29860 29864 29876 29880 29884
04 29886 29880 29878 29874 29872 29882 29894 29904 29908 29904 29903 29899 29891 29895 29889 29892 29899 29901 29905 29913 29909 29905 29901 29893
05 29885 29877 29861 29855 29851 29859 29871 29877 29881 29885 29889 29880 29874 29888 29886 29896 29906 29924 29932 29946 29950 29954 29952 29948
06 29946 29944 29942 29932 29934 29952 29972 29984 30000 30008 30018 30018 30036 30046 30038 30048 30062 30078 30094 30096 30094 30100 30096 30094
07 30090 30086 30090 30090 30088 30094 30102 30104 30106 30104 30108 30106 30096 30074 30058 30044 30036 30026 30020 30002 29984 29966 29940 29914
08 29904 29880 29858 29840 29822 29822 29822 29826 29822 29816 29799 29781 29767 29749 29731 29725 29713 29699 29677 29677 29661 29641 29619 29565
09 29549 29521 29499 29469 29442 29425 29411 29397 29375 29359 29337 29321 29323 29329 29337 29341 29347 29374 29387 29409 29424 29439 29449 29461
10 29479 29476 29481 29481 29471 29483 29494 29491 29488 29483 29474 29478 29482 29464 29464 29460 29456 29434 29428 29406 29374 29350 29312 29262
11 29220 29182 29152 29124 29120 29130 29144 29166 29184 29202 29216 29212 29208 29218 29214 29202 29200 29226 29240 29260 29280 29281 29282 29287
12 29302 29300 29292 29292 29283 29276 29266 29260 29252 29263 29261 29268 29258 29258 29254 29246 29243 29242 29250 29241 29242 29240 29238 29238
13 29234 29230 29236 29244 29260 29286 29302 29331 29341 29361 29358 29355 29356 29358 29324 29284 29264 29232 29178 29101 29018 28930 28842 28774
14 28702 28634 28564 28486 28401 28362 28310 28238 28174 28148 28188 28224 28270 28440 28608 28774 28896 29006 29074 29128 29184 29238 29276 29316
15 29348 29374 29380 29386 29402 29420 29432 29452 29476 29502 29504 29528 29548 29568 29590 29620 29646 29672 29696 29718 29744 29772 29790 29810
16 29826 29850 29864 29886 29902 29902 29924 29954 29954 29964 29973 29964 29962 29968 29954 29950 29958 29964 29962 29972 29974 29972 29968 29964
17 29960 29952 29944 29940 29930 29928 29930 29928 29932 29936 29930 29916 29906 29896 29872 29874 29876 29868 29876 29888 29890 29892 29895 29886
18 29884 29878 29864 29849 29842 29840 29840 29848 29850 29850 29841 29829 29817 29805 29797 29799 29811 29825 29833 29835 29837 29845 29847 29841
19 29835 29821 29809 29803 29807 29813 29817 29827 29829 29819 29799 29786 29760 29746 29734 29722 29716 29716 29716 29706 29696 29680 29666 29654
20 29614 29602 29592 29588 29580 29582 29592 29604 29592 29584 29562 29530 29510 29486 29442 29444 29448 29446 29434 29422 29422 29412 29396 29388
21 29374 29358 29336 29318 29302 29316 29326 29330 29326 29320 29316 29316 29306 29310 29308 29308 29296 29310 29314 29318 29320 29310 29284 29258
22 29256 29229 29216 29204 29170 29172 29156 29160 29144 29130 29105 29063 29077 29053 29023 28979 28957 28963 28973 28959 28941 28951 28937 28925
23 28925 28943 28947 28975 28991 29021 29043 29061 29091 29119 29123 29149 29161 29171 29183 29187 29213 29229 29221 29237 29237 29245 29263 29275
24 29263 29277 29273 29279 29283 29293 29303 29321 29337 29354 29361 29359 29367 29377 29383 29399 29409 29413 29419 29423 29433 29447 29454 29459
25 29465 29469 29471 29483 29494 29505 29513 29517 29531 29549 29557 29563 29569 29589 29593 29601 29607 29631 29635 29649 29660 29665 29681 29687
26 29697 29701 29711 29725 29733 29743 29757 29783 29803 29807 29814 29816 29822 29832 29836 29844 29860 29878 29888 29902 29914 29918 29928 29934
27 29932 29922 29922 29922 29932 29940 29948 29954 29962 29960 29963 29953 29943 29943 29933 29931 29931 29933 29935 29939 29937 29933 29925 29915
28 29903 29895 29887 29869 29857 29853 29849 29843 29835 29833 29821 29801 29797 29785 29771 29769 29781 29787 29787 29791 29791 29789 29787 29783
29 29781 29785 29775 29787 29799 29817 29837 29861 29873 29881 29903 29909 29901 29911 29907 29917 29927 29949 29965 29973 29975 29983 29983 29981
30 29971 29973 29963 29961 29951 29945 29945 29953 29950 29947 29943 29927 29917 29901 29893 29893 29889 29889 29887 29885 29887 29881 29873 29863
31 29857 29847 29833 29825 29817 29807 29805 29795 29795 29777 29756 29730 29706 29690 29666 29648 29634 29618 29588 29582 29556 29536 29510 29490
