01 29946 29933 29905 29880 29875 29870 29866 29865 29853 29836 29823 29807 29801 29793 29791 29792 29797 29797 29797 29804 29806 29810 29799 29794
02 29791 29779 29777 29774 29779 29779 29786 29795 29796 29802 29806 29787 29784 29776 29791 29786 29781 29788 29795 29793 29802 29805 29799 29792
03 29777 29777 29771 29765 29760 29763 29757 29753 29763 29765 29752 29736 29733 29723 29713 29721 29739 29766 29787 29808 29827 29838 29836 29836
04 29830 29829 29821 29817 29816 29820 29829 29846 29856 29879 29903 29911 29912 29917 29919 29929 29942 29949 29958 29955 29966 29961 29967 29979
05 29973 29959 29948 29936 29936 29943 29942 29954 29956 29960 29959 29949 29938 29951 29950 29961 29969 29994 30006 30033 30048 30061 30064 30080
06 30077 30074 30065 30066 30068 30054 30078 30100 30121 30134 30146 30142 30144 30149 30157 30162 30179 30204 30212 30229 30243 30237 30230 30247
07 30257 30251 30233 30232 30223 30218 30211 30208 30194 30193 30186 30173 30163 30142 30129 30116 30120 30122 30117 30125 30144 30145 30151 30147
08 30157 30142 30150 30147 30152 30150 30153 30169 30185 30191 30193 30188 30183 30185 30177 30168 30173 30179 30175 30168 30170 30156 30144 30131
09 30126 30122 30115 30105 30090 30081 30084 30080 30079 30077 30059 30034 30020 30010 29995 29994 29990 29992 29991 29990 29990 29978 29972 29965
10 29961 29971 29972 29982 29986 29986 29998 30006 30020 30032 30043 30036 30030 30033 30047 30065 30090 30120 30130 30156 30160 30158 30182 30188
11 30195 30208 30197 30206 30215 30219 30230 30243 30233 30242 30243 30228 30209 30196 30198 30195 30194 30198 30199 30104 30178 30161 30144 30127
12 30099 30074 30054 30042 30047 30053 30061 30084 30107 30123 30144 30143 30158 30167 30169 30190 30206 30213 30230 30242 30247 30269 30281 30284
13 30282 30291 30299 30306 30322 30338 30344 30352 30373 30384 30384 30383 30385 30383 30386 30384 30382 30391 30405 30405 30405 30411 30410 30410
14 30395 30391 30385 30381 30371 30362 30365 30364 30367 30362 30359 30342 30328 30311 30304 30294 30292 30288 30279 30266 30252 30230 30201 30183
15 30163 30144 30117 30087 30068 30066 30052 30045 30040 30016 29997 29979 29956 29948 29945 29946 29948 29958 29978 30006 30030 30054 30058 30074
16 30078 30082 30078 30074 30068 30061 30059 30048 30018 30008 29981 29946 29924 29899 29878 29849 29798 29774 29760 29740 29720 29692 29665 29647
17 29612 29618 29608 29603 29616 29640 29670 29715 29736 29754 29771 29792 29808 29816 29826 29848 29880 29909 29936 29968 29995 30021 30043 30069
18 30092 30120 30139 30161 30195 30211 30233 30263 30289 30308 30308 30310 30315 30313 30308 30311 30311 30306 30312 30317 30324 30314 30308 30304
19 30293 30283 30262 30247 30240 30235 30226 30224 30226 30217 30210 30178 30160 30140 30120 30111 30091 30083 30061 30053 30047 30033 30024 30006
20 29991 29991 29987 29980 29974 29977 29978 29990 30007 30014 30022 30005 29992 29984 29975 29964 29961 29956 29943 29925 29897 29868 29851 29821
21 29789 29747 29694 29647 29597 29554 29516 29481 29492 29519 29562 29605 29631 29660 29695 29723 29742 29749 29739 29736 29717 29695 29656 29604
22 29556 29541 29526 29526 29569 29599 29639 29684 29721 29760 29796 29812 29830 29852 29876 29900 29922 29928 29942 29953 29956 29953 29946 29933
23 29915 29901 29883 29856 29842 29825 29826 29815 29827 29847 29858 29857 29856 29869 29891 29923 29957 29991 30019 30042 30059 30069 30088 30094
24 30098 30096 30079 30078 30060 30059 30057 30054 30050 30030 30018 29993 29967 29951 29939 29925 29905 29900 29898 29883 29876 29868 29853 29840
25 29826 29809 29789 29771 29759 29747 29734 29723 29709 29683 29662 29618 29573 29538 29558 29569 29579 29605 29613 29608 29617 29616 29630 29619
26 29622 29626 29624 29618 29616 29615 29611 29609 29613 29608 29585 29554 29497 29437 29361 29274 29189 29127 29070 29027 28976 28937 28898 28853
27 28869 28895 28913 28924 28927 28931 28943 28967 28988 28986 28995 28971 28973 28995 28989 29006 29022 29030 29039 29050 29058 29058 29063 29053
28 29055 29072 29069 29085 29096 29115 29142 29185 29219 29262 29293 29322 29352 29383 29409 29446 29473 29505 29537 29572 29604 29630 29663 29699
29 29713 29746 29769 29797 29825 29852 29883 29913 29948 29973 29987 30000 30014 30029 30046 30048 30063 30073 30080 30096 30117 30122 30127 30121
30 30114 30116 30100 30089 30087 30079 30080 30082 30084 30082 30074 30055 30043 30032 30021 30017 30012 30012 30016 30009 30004 29995 29995 29986
