01 29963 29942 29927 29912 29905 29895 29887 29870 29875 29870 29881 29874 29874 29885 29897 29917 29932 29942 29947 29967 29974 29980 29995 29995
02 29992 30010 30024 30029 30027 30028 30027 30029 30042 30050 30052 30055 30056 30057 30060 30063 30084 30091 30089 30090 30102 30100 30097 30094
03 30089 30089 30090 30077 30042 30030 30026 30025 30025 30030 30026 30011 30004 29984 29971 29955 29986 29975 29980 29983 29984 30003 30024 30026
04 30040 30057 30079 30089 30100 30117 30144 30154 30177 30194 30203 30219 30226 30230 30242 30253 30267 30285 30303 30325 30334 30344 30357 30366
05 30367 30374 30380 30394 30400 30400 30414 30432 30450 30460 30468 30471 30474 30479 30486 30493 30510 30519 30529 30542 30551 30556 30572 30579
06 30574 30587 30599 30607 30610 30617 30631 30643 30664 30671 30676 30681 30681 30684 30684 30691 30688 30697 30699 30704 30704 30696 30695 30695
07 30691 30689 30685 30679 30666 30663 30664 30663 30672 30669 30659 30644 30636 30625 30619 30609 30606 30609 30611 30609 30608 30594 30588 30579
08 30572 30555 30546 30538 30539 30536 30534 30523 30529 30534 30514 30504 30483 30467 30456 30446 30447 30446 30441 30440 30432 30416 30415 30405
09 30391 30384 30378 30364 30357 30338 30327 30316 30311 30308 30292 30269 30252 30238 30233 30225 30191 30182 30179 30167 30154 30121 30103 30082
10 30074 30067 30062 30048 30034 30026 30015 30014 30020 30011 30003 29983 29973 29948 29933 29928 29915 29900 29890 29872 29862 29833 29817 29797
11 29773 29748 29733 29710 29693 29678 29667 29653 29644 29633 29616 29583 29564 29537 29498 29483 29469 29445 29446 29444 29447 29434 29421 29401
12 29364 29328 29321 29320 29334 29349 29361 29408 29464 29510 29543 29562 29581 29591 29600 29608 29626 29630 29641 29660 29676 29685 29686 29687
13 29690 29687 29686 29678 29671 29666 29663 29671 29676 29671 29674 29667 29657 29654 29657 29671 29681 29693 29712 29726 29744 29760 29771 29792
14 29797 29814 29822 29829 29829 29826 29827 29830 29825 29820 29809 29787 29767 29739 29718 29698 29677 29660 29637 29637 29636 29634 29627 29622
15 29597 29599 29599 29597 29589 29581 29563 29566 29576 29587 29587 29585 29577 29578 29578 29579 29580 29588 29597 29593 29593 29585 29582 29583
16 29580 29573 29582 29574 29573 29570 29565 29576 29576 29570 29583 29586 29584 29581 29581 29586 29584 29584 29593 29596 29596 29608 29614 29621
17 29619 29621 29620 29619 29621 29619 29619 29629 29641 29653 29670 29668 29674 29677 29685 29703 29710 29715 29727 29741 29747 29754 29758 29757
18 29764 29760 29756 29747 29745 29747 29755 29770 29779 29785 29790 29786 29775 29757 29755 29736 29720 29707 29697 29675 29667 29654 29642 29626
19 29612 29617 29607 29593 29600 29594 29597 29607 29614 29637 29620 29603 29584 29570 29550 29535 29517 29515 29524 29524 29534 29535 29534 29546
20 29550 29549 29545 29557 29600 29657 29702 29749 29800 29821 29835 29846 29869 29871 29875 29914 29950 29979 30002 30032 30046 30066 30070 30097
21 30124 30155 30180 30207 30229 30247 30260 30289 30302 30326 30327 30324 30321 30305 30298 30292 30283 30275 30268 30263 30251 30240 30221 30205
22 30183 30168 30145 30133 30108 30113 30112 30118 30134 30140 30141 30129 30124 30119 30123 30124 30119 30115 30118 30121 30118 30116 30110 30103
23 30101 30099 30096 30101 30094 30096 30103 30118 30131 30143 30148 30146 30146 30138 30145 30158 30166 30163 30162 30154 30153 30139 30136 30126
24 30118 30106 30093 30070 30053 30028 30014 30012 30009 29998 29987 29974 29967 29948 29947 29944 29938 29934 29928 29921 29918 29914 29904 29898
25 29886 29876 29866 29853 29850 29832 29828 29830 29821 29818 29806 29799 29783 29774 29766 29757 29752 29738 29731 29731 29721 29716 29703 29693
26 29668 29654 29636 29627 29604 29589 29573 29567 29567 29559 29547 29534 29512 29492 29477 29464 29447 29434 29422 29410 29386 29361 29334 29312
27 29294 29273 29257 29232 29212 29193 29179 29166 29165 29146 29133 29117 29107 29082 29075 29064 29052 29043 29043 29032 29027 29018 29002 29001
28 28994 28983 28974 28967 28961 28952 28947 28949 28952 28949 28955 28947 28942 28944 28942 28940 28941 28936 28929 28942 28924 28927 28928 28915
29 28906 28904 28895 28886 28874 28865 28859 28857 28845 28846 28835 28828 28817 28806 28805 28797 28800 28810 28813 28822 28830 28834 28833 28844
30 28847 28852 28860 28864 28876 28885 28896 28915 28937 28960 28971 28989 28996 28998 29016 29026 29029 29042 29046 29052 29056 29068 29067 29072
31 29074 29077 29069 29074 29082 29088 29108 29129 29151 29176 29193 29211 29220 29238 29255 29272 29288 29308 29328 29345 29364 29384 29400 29414
