01 29225 29215 29211 29204 29202 29211 29219 29225 29219 29225 29233 29235 29243 29249 29248 29255 29254 29261 29269 29285 29306 29327 29341 29353
02 29357 29371 29383 29398 29412 29429 29451 29475 29496 29515 29545 29558 29567 29576 29591 29609 29628 29651 29669 29691 29718 29735 29754 29765
03 29772 29772 29782 29786 29802 29809 29818 29820 29828 29830 29827 29824 29818 29809 29800 29790 29786 29782 29764 29748 29737 29726 29710 29690
04 29668 29642 29625 29626 29629 29646 29660 29672 29683 29700 29703 29714 29716 29717 29730 29742 29759 29773 29795 29812 29826 29834 29836 29830
05 29834 29822 29806 29794 29776 29758 29740 29720 29687 29656 29641 29627 29637 29657 29660 29668 29668 29670 29676 29675 29675 29665 29661 29662
06 29663 29672 29687 29697 29712 29729 29755 29781 29799 29820 29833 29856 29871 29894 29913 29934 29955 29986 30016 30053 30086 30098 30128 30148
07 30161 30174 30198 30212 30240 30262 30291 30324 30335 30344 30361 30370 30384 30394 30394 30396 30400 30411 30424 30438 30458 30472 30471 30474
08 30477 30478 30476 30473 30480 30487 30494 30502 30499 30494 30484 30475 30467 30460 30447 30441 30435 30431 30428 30434 30447 30449 30446 30445
09 30446 30444 30444 30440 30438 30455 30459 30455 30461 30467 30472 30466 30460 30459 30460 30451 30453 30457 30456 30461 30478 30491 30493 30498
10 30503 30513 30515 30503 30516 30523 30526 30525 30521 30521 30521 30517 30501 30491 30483 30471 30465 30464 30464 30464 30471 30463 30462 30457
11 30455 30451 30439 30423 30439 30428 30427 30424 30416 30405 30402 30399 30389 30373 30357 30345 30331 30318 30321 30327 30322 30321 30319 30310
12 30303 30297 30285 30279 30285 30281 30283 30271 30264 30247 30240 30224 30210 30194 30174 30150 30138 30132 30131 30134 30132 30123 30114 30095
13 30078 30055 30046 30030 30013 29998 29982 29968 29942 29923 29894 29868 29847 29831 29811 29787 29771 29747 29735 29731 29731 29723 29733 29729
14 29723 29725 29707 29707 29707 29708 29711 29702 29698 29699 29690 29678 29668 29652 29646 29628 29628 29616 29616 29610 29598 29583 29558 29530
15 29506 29473 29436 29390 29344 29306 29258 29196 29136 29075 29049 29008 28969 28910 28874 28824 28794 28792 28828 28884 28936 28960 29006 29047
16 29086 29117 29140 29180 29229 29270 29319 29364 29411 29470 29523 29559 29603 29615 29643 29657 29680 29695 29707 29717 29730 29721 29703 29687
17 29666 29627 29596 29563 29508 29447 29382 29339 29299 29268 29243 29235 29227 29233 29233 29226 29207 29209 29206 29208 29211 29211 29197 29188
18 29171 29160 29146 29123 29113 29110 29109 29098 29099 29106 29095 29085 29078 29067 29069 29066 29055 29059 29070 29060 29071 29065 29059 29060
19 29045 29037 29039 29041 29047 29063 29075 29082 29089 29096 29110 29112 29115 29127 29149 29161 29168 29183 29203 29223 29241 29251 29262 29276
20 29287 29301 29313 29327 29339 29361 29372 29393 29411 29433 29470 29489 29518 29545 29574 29599 29631 29658 29686 29719 29749 29770 29783 29795
21 29815 29829 29843 29849 29863 29880 29891 29903 29919 29933 29939 29949 29955 29959 29963 29968 29972 29983 29991 30008 30029 30052 30065 30076
22 30082 30088 30087 30097 30105 30117 30129 30137 30147 30151 30157 30157 30157 30145 30143 30131 30130 30129 30131 30133 30144 30147 30147 30151
23 30155 30149 30141 30135 30135 30133 30144 30143 30135 30126 30113 30103 30095 30080 30058 30045 30036 30021 30019 30013 30013 30020 30019 30013
24 30003 29987 29973 29964 29949 29945 29937 29935 29935 29925 29914 29891 29882 29872 29867 29848 29843 29825 29829 29827 29843 29845 29839 29831
25 29815 29804 29795 29768 29764 29747 29735 29717 29699 29673 29659 29642 29619 29604 29594 29588 29584 29580 29581 29590 29594 29596 29608 29616
26 29621 29626 29632 29633 29644 29652 29646 29667 29676 29682 29688 29689 29695 29692 29689 29686 29689 29680 29689 29693 29696 29703 29707 29694
27 29694 29687 29685 29679 29675 29675 29681 29683 29684 29690 29693 29685 29673 29681 29684 29678 29677 29685 29685 29693 29703 29710 29733 29744
28 29752 29755 29760 29775 29775 29798 29801 29821 29829 29834 29847 29849 29852 29857 29859 29858 29859 29864 29871 29876 29890 29884 29894 29892
29 29898 29899 29898 29898 29902 29914 29934 29936 29955 29964 29949 29954 29963 29976 29986 29989 30004 30009 30015 30021 30051 30062 30068 30079
30 30092 30099 30102 30105 30122 30132 30143 30152 30163 30162 30157 30157 30157 30152 30149 30145 30143 30141 30145 30155 30169 30173 30176 30175
31 30179 30175 30176 30179 30180 30182 30180 30179 30181 30168 30162 30159 30151 30138 30129 30113 30103 30100 30095 30097 30105 30109 30109 30107
