01 30255 30245 30240 30237 30238 30238 30236 30225 30218 30209 30196 30180 30169 30156 30138 30124 30119 30121 30131 30137 30143 30150 30153 30149
02 30147 30144 30144 30139 30138 30136 30137 30134 30131 30123 30124 30110 30106 30104 30096 30088 30082 30082 30089 30102 30115 30121 30121 30123
03 30118 30117 30114 30114 30118 30127 30132 30131 30136 30134 30123 30116 30113 30101 30088 30076 30069 30065 30065 30070 30076 30075 30079 30080
04 30076 30066 30058 30046 30052 30050 30049 30048 30024 30003 29983 29962 29938 29912 29889 29865 29846 29831 29830 29826 29825 29817 29800 29776
05 29754 29734 29713 29689 29670 29654 29649 29640 29622 29608 29591 29575 29553 29540 29518 29496 29473 29453 29435 29432 29437 29425 29431 29429
06 29422 29405 29398 29395 29400 29408 29410 29420 29432 29451 29442 29428 29431 29464 29456 29450 29463 29462 29466 29490 29514 29515 29517 29510
07 29513 29516 29517 29520 29531 29546 29559 29567 29576 29586 29595 29602 29609 29620 29633 29637 29639 29643 29662 29690 29712 29727 29734 29736
08 29742 29748 29764 29788 29802 29817 29832 29850 29865 29878 29893 29905 29916 29932 29945 29961 29971 29993 30014 30038 30059 30081 30090 30103
09 30112 30116 30120 30141 30149 30161 30164 30170 30174 30176 30180 30180 30180 30179 30177 30175 30174 30178 30183 30197 30206 30212 30210 30210
10 30208 30204 30203 30196 30197 30196 30198 30188 30181 30177 30173 30160 30146 30134 30116 30094 30086 30058 30082 30074 30072 30060 30052 30043
11 30029 30016 30010 30001 30001 30004 30000 30000 29998 29995 29994 29991 29982 29978 29978 29979 29979 29981 29985 30002 30013 30023 30026 30024
12 30022 30020 30021 30025 30025 30030 30033 30039 30044 30043 30038 30029 30025 30018 30001 30005 30007 30007 30011 30013 30019 30016 30016 30017
13 30018 30017 30017 30022 30027 30034 30037 30040 30040 30039 30039 30035 30030 30025 30017 30009 30009 30009 30016 30022 30037 30041 30038 30041
14 30042 30033 30030 30026 30024 30029 30038 30041 30037 30024 30019 30013 30001 29989 29977 29960 29958 29954 29956 29959 29966 29974 29980 29984
15 29982 29967 29963 29962 29962 29966 29971 29971 29965 29956 29943 29940 29930 29923 29917 29910 29913 29911 29916 29926 29933 29947 29940 29943
16 29943 29941 29939 29932 29929 29937 29942 29946 29939 29934 29926 29912 29901 29900 29893 29890 29887 29893 29892 29899 29902 29892 29868 29880
17 29878 29866 29869 29871 29871 29879 29882 29882 29883 29885 29890 29887 29884 29881 29875 29875 29879 29879 29878 29884 29890 29867 29862 29857
18 29845 29838 29836 29836 29830 29840 29843 29845 29839 29840 29844 29829 29829 29824 29807 29804 29796 29797 29799 29803 29815 29821 29819 29811
19 29803 29800 29794 29793 29793 29802 29802 29810 29803 29789 29801 29786 29778 29763 29759 29745 29739 29744 29743 29748 29754 29758 29755 29750
20 29748 29749 29751 29749 29751 29759 29763 29762 29762 29764 29763 29765 29762 29757 29750 29740 29728 29724 29719 29709 29699 29678 29661 29630
21 29600 29568 29528 29522 29524 29544 29526 29534 29527 29540 29553 29561 29564 29565 29569 29561 29566 29561 29568 29578 29586 29598 29596 29605
22 29602 29609 29619 29625 29624 29624 29631 29638 29644 29663 29673 29683 29700 29704 29717 29730 29743 29761 29782 29804 29837 29863 29879 29894
23 29898 29905 29922 29950 29971 29987 30013 30031 30051 30069 30083 30095 30112 30120 30127 30135 30142 30156 30175 30187 30205 30212 30219 30221
24 30223 30219 30225 30233 30236 30236 30232 30227 30217 30210 30201 30190 30180 30167 30161 30145 30132 30135 30134 30133 30141 30138 30130 30114
25 30107 30084 30072 30063 30052 30039 30017 30003 30005 30014 30025 30017 30015 30009 30000 29991 29983 29978 29983 29999 30016 30030 30043 30059
26 30067 30075 30090 30106 30116 30128 30137 30150 30160 30166 30168 30164 30159 30155 30152 30142 30133 30126 30122 30115 30115 30111 30100 30079
27 30062 30037 30014 30008 29996 29975 29968 29963 29953 29936 29926 29915 29900 29888 29877 29871 29880 29879 29886 29898 29903 29918 29922 29931
28 29936 29948 29963 29984 29998 30019 30028 30049 30047 30054 30057 30064 30061 30064 30067 30070 30078 30085 30094 30105 30118 30132 30140 30144
29 30150 30152 30161 30166 30182 30192 30200 30211 30218 30212 30215 30215 30208 30214 30211 30213 30213 30220 30234 30252 30272 30289 30287 30295
30 30291 30292 30297 30292 30291 30289 30286 30284 30273 30267 30252 30233 30208 30205 30194 30177 30162 30150 30145 30139 30132 30119 30101 30083
