     1  94.09  93.92  94.24  94.07  94.20  94.40  94.36  94.12  94.05  93.77  93.27  92.88  92.81  92.91  93.16  93.17  94.00  93.76  93.51  93.51  93.81  93.87  93.97  94.11
     2  93.98  93.84  94.14  94.05  94.10  94.19  94.16  93.97  93.81  93.65  93.19  92.75  92.68  92.69  92.93  93.05  93.79  93.49  93.25  93.34  93.60  93.63  93.66  93.92
     3  93.82  93.78  94.07  93.88  94.22  94.14  94.06  93.88  93.78  93.70  93.16  92.67  92.63  92.63  92.86  93.00  93.77  93.53  93.30  93.63  93.70  93.65  93.67  93.88
     4  93.88  93.82  94.13  93.97  94.33  94.19  93.96  93.90  93.78  93.72  93.24  92.73  92.56  92.61  92.83  92.83  93.55  93.42  93.16  93.47  93.61  93.58  93.57  93.74
     5  93.75  93.66  94.01  93.91  94.22  94.03  93.79  93.76  93.69  93.61  93.05  92.52  92.25  92.26  92.46  92.46  93.30  93.17  92.99  93.34  93.38  93.38  93.41  93.63
     6  93.63  93.51  94.01  93.85  94.04  93.90  93.64  93.56  93.44  93.38  92.96  92.45  92.17  92.25  92.45  92.41  93.28  93.14  92.95  93.29  93.36  93.38  93.40  93.62
     7  93.62  93.51  94.05  93.87  94.15  93.94  93.82  93.77  93.57  93.53  93.14  92.67  92.40  92.37  92.49  92.47  93.38  93.21  93.08  93.36  93.38  93.36  93.36  93.61
     8  93.55  93.68  94.06  94.02  94.06  93.90  93.73  93.65  93.51  93.46  93.08  92.52  92.19  92.14  92.23  92.33  93.22  93.10  93.03  93.32  93.34  93.40  93.37  93.64
     9  93.55  93.44  93.87  93.90  93.96  93.85  93.70  93.64  93.48  93.51  93.15  92.63  92.25  92.11  92.14  92.25  93.18  92.97  92.95  93.19  93.29  93.24  93.28  93.48
    10  93.44  93.39  93.82  93.95  94.08  93.98  93.80  93.86  93.68  93.64  93.23  92.77  92.48  92.26  92.21  92.43  93.39  93.14  93.14  93.37  93.44  93.40  93.44  93.59
    11  93.51  93.43  93.89  93.90  94.14  94.07  93.95  94.04  93.78  93.60  93.15  92.64  92.31  92.12  92.04  92.36  93.33  93.09  93.13  93.42  93.43  93.43  93.29  93.48
    12  93.32  93.16  93.67  93.69  93.94  93.89  93.79  93.87  93.65  93.49  92.95  92.31  91.98  91.81  91.64  91.94  93.01  92.77  92.84  93.16  93.20  93.10  92.99  93.15
    13  93.15  92.95  93.49  93.44  93.65  93.59  93.48  93.55  93.35  93.15  92.70  92.06  91.73  91.54  91.41  91.92  92.73  92.70  92.72  92.92  93.00  92.95  92.81  93.05
    14  93.07  92.92  93.43  93.40  93.65  93.58  93.52  93.64  93.44  93.32  92.87  92.11  91.74  91.58  91.37  91.79  92.58  92.66  92.67  92.85  92.90  92.93  92.83  93.02
    15  93.10  92.97  93.47  93.48  93.68  93.70  93.58  93.71  93.56  93.45  92.97  92.16  91.90  91.66  91.34  91.77  92.53  92.71  92.73  92.89  93.01  93.04  92.99  93.11
    16  93.20  93.13  93.56  93.54  93.73  93.79  93.73  93.82  93.73  93.70  93.22  92.38  92.02  91.70  91.38  91.85  92.46  92.74  92.76  92.93  93.04  92.92  93.16  93.25
    17  93.46  93.31  93.76  93.63  93.75  93.90  93.82  93.96  93.88  93.73  93.16  92.36  91.99  91.71  91.39  91.89  92.50  92.77  92.84  92.97  93.09  93.05  93.34  93.30
    18  93.47  93.19  93.70  93.67  93.70  93.85  93.84  93.82  93.71  93.52  93.05  92.27  91.82  91.50  91.01  91.56  92.20  92.48  92.59  92.70  92.87  92.87  93.20  93.29
    19  93.40  93.10  93.57  93.50  93.51  93.67  93.86  93.74  93.60  93.39  92.84  92.17  91.68  91.35  90.92  91.51  92.17  92.42  92.57  92.71  92.91  92.91  93.24  93.31
    20  93.46  93.21  93.59  93.51  93.53  93.75  94.01  93.89  93.72  93.45  92.86  92.16  91.73  91.43  90.89  91.56  92.20  92.48  92.64  92.75  93.02  93.03  93.33  93.30
    21  93.51  93.28  93.59  93.58  93.68  93.91  94.14  94.00  93.88  93.59  92.91  92.16  91.74  91.36  90.84  91.55  92.17  92.51  92.65  92.80  93.07  93.06  93.33  93.29
    22  93.54  93.24  93.52  93.54  93.63  93.83  93.96  93.80  93.70  93.42  92.74  91.96  91.49  91.20  90.75  91.55  92.18  92.53  92.65  92.78  92.92  92.93  93.26  93.12
    23  93.42  92.99  93.32  93.38  93.55  93.70  93.81  93.75  93.68  93.48  92.73  92.01  91.47  91.12  90.71  91.54  92.19  92.58  92.63  92.84  92.96  92.92  93.27  93.09
    24  93.37  93.12  93.37  93.40  93.61  93.70  93.62  93.53  93.64  93.39  92.66  91.88  91.47  91.06  90.70  91.51  92.13  92.57  92.60  92.81  92.90  92.97  93.37  93.19
    25  93.53  93.20  93.41  93.24  93.56  93.64  93.61  93.53  93.69  93.45  92.62  91.81  91.33  90.92  90.61  91.48  92.07  92.53  92.58  92.79  92.90  92.95  93.41  93.30
    26  93.61  93.33  93.54  93.47  93.72  93.76  93.73  93.63  93.81  93.58  92.86  92.02  91.58  91.23  90.86  91.61  92.23  92.66  92.76  92.94  93.01  93.05  93.58  93.42
    27  93.76  93.66  93.83  93.71  93.87  93.88  93.87  93.77  93.94  93.63  92.95  92.25  91.81  91.47  91.18  91.88  92.50  92.86  92.92  92.78  93.18  93.27  93.90  93.72
    28  93.94  93.86  94.00  93.95  94.10  94.13  94.09  94.06  94.13  93.81  93.05  92.29  91.79  91.46  91.18  91.83  92.59  92.95  93.09  92.92  93.32  93.33  93.97  93.66
    29  93.88  93.85  93.93  93.91  94.04  94.16  94.05  94.03  94.10  93.69  92.94  92.18  91.62  91.27  91.08  91.77  92.55  92.96  92.88  92.95  93.42  93.37  93.99  93.66
    30  93.88  93.94  94.01  94.00  94.19  94.28  94.21  94.14  94.14  93.80  93.03  92.25  91.54  91.13  90.87  91.59  92.55  92.96  92.79  92.95  93.41  93.37  93.94  93.63
    31  93.86  93.71  94.00  93.96  94.22  94.22  94.11  94.04  94.02  93.64  92.88  91.99  91.15  90.78  90.60  91.38  92.47  92.88  92.76  92.92  93.36  93.53  93.87  93.64
    32  93.82  93.68  94.01  94.02  94.33  94.32  94.16  94.08  94.11  93.76  93.02  92.08  91.12  90.70  90.33  91.17  92.36  92.81  92.70  92.88  93.31  93.43  93.78  93.62
    33  93.80  93.81  94.01  94.03  94.33  94.34  94.18  94.24  94.18  93.91  93.21  92.28  91.34  90.95  90.71  91.41  92.68  93.06  92.83  93.06  93.46  93.63  93.99  93.70
    34  93.91  94.02  94.16  94.20  94.53  94.57  94.36  94.38  94.32  93.95  93.27  92.32  91.36  90.95  90.71  91.40  92.64  92.99  92.81  93.03  93.41  93.58  93.93  93.63
    35  93.84  93.91  94.07  94.08  94.41  94.39  94.03  94.09  94.07  93.70  92.97  91.95  90.88  90.53  90.36  91.02  92.34  92.78  92.62  92.88  93.25  93.46  93.78  93.55
    36  93.75  93.98  94.04  93.98  94.31  94.28  93.97  94.06  93.93  93.55  92.80  91.70  90.53  90.17  90.02  90.77  92.03  92.56  92.41  92.68  93.11  93.40  93.80  93.55
    37  93.69  94.01  94.11  94.02  94.39  94.33  94.06  94.14  94.02  93.59  92.82  91.71  90.51  90.01  89.92  90.68  91.91  92.45  92.40  92.67  93.24  93.56  93.90  93.72
    38  93.85  94.29  94.29  94.30  94.56  94.47  94.22  94.25  94.06  93.49  92.74  91.59  90.52  90.03  89.98  90.60  91.83  92.45  92.46  92.61  93.26  93.58  93.89  93.66
    39  93.89  94.27  94.35  94.34  94.59  94.50  94.43  94.43  94.07  93.48  92.70  91.54  90.44  89.97  89.84  90.48  91.80  92.40  92.37  92.59  93.31  93.55  93.86  93.67
    40  93.87  94.25  94.33  94.53  94.65  94.58  94.44  94.43  94.09  93.47  92.60  91.49  90.35  89.86  89.71  90.22  91.61  92.24  92.30  92.49  93.26  93.50  93.80  93.58
    41  93.82  94.22  94.32  94.47  94.56  94.47  94.26  94.27  93.95  93.33  92.34  91.33  90.19  89.68  89.56  90.14  91.53  92.25  92.27  92.54  93.30  93.54  93.85  93.67
    42  93.91  94.20  94.28  94.48  94.60  94.53  94.30  94.33  93.99  93.29  92.25  91.19  90.10  89.37  89.24  89.88  91.25  92.16  92.18  92.87  93.32  93.53  93.74  93.63
    43  93.77  93.79  94.17  94.40  94.60  94.60  94.29  94.28  93.98  93.25  92.14  91.13  90.05  89.31  89.11  89.76  91.13  92.10  92.13  92.86  93.27  93.53  93.70  93.60
    44  93.76  93.46  94.20  94.38  94.62  94.53  94.31  94.29  94.05  93.33  92.26  91.19  90.14  89.39  89.23  89.84  91.11  92.05  92.36  92.93  93.36  93.59  93.76  93.64
    45  93.81  93.48  94.24  94.37  94.57  94.49  94.27  94.30  94.08  93.27  92.18  91.12  90.10  89.31  89.25  89.84  91.03  91.93  92.37  92.83  93.28  93.53  93.71  93.69
    46  93.82  93.61  94.17  94.33  94.45  94.52  94.24  94.29  94.10  93.27  92.16  91.11  90.10  89.25  89.23  89.80  90.82  91.73  92.25  92.76  93.17  93.39  93.59  93.54
    47  93.63  93.45  93.98  94.14  94.26  94.33  94.23  94.18  94.00  93.09  91.94  90.85  90.03  89.03  89.33  89.75  90.72  91.60  92.24  92.75  93.13  93.42  93.70  93.56
    48  93.61  93.38  93.97  94.17  94.24  94.29  94.18  94.08  94.04  93.10  91.69  90.44  89.51  88.58  88.92  89.42  90.30  91.12  92.15  92.62  93.06  93.25  93.60  93.54
    49  93.60  93.33  93.63  94.18  94.22  94.26  94.14  94.05  94.08  93.18  91.76  90.47  89.52  88.51  88.71  89.31  90.35  91.21  92.25  92.76  93.17  93.36  93.74  93.67
    50  93.64  93.49  93.81  94.30  94.29  94.31  94.28  94.19  94.14  93.27  91.90  90.61  89.71  88.85  89.01  89.69  90.63  91.40  92.46  92.99  93.37  93.53  93.86  93.78
    51  93.71  93.42  93.81  94.36  94.36  94.35  94.29  94.24  94.25  93.32  91.95  90.92  90.08  89.29  89.51  90.01  90.97  91.55  92.56  93.05  93.44  93.55  93.85  93.76
    52  93.72  93.45  93.74  94.33  94.30  94.34  94.23  94.14  94.08  93.16  91.87  90.72  89.87  89.07  89.12  89.63  90.61  91.30  92.40  92.94  93.31  93.38  93.79  93.73
    53  93.66  93.40  93.67  94.17  94.23  94.30  94.23  94.12  94.06  93.10  91.86  90.77  89.84  88.99  89.19  89.73  90.72  91.35  92.43  93.04  93.37  93.41  93.74  93.40
    54  93.59  93.38  93.57  94.13  94.11  94.20  94.12  94.08  94.06  93.03  91.74  90.68  89.64  88.68  89.04  89.56  90.51  91.24  92.41  93.02  93.32  93.36  93.64  93.30
    55  93.52  93.35  93.60  94.13  94.10  94.19  94.14  94.08  94.02  92.96  91.69  90.51  89.61  88.65  88.95  89.53  90.47  91.23  92.32  93.03  93.30  93.35  93.54  93.27
    56  93.50  93.32  93.57  94.15  94.09  94.23  94.21  94.10  94.06  92.95  91.64  90.29  89.45  88.45  88.81  89.27  90.20  91.00  92.15  92.89  93.14  93.19  93.42  93.11
    57  93.33  93.15  93.44  94.03  93.97  94.09  94.02  93.92  93.86  92.85  91.38  90.20  89.19  88.35  88.72  89.05  90.03  90.77  92.08  92.76  92.99  93.10  93.32  92.97
    58  93.28  93.38  93.36  93.99  93.90  93.91  93.80  93.81  93.72  92.77  91.35  90.14  89.21  88.41  88.75  89.03  89.95  90.67  91.98  92.62  93.02  93.07  93.33  93.06
    59  93.36  93.70  93.35  93.90  93.93  93.96  93.73  93.70  93.51  92.56  91.06  89.91  89.07  88.25  88.64  88.79  89.86  90.71  91.99  92.62  92.90  93.03  93.24  92.98
    60  93.28  93.61  93.23  93.75  93.76  93.78  93.67  93.67  93.37  92.45  90.75  89.43  88.69  87.93  88.36  88.47  89.54  90.51  91.72  92.55  92.85  92.95  93.12  92.86
    61  93.23  93.59  93.25  93.78  93.79  93.74  93.70  93.71  93.38  92.50  90.74  89.44  88.65  88.12  88.53  88.56  89.78  90.78  91.90  92.70  93.06  93.11  93.29  93.04
    62  93.40  93.81  93.41  93.93  93.90  93.88  93.80  93.90  93.49  92.61  90.81  89.43  88.56  88.14  88.55  88.61  89.91  90.91  91.94  92.77  93.15  93.16  93.28  93.08
    63  93.49  93.85  93.44  93.94  93.94  93.91  93.80  93.91  93.39  92.41  90.79  89.40  88.66  88.19  88.62  88.67  90.09  91.20  91.93  92.69  93.07  93.09  93.20  92.96
    64  93.42  93.74  93.62  93.83  93.87  93.88  93.72  93.87  93.19  92.09  90.39  88.93  88.16  87.73  88.34  88.38  89.72  90.92  91.67  92.34  92.90  92.89  92.93  92.73
    65  93.17  93.51  93.37  93.70  93.82  93.93  93.76  93.93  93.25  92.03  90.36  88.94  88.18  87.56  88.15  88.05  89.42  90.69  91.51  92.19  92.83  92.79  92.89  92.74
    66  93.20  93.50  93.37  93.70  93.83  93.91  93.75  93.81  93.09  91.98  90.23  88.53  87.93  87.15  87.54  87.52  88.97  90.48  91.48  92.20  92.83  92.80  92.88  92.75
    67  93.20  93.45  93.44  93.72  93.79  93.89  93.71  93.84  93.08  91.86  89.86  88.34  87.74  87.12  87.56  87.42  88.97  90.45  91.41  92.21  92.85  92.86  92.89  92.77
    68  93.27  93.51  93.57  93.83  93.86  93.98  93.70  93.83  93.03  91.83  89.85  88.22  87.62  87.04  87.22  87.16  88.67  90.18  91.22  92.07  92.80  92.86  93.02  93.26
    69  93.40  93.62  93.65  93.87  93.98  94.09  93.72  93.77  92.85  91.69  89.53  87.93  87.39  86.91  87.09  86.97  88.58  90.15  91.15  91.96  92.70  92.85  93.04  93.33
    70  93.41  93.61  93.58  93.81  93.89  94.01  93.61  93.68  92.68  91.50  89.32  87.68  87.04  86.72  86.95  86.82  88.27  89.95  91.07  91.87  92.63  92.81  93.12  93.34
    71  93.40  93.58  93.55  93.75  93.87  93.99  93.53  93.66  92.63  91.32  89.17  87.58  86.85  86.50  86.73  86.84  88.09  89.73  90.88  91.75  92.44  92.63  92.90  93.18
    72  93.28  93.51  93.52  93.62  93.78  93.98  93.53  93.39  92.50  91.06  88.98  87.17  86.47  86.14  86.33  86.55  87.69  89.46  90.58  91.59  92.34  92.58  92.96  93.33
    73  93.39  93.55  93.66  93.63  93.86  94.02  93.71  93.53  92.58  91.10  89.05  87.20  86.21  85.81  86.09  86.30  87.42  89.36  90.61  91.59  92.25  92.45  92.89  93.30
    74  93.26  93.40  93.49  93.52  93.59  93.77  93.56  93.39  92.38  90.74  88.88  86.90  85.73  85.42  85.54  86.05  87.03  88.91  90.31  91.33  92.08  92.14  92.64  93.11
    75  93.00  93.13  93.30  93.38  93.50  93.82  93.49  93.20  92.30  90.62  88.92  87.05  85.79  85.39  85.53  86.12  87.08  88.89  90.45  91.37  92.13  92.20  92.69  93.01
    76  92.92  92.92  93.13  93.22  93.35  93.69  93.35  93.04  92.00  90.27  88.58  86.54  85.22  84.69  85.02  85.58  86.57  88.40  90.06  90.98  91.86  91.94  92.42  92.62
    77  92.60  92.57  92.89  92.96  93.08  93.40  93.09  92.67  91.64  89.94  88.33  86.29  85.07  84.54  84.90  85.32  86.18  88.08  89.86  90.79  91.73  91.83  92.38  92.60
    78  92.58  92.54  92.89  92.96  93.00  93.25  92.94  92.46  91.37  89.68  87.97  85.99  84.67  84.14  84.64  85.02  85.78  87.77  89.75  90.70  91.67  91.87  92.35  92.64
    79  92.59  92.63  92.99  92.78  93.03  93.17  92.95  92.39  91.31  89.53  87.94  86.02  84.57  84.09  84.52  84.93  85.60  87.56  89.52  90.67  91.49  91.78  92.25  92.62
    80  92.73  92.65  93.01  92.80  93.00  93.12  92.88  92.18  91.07  89.26  87.67  85.73  84.25  83.70  84.14  84.62  85.38  87.32  89.41  90.52  91.31  91.61  92.16  92.53
    81  92.58  92.57  92.93  92.67  92.90  93.11  92.88  92.20  91.00  88.97  87.34  85.38  83.89  83.31  83.92  84.35  85.08  87.06  89.05  90.27  91.15  91.45  91.97  92.38
    82  92.49  92.59  92.93  92.63  92.91  93.11  92.93  92.19  90.84  88.88  87.33  85.22  83.79  83.22  83.87  84.30  84.85  86.89  88.86  90.15  91.11  91.43  91.93  92.35
    83  92.47  92.58  92.86  92.57  92.84  92.98  92.89  92.05  90.63  88.58  86.97  84.80  83.32  82.90  83.56  83.71  84.47  86.44  88.47  89.77  90.74  91.03  91.60  92.13
    84  92.33  92.48  92.75  92.46  92.74  92.88  92.88  92.01  90.61  88.40  86.87  84.63  83.05  82.68  83.42  83.67  84.31  86.19  88.27  89.70  90.63  90.87  91.42  91.93
    85  92.18  92.35  92.71  92.31  92.65  92.77  92.84  91.87  90.47  88.27  86.73  84.55  83.03  82.62  83.40  83.68  84.50  86.13  88.07  89.56  90.48  90.68  91.20  91.75
    86  92.01  92.20  92.59  92.23  92.45  92.59  92.65  91.56  90.13  87.91  86.38  84.16  82.63  82.15  83.06  83.29  84.39  86.10  88.09  89.64  90.53  90.85  91.35  91.91
    87  92.11  92.30  92.67  92.35  92.52  92.60  92.65  91.78  89.99  87.86  86.18  84.12  82.61  82.13  83.13  83.44  84.71  86.18  88.27  89.75  90.59  90.87  91.28  91.78
    88  92.09  92.32  92.64  92.38  92.50  92.61  92.64  91.68  89.89  87.64  85.82  83.74  82.45  82.13  83.16  83.41  84.76  86.02  88.16  89.71  90.63  90.99  91.40  91.84
    89  92.24  92.49  92.90  92.65  92.82  92.91  92.91  91.87  90.04  87.79  85.77  83.81  82.72  82.33  83.39  83.43  84.76  85.98  88.07  89.70  90.65  91.19  91.57  92.02
    90  92.48  92.78  93.20  92.97  93.15  93.12  93.11  92.00  90.00  87.63  85.65  83.76  82.57  82.30  83.23  83.23  84.46  85.76  87.91  89.59  90.50  91.07  91.50  92.07
    91  92.53  92.99  93.36  93.14  93.35  93.24  93.17  91.96  89.95  87.46  85.44  83.68  82.66  82.31  83.02  82.94  84.37  85.54  87.64  89.37  90.30  91.05  91.48  92.19
    92  92.70  93.19  93.48  93.32  93.59  93.53  93.35  92.16  90.00  87.43  85.32  83.58  82.36  82.18  82.75  82.76  84.24  85.44  87.59  89.37  90.36  91.14  91.55  92.19
    93  92.75  93.25  93.55  93.38  93.71  93.71  93.51  92.34  90.18  87.55  85.50  83.75  82.54  82.34  82.54  82.71  84.19  85.33  87.36  89.30  90.36  91.17  91.67  92.23
    94  92.81  93.21  93.59  93.65  93.81  93.89  93.61  92.40  90.30  87.74  85.42  83.56  82.45  82.28  82.44  82.61  84.31  85.42  87.49  89.44  90.57  91.38  91.91  92.42
    95  92.88  93.30  93.69  93.73  93.92  93.98  93.75  92.55  90.48  87.92  85.53  83.65  82.45  82.35  82.49  82.77  84.35  85.39  87.27  89.44  90.59  91.42  91.90  92.39
    96  92.89  93.30  93.61  93.75  93.95  94.00  93.73  92.46  90.46  88.10  85.71  84.00  82.77  82.64  82.83  82.97  84.65  85.53  87.40  89.50  90.62  91.51  91.93  92.50
    97  92.99  93.33  93.62  93.83  94.07  94.06  93.80  92.47  90.66  88.21  86.00  84.34  82.99  82.81  83.00  82.95  84.76  85.59  87.44  89.42  90.57  91.50  91.92  92.46
    98  92.91  93.23  93.58  93.82  94.03  94.07  93.73  92.45  90.65  88.27  85.96  84.34  82.97  82.75  83.01  83.14  84.64  85.54  87.40  89.47  90.61  91.61  92.00  92.33
    99  92.75  93.11  93.51  93.74  93.92  93.93  93.54  92.22  90.38  88.08  85.82  84.16  82.86  82.71  82.81  83.03  84.55  85.40  87.28  89.20  90.46  91.55  91.97  92.36
   100  92.74  93.11  93.50  93.75  93.86  93.88  93.38  92.15  90.26  87.88  85.64  83.98  82.79  82.43  82.47  82.64  84.00  85.00  86.99  88.77  90.22  91.36  91.79  92.20
   101  92.64  93.07  93.43  93.66  93.91  93.91  93.42  92.17  90.18  87.85  85.58  83.90  82.80  82.53  82.37  82.59  83.97  84.89  86.64  88.48  90.18  91.17  91.63  92.06
   102  92.58  93.01  93.36  93.60  93.83  93.53  93.27  91.96  90.11  87.61  85.51  83.73  82.74  82.43  82.29  82.36  83.62  84.75  86.39  88.27  89.92  91.03  91.53  91.94
   103  92.50  92.94  93.26  93.51  93.75  93.50  93.17  91.84  89.87  87.46  85.32  83.68  82.82  82.38  82.28  82.52  83.72  84.84  86.41  88.34  89.88  91.00  91.48  91.94
   104  92.53  92.96  93.20  93.45  93.70  93.42  93.08  91.80  89.81  87.58  85.43  83.69  82.95  82.50  82.31  82.71  83.94  85.08  86.60  88.45  90.00  91.04  91.54  91.99
   105  92.58  92.96  93.21  93.40  93.65  93.30  92.89  91.67  89.66  87.46  85.28  83.62  82.96  82.42  82.30  82.59  83.88  85.08  86.52  88.29  89.96  91.06  91.58  92.07
   106  92.61  92.98  93.17  93.33  93.62  93.30  92.90  91.71  89.67  87.48  85.42  83.81  83.23  82.64  82.59  82.94  83.88  85.13  86.61  88.49  90.16  91.18  91.70  92.14
   107  92.66  92.97  93.22  93.31  93.63  93.25  92.83  91.59  89.59  87.45  85.50  83.89  83.42  82.62  82.63  83.05  84.08  85.27  86.69  88.59  90.17  91.23  91.72  92.21
   108  92.74  93.05  93.25  93.32  93.66  93.26  92.86  91.57  89.47  87.27  85.38  83.79  83.31  82.73  82.77  82.96  84.00  85.24  86.66  88.71  90.18  91.17  91.68  92.22
   109  92.66  93.07  93.16  93.23  93.53  93.09  92.64  91.31  89.22  87.03  85.40  83.96  83.59  82.80  82.94  83.16  83.95  85.19  86.59  88.62  90.13  91.14  91.62  92.06
   110  92.67  93.07  93.13  93.19  93.49  93.03  92.55  91.13  88.95  86.71  85.13  83.75  83.43  82.71  82.96  83.10  83.92  85.23  86.71  88.62  90.19  91.21  91.69  92.14
   111  92.76  93.15  93.25  93.29  93.56  93.09  92.59  91.18  88.96  86.63  85.05  83.55  83.27  82.72  82.94  83.20  83.82  85.08  86.60  88.54  90.10  91.11  91.65  92.04
   112  92.64  93.04  93.17  93.21  93.43  93.02  92.43  91.02  88.58  86.32  84.69  83.24  83.05  82.43  82.75  83.23  83.58  84.97  86.55  88.59  90.15  91.15  91.70  92.15
   113  92.73  93.13  93.24  93.32  93.51  93.12  92.33  91.05  88.48  86.15  84.63  83.21  83.16  82.46  82.75  83.26  83.78  85.01  86.57  88.48  90.05  91.10  91.62  92.18
   114  92.81  93.21  93.24  93.30  93.52  93.19  92.37  91.05  88.40  86.09  84.58  83.27  83.25  82.46  82.68  83.07  83.54  84.78  86.42  88.55  90.08  91.16  91.75  92.30
   115  93.06  93.41  93.43  93.52  93.74  93.36  92.61  91.08  88.34  86.05  84.60  83.28  83.07  82.33  82.54  82.89  83.47  84.61  86.24  88.65  90.11  91.24  91.98  92.50
   116  93.26  93.45  93.61  93.77  93.96  93.55  92.75  91.19  88.19  85.88  84.34  83.11  82.76  82.16  82.30  82.53  83.12  84.26  86.04  88.41  89.84  91.11  91.93  92.46
   117  93.16  93.44  93.61  93.81  94.07  93.90  92.69  91.05  87.82  85.53  84.19  82.92  82.43  81.93  81.93  82.19  82.74  83.88  85.86  88.15  89.87  91.10  91.93  92.52
   118  93.12  93.44  93.62  93.86  94.14  93.90  92.63  90.88  87.67  85.30  84.16  82.87  82.26  81.79  81.56  81.62  82.35  83.56  85.51  87.76  89.82  91.10  91.95  92.49
   119  93.03  93.38  93.55  93.82  94.02  93.75  92.49  90.56  87.25  84.85  83.63  82.71  81.70  81.43  81.40  81.43  82.16  83.35  85.31  87.60  89.69  91.03  91.88  92.47
   120  93.08  93.39  93.58  93.79  94.01  93.79  92.40  90.36  86.94  84.43  83.41  82.30  81.39  81.11  81.09  81.27  82.10  83.17  85.08  87.48  89.62  91.01  91.94  92.47
   121  93.09  93.44  93.74  93.92  94.16  93.89  92.39  90.32  86.84  84.35  83.25  82.14  81.18  81.02  80.98  81.29  82.17  83.22  85.13  87.51  89.61  90.92  91.81  92.34
   122  92.96  93.31  93.61  93.83  94.01  93.75  92.17  90.14  86.69  84.20  83.15  82.09  81.17  81.03  80.87  81.16  81.98  82.90  84.75  87.14  89.37  90.74  91.70  92.28
   123  92.88  93.25  93.58  93.82  93.98  93.75  92.05  89.98  86.53  84.06  82.92  81.92  80.98  80.62  80.55  81.00  81.82  82.79  84.70  87.07  89.35  90.76  91.65  92.22
   124  92.94  93.24  93.65  93.88  94.06  93.86  92.19  90.15  86.63  84.27  82.99  81.91  80.92  80.78  80.45  80.76  81.59  82.52  84.45  86.88  89.19  90.60  91.62  92.29
   125  92.95  93.30  93.78  94.00  94.20  94.00  92.31  90.26  86.69  84.38  83.03  81.93  81.03  80.73  80.39  80.62  81.32  82.47  84.32  86.86  89.11  90.56  91.63  92.35
   126  93.00  93.37  93.89  94.07  94.24  94.01  92.24  90.16  86.50  84.14  82.89  81.79  80.84  80.52  80.11  80.28  81.16  82.33  84.25  86.81  89.03  90.53  91.68  92.39
   127  93.04  93.45  93.95  94.15  94.34  94.08  92.31  90.14  86.54  84.09  82.79  81.65  80.74  80.39  79.84  80.00  81.07  82.09  84.08  86.64  88.76  90.34  91.51  92.20
   128  92.88  93.19  93.80  94.02  94.27  93.96  92.38  90.01  86.56  84.04  82.74  81.52  80.70  80.21  79.87  79.97  81.05  82.21  84.11  86.76  88.94  90.48  91.67  92.37
   129  92.96  93.28  93.88  94.11  94.34  93.92  92.27  89.89  86.55  84.00  82.84  81.48  80.75  80.28  80.03  80.12  81.18  82.42  84.16  86.91  89.09  90.57  91.78  92.38
   130  92.87  93.21  93.80  94.06  94.34  93.86  92.20  89.89  86.70  84.15  83.05  81.76  80.78  80.61  80.41  80.60  81.52  82.75  84.51  87.13  89.34  90.83  91.93  92.52
   131  93.02  93.43  93.86  94.07  94.30  93.84  92.18  89.88  86.88  84.40  83.36  82.07  81.15  81.12  80.82  81.07  81.84  83.03  84.82  87.45  89.56  91.02  92.10  92.67
   132  93.23  93.53  93.94  94.17  94.38  93.92  92.37  90.13  87.17  84.72  83.73  82.44  81.49  81.33  81.13  81.49  82.28  83.39  85.00  87.72  89.65  91.06  92.17  92.68
   133  93.24  93.51  93.94  94.21  94.38  93.96  92.56  90.35  87.42  85.05  84.20  82.82  81.87  81.61  81.51  81.91  82.50  83.47  85.02  87.83  89.53  90.90  92.04  92.55
   134  93.24  93.52  94.04  94.28  94.47  94.06  92.62  90.51  87.78  85.28  84.52  82.85  82.16  81.62  81.43  81.72  82.35  83.19  84.83  87.65  89.46  90.82  92.09  92.58
   135  93.25  93.55  94.01  94.30  94.44  94.03  92.71  90.72  88.20  85.88  84.88  83.44  82.61  82.11  81.88  82.19  82.74  83.48  85.09  87.82  89.54  90.79  92.01  92.55
   136  93.31  93.58  93.95  94.32  94.42  93.99  92.68  90.75  88.36  86.06  85.05  83.62  82.79  82.29  82.07  82.32  82.84  83.61  85.21  87.87  89.69  91.02  92.26  92.76
   137  93.53  93.83  94.18  94.53  94.66  94.21  93.01  91.11  88.74  86.47  85.41  83.99  83.13  82.77  82.31  82.70  83.33  84.16  85.68  88.23  89.99  91.19  92.39  92.85
   138  93.64  93.95  94.32  94.64  94.71  94.25  93.09  91.24  89.05  86.75  85.90  84.49  83.67  83.32  82.84  83.30  83.92  84.62  86.04  88.47  90.17  91.36  92.57  93.04
   139  93.77  94.11  94.46  94.75  94.77  94.30  93.08  91.20  89.02  86.64  86.00  84.53  83.92  83.38  83.02  83.49  84.03  84.69  86.15  88.54  90.29  91.46  92.57  93.12
   140  93.84  94.18  94.48  94.73  94.78  94.34  93.04  91.14  89.11  86.77  86.26  84.93  84.28  83.91  83.45  83.78  84.43  84.99  86.50  88.67  90.46  91.59  92.58  93.13
   141  93.87  94.18  94.47  94.74  94.79  94.35  93.13  91.27  89.29  87.07  86.50  85.31  84.58  84.12  83.74  84.06  84.68  85.22  86.55  88.73  90.58  91.65  92.69  93.21
   142  93.87  94.18  94.49  94.71  94.72  94.06  93.03  91.26  89.38  87.36  86.79  85.81  84.97  84.57  84.09  84.37  85.02  85.51  86.76  88.87  90.84  91.80  92.82  93.39
   143  94.01  94.44  94.66  94.84  94.86  94.18  93.14  91.42  89.45  87.58  87.06  86.21  85.21  84.90  84.28  84.58  85.10  85.59  86.86  88.98  90.92  91.88  92.90  93.39
   144  94.10  94.53  94.77  94.92  94.99  94.40  93.37  91.69  89.74  87.85  87.19  86.47  85.39  85.03  84.48  84.84  85.37  85.81  87.21  89.05  91.03  91.97  92.97  93.53
   145  94.25  94.66  94.92  95.06  95.10  94.58  93.47  91.79  89.81  87.90  87.19  86.41  85.47  84.99  84.39  84.77  85.40  85.82  87.21  88.99  90.96  91.95  92.84  93.43
   146  94.15  94.56  94.83  94.78  95.03  94.46  93.38  91.68  89.80  87.84  87.17  86.41  85.47  84.80  84.30  84.69  85.35  85.87  87.21  88.86  90.95  92.00  92.82  93.46
   147  94.19  94.57  94.84  94.71  94.92  94.36  93.35  91.63  89.91  88.06  87.13  86.48  85.74  85.04  84.57  84.88  85.46  85.86  87.30  88.91  91.00  92.00  92.83  93.45
   148  94.23  94.60  94.88  94.64  94.85  94.31  93.24  91.56  89.97  88.09  86.89  86.47  85.76  85.22  84.79  85.23  85.88  86.27  87.76  89.24  91.28  92.27  93.08  93.71
   149  94.33  94.67  94.90  94.71  94.94  94.36  93.26  91.54  89.87  87.98  86.82  86.52  85.85  85.27  84.87  85.42  85.95  86.49  87.91  89.41  91.41  92.49  93.15  93.75
   150  94.36  94.70  94.98  94.81  95.03  94.47  93.31  91.57  89.82  87.97  86.96  86.61  86.13  85.37  85.00  85.42  85.92  86.49  87.67  89.47  91.59  92.70  93.27  93.88
   151  94.37  94.74  94.93  94.82  94.98  94.50  93.39  91.56  89.78  88.07  86.99  86.88  86.43  85.66  85.16  85.62  86.12  86.65  87.89  89.59  91.66  92.71  93.34  94.03
   152  94.45  94.79  94.97  94.87  95.03  94.55  93.35  91.41  89.62  87.99  87.04  86.95  86.49  85.70  85.52  85.81  86.09  86.70  87.97  89.72  91.72  92.80  93.40  94.07
   153  94.45  94.76  94.90  94.80  95.02  94.46  93.40  91.53  89.69  88.22  87.17  87.09  86.72  85.99  85.85  86.07  86.30  86.95  88.17  89.88  91.82  92.87  93.47  94.13
   154  94.48  94.81  94.93  94.84  95.14  94.54  93.47  91.59  89.74  88.28  87.10  87.20  86.58  86.05  85.95  86.13  86.52  87.27  88.27  89.93  91.84  92.85  93.50  93.91
   155  94.45  94.79  94.96  94.89  95.14  94.58  93.52  91.72  89.76  88.33  87.10  87.02  86.42  85.90  85.79  86.22  86.52  87.11  88.10  89.73  91.78  92.77  93.46  93.81
   156  94.38  94.75  94.93  94.85  95.10  94.51  93.41  91.53  89.67  88.12  86.95  86.87  86.44  85.91  85.87  86.33  86.61  87.25  88.32  89.90  91.90  92.90  93.51  93.89
   157  94.56  94.83  95.02  94.94  95.19  94.84  93.59  91.72  89.92  88.29  87.15  86.78  86.47  85.94  85.95  86.54  86.80  87.44  88.38  89.96  92.00  93.00  93.63  93.93
   158  94.55  94.91  95.05  94.96  95.22  94.89  93.67  91.70  89.98  88.31  87.06  86.67  86.29  85.91  85.88  86.41  86.86  87.46  88.42  89.95  91.97  92.92  93.60  93.95
   159  94.48  94.86  95.03  94.97  95.22  94.85  93.64  91.69  89.90  88.31  87.11  86.65  86.36  85.94  85.89  86.35  86.76  87.41  88.32  89.90  91.94  92.93  93.64  93.95
   160  94.35  94.85  95.02  94.90  95.23  94.82  93.64  91.73  89.98  88.46  87.28  86.85  86.63  86.11  86.17  86.44  86.77  87.54  88.56  90.17  92.18  93.04  93.81  94.04
   161  94.44  94.99  95.15  95.22  95.37  94.96  93.82  91.93  90.19  88.70  87.49  87.09  87.00  86.38  86.51  86.64  87.00  87.70  88.68  90.35  92.29  93.09  93.91  94.12
   162  94.50  95.06  95.20  95.36  95.49  95.09  93.89  92.08  90.37  88.88  87.72  87.41  87.14  86.63  86.75  86.80  87.17  87.89  88.76  90.39  92.33  93.16  93.99  94.21
   163  94.61  95.22  95.33  95.49  95.58  95.16  93.98  92.18  90.46  89.06  87.98  87.53  87.29  86.71  86.83  86.70  87.23  87.86  88.84  90.46  92.40  93.20  93.99  94.21
   164  94.68  95.28  95.39  95.57  95.60  95.27  94.02  92.29  90.62  89.30  88.22  87.69  87.47  86.98  87.15  86.95  87.51  88.23  89.33  90.84  92.65  93.31  94.14  94.35
   165  94.76  95.29  95.52  95.66  95.71  95.38  94.17  92.41  90.78  89.48  88.24  87.64  87.41  87.12  87.38  87.09  87.64  88.40  89.75  90.93  92.66  93.30  94.06  94.28
   166  94.72  95.24  95.56  95.66  95.76  95.26  94.19  92.53  90.93  89.55  88.30  87.55  87.28  86.95  87.36  86.82  87.58  88.36  89.60  90.92  92.64  93.28  93.99  94.04
   167  94.53  95.09  95.44  95.54  95.68  95.11  94.09  92.49  90.86  89.44  88.10  87.36  87.11  86.71  87.04  86.58  87.37  88.19  89.45  90.73  92.52  93.11  93.86  93.85
   168  94.49  95.06  95.42  95.58  95.65  95.16  94.01  92.37  90.77  89.33  87.93  87.14  86.84  86.49  86.82  86.41  87.06  88.15  89.47  90.74  92.59  93.12  93.88  93.85
   169  94.49  95.06  95.47  95.62  95.67  95.21  94.13  92.58  91.01  89.54  88.25  87.42  87.17  86.73  87.17  86.83  87.47  88.48  89.82  91.16  92.80  93.40  94.13  94.27
   170  94.63  95.13  95.52  95.69  95.78  95.26  94.20  92.62  91.04  89.58  88.27  87.50  87.25  86.72  87.22  86.67  87.39  88.47  89.89  91.26  92.81  93.44  94.21  94.39
   171  94.73  95.20  95.60  95.79  95.90  95.39  94.30  92.74  91.18  89.80  88.46  87.62  87.23  86.78  87.23  86.69  87.37  88.43  89.92  91.30  92.80  93.42  94.22  94.38
   172  94.74  95.26  95.63  95.86  95.96  95.42  94.34  92.79  91.16  89.77  88.42  87.58  87.34  86.91  87.50  86.83  87.54  88.67  90.25  91.42  92.91  93.51  94.29  94.44
   173  94.85  95.26  95.63  95.86  95.98  95.44  94.37  92.94  91.35  90.09  88.80  88.00  87.75  87.28  87.86  87.26  87.87  88.98  90.45  91.62  93.12  93.70  94.42  94.56
   174  94.99  95.39  95.72  95.97  96.08  95.49  94.50  93.17  91.65  90.41  89.02  88.33  88.01  87.66  88.22  87.48  88.12  89.19  90.68  91.83  93.25  93.78  94.38  94.59
   175  95.12  95.35  95.75  96.06  96.10  95.53  94.63  93.37  91.85  90.62  89.22  88.62  88.39  88.12  88.53  87.89  88.61  89.57  90.90  91.99  93.39  93.83  94.51  94.74
   176  95.20  95.24  95.75  96.06  96.10  95.57  94.68  93.48  91.98  90.74  89.53  88.89  88.56  88.38  88.85  88.20  88.77  89.74  91.18  92.12  93.42  93.90  94.55  94.74
   177  95.20  95.21  95.73  96.00  96.11  95.57  94.70  93.43  91.88  90.79  89.51  88.83  88.54  88.43  88.78  88.26  88.90  89.81  91.30  92.31  93.59  94.08  94.71  94.89
   178  95.27  95.28  95.79  96.08  96.21  95.67  94.77  93.47  91.86  90.81  89.57  88.93  88.61  88.51  88.86  88.46  88.95  90.03  91.41  92.46  93.58  94.15  94.80  94.99
   179  95.30  95.32  95.85  96.10  96.17  95.68  94.78  93.61  92.03  91.01  89.77  89.20  88.71  88.69  89.00  88.59  89.11  90.05  91.32  92.41  93.47  94.22  94.84  95.00
   180  95.31  95.27  95.78  96.03  96.13  95.59  94.75  93.63  91.90  91.07  89.94  89.38  88.82  88.77  89.02  88.77  89.20  90.20  91.44  92.47  93.62  94.28  95.03  95.13
   181  95.40  95.24  95.85  96.04  96.16  95.72  94.79  93.61  91.91  91.06  89.99  89.37  88.84  88.71  88.96  88.82  89.30  90.29  91.60  92.49  93.70  94.41  95.18  95.40
   182  95.62  95.30  95.99  96.18  96.22  95.90  94.97  93.83  92.14  91.19  90.07  89.48  89.03  88.93  89.29  89.08  89.54  90.52  91.81  92.89  93.85  94.67  95.37  95.65
   183  95.74  95.45  96.11  96.10  96.39  96.08  95.22  94.08  92.40  91.50  90.45  89.81  89.35  89.19  89.61  89.26  89.84  90.56  91.83  92.89  93.85  94.70  95.38  95.62
   184  95.71  95.41  95.98  95.99  96.28  95.93  95.06  93.91  92.28  91.49  90.39  89.77  89.41  89.30  89.57  89.16  89.53  90.49  91.79  92.72  93.74  94.54  95.28  95.34
   185  95.66  95.34  95.92  95.92  96.18  95.84  95.03  93.91  92.37  91.48  90.52  90.00  89.67  89.41  89.70  89.44  89.85  90.75  91.98  92.87  93.84  94.62  95.34  95.40
   186  95.66  95.34  95.88  95.87  96.10  95.77  95.06  94.06  92.43  91.46  90.45  89.97  89.69  89.53  89.71  89.58  89.88  90.86  92.04  93.00  93.91  94.64  95.22  95.30
   187  95.67  95.14  95.89  95.86  96.08  95.78  95.04  93.95  92.44  91.54  90.45  90.16  89.82  89.63  89.75  89.76  90.03  90.93  92.04  93.18  93.97  94.68  95.23  95.32
   188  95.70  95.16  95.95  95.94  96.12  95.79  95.01  93.80  92.39  91.42  90.36  90.09  89.79  89.59  89.74  89.83  90.03  90.97  92.18  93.19  93.96  94.72  95.28  95.24
   189  95.77  95.04  95.94  95.93  96.11  95.87  95.07  93.78  92.33  91.36  90.30  90.02  89.70  89.44  89.64  89.94  90.19  91.03  92.13  93.14  93.93  94.72  95.28  95.19
   190  95.73  95.02  95.94  95.93  96.08  95.85  94.99  93.67  92.20  91.21  90.12  89.77  89.36  89.06  89.36  89.67  89.97  90.88  91.94  93.05  93.79  94.48  95.04  95.09
   191  95.62  95.10  95.94  95.93  96.09  95.92  95.05  93.72  92.27  91.31  90.11  89.75  89.37  88.97  89.24  89.68  90.07  90.94  91.95  93.18  93.96  94.58  95.11  95.16
   192  95.68  95.17  96.02  95.99  96.13  95.99  95.17  93.88  92.44  91.33  90.25  89.78  89.45  88.94  89.27  89.71  90.09  91.01  91.98  93.20  94.09  94.66  95.00  95.21
   193  95.75  95.18  96.02  95.99  96.14  96.02  95.20  93.95  92.53  91.37  90.25  89.79  89.43  88.93  89.37  89.76  90.06  90.92  91.88  93.06  94.14  94.68  95.03  95.21
   194  95.81  95.25  96.06  96.05  96.29  96.10  95.35  93.97  92.51  91.44  90.41  89.82  89.58  89.10  89.45  89.75  90.08  91.04  91.98  93.10  94.17  94.72  95.04  95.23
   195  95.86  95.44  96.14  96.18  96.38  96.17  95.47  94.11  92.82  91.50  90.46  89.92  89.60  89.12  89.46  89.66  90.09  91.09  92.03  93.21  94.19  94.79  95.09  95.28
   196  95.91  95.59  96.20  96.20  96.42  96.21  95.48  94.18  92.83  91.46  90.39  89.99  89.55  89.20  89.54  89.70  89.97  91.00  91.89  93.19  94.00  94.61  94.94  95.14
   197  95.82  95.54  96.19  96.15  96.44  96.18  95.45  94.07  92.91  91.59  90.61  90.21  89.70  89.32  89.59  89.68  90.01  90.90  91.83  92.98  94.04  94.52  94.92  95.14
   198  95.79  95.50  96.19  96.32  96.37  96.11  95.33  93.89  92.67  91.31  90.33  90.06  89.62  89.18  89.46  89.56  90.00  90.77  91.67  92.83  93.94  94.44  94.88  95.14
   199  95.81  95.48  96.24  96.34  96.34  96.17  95.34  93.89  92.57  91.23  90.22  90.07  89.57  89.02  89.44  89.57  90.26  90.84  91.76  92.98  94.09  94.59  94.97  95.33
   200  95.86  95.52  96.28  96.36  96.42  96.22  95.40  93.92  92.49  91.25  90.16  89.90  89.39  89.06  89.38  89.61  90.21  90.81  91.66  92.96  94.06  94.61  95.01  95.35
   201  95.81  95.53  96.33  96.32  96.47  96.27  95.48  93.92  92.47  91.28  90.27  90.03  89.42  88.95  89.38  89.57  90.26  90.82  91.70  92.87  94.13  94.67  95.15  95.48
   202  95.85  95.73  96.34  96.32  96.51  96.28  95.53  94.10  92.48  91.16  90.25  89.91  89.20  88.70  89.20  89.24  89.96  90.57  91.48  92.65  93.93  94.54  95.06  95.41
   203  95.77  95.71  96.24  96.22  96.43  96.24  95.51  94.15  92.35  91.04  90.12  89.92  89.23  88.66  89.10  89.08  89.89  90.50  91.45  92.72  94.03  94.58  95.09  95.57
   204  95.76  95.84  96.25  96.23  96.41  96.23  95.51  94.15  92.34  90.99  90.13  89.91  89.17  88.59  88.92  88.85  89.56  90.28  91.35  92.63  93.96  94.51  95.07  95.59
   205  95.75  95.87  96.15  96.18  96.40  96.22  95.54  94.21  92.43  91.13  90.32  90.08  89.45  88.86  89.21  89.12  89.74  90.42  91.50  92.72  94.06  94.79  95.29  95.69
   206  95.88  95.96  96.20  96.23  96.44  96.22  95.52  94.18  92.32  91.02  90.21  89.99  89.40  88.70  89.07  88.91  89.60  90.32  91.35  92.58  93.98  94.69  95.18  95.56
   207  95.76  95.90  96.20  96.22  96.43  96.20  95.41  94.10  92.22  90.90  90.02  89.77  89.08  88.51  88.91  88.75  89.46  90.24  91.27  92.44  93.73  94.56  95.16  95.44
   208  95.55  95.82  96.11  96.16  96.39  96.14  95.40  94.00  92.11  90.87  90.02  89.75  89.05  88.41  88.92  88.75  89.51  90.39  91.37  92.53  93.78  94.62  95.15  95.43
   209  95.45  95.81  96.13  96.14  96.37  96.13  95.51  94.18  92.37  91.11  90.20  89.77  89.12  88.46  89.03  88.93  89.65  90.37  91.35  92.61  93.97  94.60  95.14  95.41
   210  95.42  95.77  96.06  96.01  96.29  96.14  95.43  94.15  92.42  91.17  90.22  89.71  89.16  88.47  88.97  89.08  89.74  90.41  91.36  92.61  93.92  94.54  95.06  95.36
   211  95.41  95.74  96.06  96.06  96.29  96.15  95.48  94.17  92.49  91.38  90.49  89.82  89.35  88.62  89.05  89.33  89.91  90.53  91.55  92.70  94.06  94.70  95.19  95.48
   212  95.50  95.94  96.11  96.14  96.37  96.26  95.58  94.37  92.55  91.45  90.47  89.77  89.35  88.66  89.07  89.44  90.08  90.79  91.77  92.89  94.16  94.80  95.22  95.54
   213  95.61  96.03  96.19  96.20  96.45  96.37  95.76  94.59  92.89  91.84  90.89  90.03  89.48  88.82  89.08  89.38  90.03  90.88  91.97  93.08  94.26  94.88  95.26  95.56
   214  95.64  96.08  96.21  96.27  96.57  96.43  95.87  94.76  93.05  92.00  91.10  89.99  89.32  88.70  88.99  89.29  89.92  90.82  91.94  93.12  94.29  94.87  95.25  95.57
   215  95.62  96.06  96.18  96.26  96.49  96.39  95.83  94.81  93.23  92.18  91.20  90.03  89.34  88.68  88.98  89.11  89.71  90.57  91.79  93.08  94.20  94.78  95.13  95.54
   216  95.64  96.10  96.18  96.33  96.50  96.45  95.86  94.90  93.39  92.36  91.32  90.10  89.40  88.86  89.04  89.07  89.75  90.64  91.78  93.19  94.20  94.80  95.15  95.58
   217  95.63  96.12  96.18  96.32  96.47  96.46  95.83  94.86  93.41  92.44  91.39  90.18  89.46  89.03  89.00  89.11  89.73  90.64  91.83  93.25  94.28  94.88  95.18  95.58
   218  95.66  96.12  96.24  96.38  96.50  96.52  95.90  95.01  93.61  92.40  91.55  90.15  89.52  89.20  89.13  89.24  89.77  90.69  91.88  93.35  94.34  94.88  95.13  95.57
   219  95.68  96.17  96.26  96.42  96.54  96.56  95.93  95.04  93.64  92.40  91.58  90.09  89.57  89.29  89.21  89.31  89.94  90.78  92.02  93.51  94.41  94.93  95.23  95.67
   220  95.80  96.31  96.41  96.54  96.61  96.67  96.06  95.15  93.76  92.46  91.60  90.08  89.41  89.11  88.98  89.15  89.85  90.75  92.07  93.57  94.42  94.96  95.27  95.72
   221  95.84  96.35  96.46  96.56  96.65  96.69  96.12  95.26  93.88  92.60  91.75  90.22  89.64  89.41  89.35  89.44  90.11  90.99  92.18  93.72  94.51  95.03  95.41  95.87
   222  95.98  96.43  96.50  96.61  96.69  96.75  96.15  95.46  94.13  92.87  92.07  90.59  90.17  89.77  89.62  89.72  90.44  91.29  92.45  94.00  94.69  95.13  95.54  95.99
   223  96.21  96.56  96.65  96.74  96.80  96.85  96.24  95.68  94.38  92.98  92.23  90.64  90.22  89.87  89.39  89.65  90.38  91.16  92.47  94.00  94.69  95.09  95.51  95.96
   224  96.24  96.51  96.61  96.69  96.74  96.79  96.20  95.60  94.25  92.72  91.99  90.71  90.13  89.86  89.31  89.60  90.30  91.16  92.45  93.95  94.66  95.17  95.58  96.03
   225  96.33  96.61  96.73  96.83  96.82  96.86  96.30  95.67  94.32  92.86  92.27  90.90  90.29  90.04  89.63  89.76  90.45  91.34  92.53  94.13  94.80  95.29  95.72  96.18
   226  96.42  96.65  96.76  96.79  96.83  96.87  96.32  95.75  94.41  92.89  92.22  90.84  90.22  89.93  89.71  89.75  90.53  91.43  92.62  94.24  94.86  95.32  95.51  96.19
   227  96.42  96.63  96.75  96.77  96.80  96.83  96.32  95.79  94.44  92.80  92.28  90.86  90.19  89.75  89.58  89.58  90.32  91.22  92.48  94.21  94.86  95.33  95.50  96.16
   228  96.37  96.59  96.68  96.72  96.70  96.72  96.21  95.67  94.20  92.50  91.91  90.54  89.95  89.40  89.40  89.50  90.19  91.02  92.22  94.09  94.77  95.30  95.44  96.15
   229  96.28  96.62  96.71  96.70  96.71  96.75  96.28  95.75  94.35  92.53  91.84  90.49  89.96  89.46  89.37  89.52  90.23  91.09  92.22  94.02  94.62  95.30  95.47  96.18
   230  96.30  96.68  96.72  96.73  96.63  96.77  96.33  95.76  94.35  92.51  91.90  90.71  90.17  89.63  89.53  89.65  90.42  91.38  92.47  94.11  94.80  95.37  95.53  96.17
   231  96.35  96.66  96.66  96.68  96.60  96.71  96.32  95.72  94.29  92.42  91.91  90.77  90.15  89.65  89.65  89.70  90.47  91.35  92.50  94.03  94.71  95.34  95.46  96.07
   232  96.25  96.60  96.60  96.63  96.50  96.66  96.33  95.79  94.46  92.57  92.08  90.89  90.25  89.72  89.88  89.90  90.67  91.47  92.54  94.08  94.78  95.33  95.50  96.09
   233  96.26  96.53  96.52  96.54  96.43  96.59  96.32  95.78  94.41  92.70  92.02  90.87  90.26  89.61  89.81  89.81  90.65  91.47  92.53  94.02  94.74  95.35  95.50  96.07
   234  96.23  96.49  96.51  96.40  96.47  96.64  96.41  95.89  94.55  92.85  92.14  91.00  90.40  89.70  89.91  89.88  90.72  91.67  92.62  94.07  94.79  95.39  95.48  96.06
   235  96.23  96.49  96.52  96.39  96.49  96.65  96.37  95.83  94.45  92.73  92.01  90.97  90.46  89.80  90.10  89.88  90.74  91.53  92.62  94.05  94.79  95.34  95.41  95.97
   236  96.13  96.40  96.47  96.35  96.43  96.60  96.31  95.74  94.25  92.70  91.92  90.96  90.43  89.72  89.74  89.67  90.47  91.34  92.69  94.02  94.75  95.29  95.34  95.87
   237  96.05  96.34  96.45  96.33  96.41  96.55  96.43  95.71  94.28  92.67  91.82  90.83  90.17  89.64  89.79  89.69  90.34  91.27  92.68  93.93  94.68  95.29  95.32  95.83
   238  96.01  96.30  96.42  96.27  96.37  96.55  96.44  95.73  94.31  92.81  91.84  90.93  90.27  89.74  90.03  89.71  90.34  91.26  92.64  93.99  94.70  95.33  95.37  95.89
   239  96.09  96.34  96.42  96.32  96.41  96.61  96.45  95.75  94.28  92.82  91.96  90.85  90.16  89.70  90.04  89.75  90.36  91.26  92.70  93.95  94.67  95.22  95.25  95.82
   240  96.02  96.25  96.31  96.01  96.33  96.54  96.40  95.67  94.13  92.56  91.49  90.45  89.86  89.46  89.75  89.50  90.23  91.15  92.67  93.91  94.67  95.27  95.26  95.83
   241  96.03  96.29  96.34  96.07  96.39  96.61  96.48  95.75  94.18  92.58  91.50  90.58  89.97  89.56  89.69  89.45  90.31  91.23  92.65  93.86  94.62  95.15  95.41  95.75
   242  95.81  96.26  96.33  96.06  96.39  96.59  96.49  95.72  94.14  92.66  91.42  90.57  89.96  89.69  89.79  89.64  90.45  91.35  92.77  93.84  94.56  95.13  95.36  95.69
   243  95.78  96.18  96.30  96.07  96.42  96.63  96.54  95.80  94.24  92.70  91.43  90.62  90.07  89.90  89.89  89.75  90.54  91.50  92.97  93.89  94.57  95.15  95.43  95.74
   244  95.85  96.16  96.27  96.07  96.40  96.58  96.44  95.75  94.17  92.65  91.41  90.68  90.15  89.93  89.90  89.68  90.55  91.50  93.00  93.91  94.70  95.18  95.46  95.79
   245  95.84  96.11  96.28  96.08  96.54  96.56  96.44  95.74  94.03  92.52  91.15  90.30  89.78  89.55  89.66  89.46  90.43  91.35  92.77  93.90  94.64  95.16  95.40  95.71
   246  95.76  96.04  96.24  96.01  96.47  96.55  96.41  95.79  94.17  92.55  91.06  90.24  89.83  89.46  89.41  89.39  90.36  91.41  92.90  94.06  94.75  95.23  95.50  95.83
   247  95.87  96.14  96.30  96.02  96.57  96.59  96.40  95.79  94.16  92.53  91.01  90.28  89.82  89.48  89.35  89.48  90.43  91.52  92.99  94.11  94.72  95.18  95.42  95.81
   248  95.88  96.20  96.39  96.09  96.62  96.60  96.35  95.77  94.12  92.40  90.77  90.00  89.54  89.18  89.10  89.20  90.33  91.41  92.94  94.03  94.63  95.08  95.34  95.73
   249  95.77  96.10  96.27  96.07  96.49  96.47  96.23  95.68  94.04  92.37  90.68  89.90  89.38  89.16  89.12  89.30  90.39  91.43  92.96  94.08  94.67  95.16  95.39  95.74
   250  95.73  96.06  96.21  96.01  96.45  96.42  96.16  95.67  94.10  92.49  90.74  89.93  89.39  89.23  89.07  89.38  90.45  91.71  93.09  94.19  94.73  95.21  95.40  95.79
   251  95.78  96.14  96.21  96.03  96.52  96.48  96.23  95.78  94.43  92.69  91.03  90.12  89.48  89.36  89.33  89.56  90.73  91.94  93.26  94.30  94.84  95.33  95.48  95.90
   252  95.86  96.21  96.22  95.94  96.52  96.50  96.24  95.80  94.43  92.67  90.91  90.00  89.43  89.18  89.11  89.36  90.63  91.90  93.27  94.33  94.85  95.27  95.44  95.88
   253  95.81  96.16  96.21  95.98  96.56  96.50  96.21  95.78  94.39  92.56  90.78  89.89  89.40  89.21  89.15  89.47  90.83  92.14  93.40  94.40  94.92  95.33  95.49  95.96
   254  95.84  96.19  96.28  96.00  96.58  96.52  96.23  95.86  94.47  92.62  90.66  89.88  89.38  89.20  89.20  89.49  90.99  92.34  93.57  94.57  95.08  95.49  95.64  96.08
   255  95.92  96.29  96.38  96.30  96.65  96.60  96.32  95.98  94.61  92.78  90.84  90.13  89.55  89.28  89.20  89.56  91.00  92.44  93.68  94.59  95.10  95.43  95.59  96.02
   256  95.83  96.13  96.31  96.24  96.60  96.59  96.31  95.94  94.63  92.86  90.98  90.22  89.67  89.41  89.44  89.82  91.11  92.53  93.85  94.74  95.25  95.59  95.70  96.09
   257  96.06  96.19  96.36  96.27  96.60  96.62  96.37  95.97  94.71  92.94  91.09  90.22  89.68  89.41  89.51  89.80  91.11  92.56  93.87  94.74  95.26  95.59  95.69  96.07
   258  96.03  96.16  96.40  96.29  96.63  96.66  96.38  96.03  94.77  93.05  91.31  90.43  89.76  89.49  89.61  89.94  91.25  92.63  93.96  94.79  95.34  95.61  95.67  96.01
   259  96.02  96.16  96.39  96.25  96.56  96.64  96.45  96.00  94.86  93.18  91.55  90.64  89.99  89.75  89.96  90.23  91.45  92.81  94.15  94.94  95.45  95.68  95.71  96.04
   260  96.08  96.23  96.46  96.30  96.60  96.76  96.55  96.19  95.16  93.49  91.97  91.03  90.35  90.13  90.29  90.69  91.83  93.17  94.52  94.97  95.54  95.77  95.85  96.18
   261  96.24  96.36  96.63  96.47  96.75  96.87  96.66  96.27  95.22  93.54  92.13  91.13  90.51  90.33  90.51  90.84  91.93  93.25  94.51  94.95  95.54  95.78  95.84  96.15
   262  96.22  96.33  96.66  96.58  96.80  96.93  96.81  96.35  95.09  93.69  92.20  91.19  90.66  90.41  90.69  90.88  92.09  93.35  94.64  95.04  95.70  95.92  95.98  96.26
   263  96.28  96.39  96.75  96.70  96.92  97.05  96.96  96.50  95.33  94.08  92.60  91.67  91.12  90.93  91.17  91.45  92.46  93.76  94.92  95.28  95.85  95.98  96.09  96.39
   264  96.40  96.50  96.90  96.83  97.06  97.17  97.07  96.60  95.44  94.21  92.86  91.89  91.28  91.01  91.23  91.63  92.57  93.92  95.05  95.34  95.90  95.96  96.08  96.44
   265  96.44  96.48  96.90  96.85  97.02  97.21  97.19  96.70  95.52  94.25  92.95  91.97  91.29  90.96  91.17  91.68  92.64  93.94  94.97  95.20  95.80  95.88  96.07  96.34
   266  96.38  96.39  96.85  96.80  96.81  97.10  97.14  96.59  95.36  94.14  92.73  91.65  91.05  90.80  91.08  91.69  92.60  93.86  94.78  95.13  95.79  95.86  96.03  96.26
   267  96.31  96.31  96.80  96.85  96.77  97.04  97.08  96.54  95.35  94.16  92.91  91.82  91.21  90.95  91.07  91.69  92.61  93.81  94.61  94.98  95.70  95.77  95.90  96.16
   268  96.23  96.22  96.65  96.75  96.60  96.93  97.03  96.44  95.24  93.98  92.79  91.64  91.06  90.74  90.91  91.65  92.53  93.70  94.53  94.91  95.63  95.73  95.85  96.04
   269  96.08  96.05  96.47  96.61  96.50  96.84  96.95  96.38  95.26  94.10  92.94  91.80  91.14  90.69  90.81  91.59  92.43  93.63  94.40  94.81  95.48  95.55  95.68  95.91
   270  95.99  95.97  96.37  96.49  96.39  96.73  96.87  96.32  95.24  94.16  92.97  91.83  91.16  90.73  90.83  91.54  92.47  93.62  94.38  94.80  95.40  95.51  95.61  95.50
   271  95.89  95.96  96.28  96.44  96.33  96.64  96.76  96.22  95.14  93.95  92.76  91.55  90.87  90.51  90.53  91.32  92.25  93.44  94.19  94.63  95.22  95.33  95.47  95.39
   272  95.78  95.83  96.14  96.33  96.24  96.55  96.68  96.21  95.15  93.97  92.81  91.68  90.99  90.50  90.57  91.42  92.37  93.53  94.21  94.63  95.18  95.28  95.45  95.36
   273  95.71  95.82  96.02  96.25  96.16  96.48  96.66  96.17  95.20  94.13  92.86  91.72  91.10  90.65  90.70  91.54  92.33  93.54  94.23  94.64  95.19  95.28  95.12  95.38
   274  95.69  95.80  96.00  96.22  96.17  96.46  96.63  96.17  95.16  94.17  92.81  91.63  90.95  90.56  90.57  91.52  92.33  93.50  94.24  94.62  95.14  95.26  95.11  95.32
   275  95.68  95.74  95.90  96.17  96.13  96.39  96.58  96.15  95.13  94.15  92.79  91.60  90.92  90.53  90.56  91.52  92.36  93.54  94.26  94.74  95.15  95.25  95.07  95.36
   276  95.70  95.78  95.91  96.18  96.13  96.39  96.60  96.17  95.14  94.34  92.90  91.74  90.99  90.65  90.73  91.71  92.56  93.63  94.35  94.79  95.20  95.25  95.04  95.31
   277  95.64  95.67  95.75  96.03  96.00  96.24  96.41  96.08  95.23  94.22  92.77  91.61  90.68  90.39  90.35  91.53  92.32  93.48  94.22  94.69  95.04  95.09  94.93  95.18
   278  95.55  95.57  95.65  95.90  95.88  96.11  96.34  95.98  95.11  94.16  92.75  91.49  90.51  90.12  90.18  91.25  92.13  93.27  94.06  94.57  94.95  95.08  94.86  95.09
   279  95.46  95.49  95.55  95.78  95.68  95.93  96.20  95.89  95.05  94.12  92.63  91.43  90.49  90.10  90.16  91.12  92.12  93.24  94.00  94.53  94.90  94.99  94.84  94.98
   280  95.38  95.44  95.47  95.61  95.57  95.82  96.06  95.75  94.95  94.09  92.61  91.35  90.46  90.10  90.20  91.15  92.08  93.20  93.96  94.49  94.80  94.88  94.72  94.91
   281  95.33  95.38  95.40  95.58  95.69  95.81  95.99  95.77  95.00  94.06  92.55  91.34  90.44  90.09  90.25  91.16  92.29  93.36  94.18  94.53  94.78  94.87  94.70  94.90
   282  95.27  95.37  95.37  95.53  95.65  95.79  95.98  95.76  95.02  93.96  92.43  91.21  90.29  89.96  90.39  91.20  92.36  93.40  94.21  94.57  94.77  94.85  94.74  94.93
   283  95.31  95.42  95.41  95.51  95.72  95.82  96.01  95.80  95.11  94.16  92.58  91.39  90.44  90.11  90.48  91.18  92.43  93.27  94.20  94.54  94.74  94.77  94.64  94.90
   284  95.30  95.43  95.38  95.48  95.67  95.77  95.97  95.79  95.08  94.07  92.50  91.34  90.58  90.26  90.56  91.23  92.50  93.32  94.25  94.57  94.79  94.81  94.70  94.89
   285  95.30  95.40  95.39  95.50  95.69  95.77  95.98  95.80  95.10  94.13  92.70  91.50  90.68  90.40  90.71  91.45  92.63  93.37  94.27  94.51  94.76  94.80  94.66  95.17
   286  95.31  95.43  95.39  95.51  95.64  95.82  96.03  95.86  95.23  94.32  92.94  91.75  90.89  90.65  90.94  91.60  92.80  93.57  94.45  94.66  94.87  94.92  94.73  95.04
   287  95.33  95.45  95.39  95.48  95.70  95.62  95.94  95.73  95.16  94.20  92.82  91.52  90.76  90.59  90.81  91.49  92.74  93.53  94.39  94.63  94.86  94.89  94.71  94.99
   288  95.33  95.39  95.36  95.39  95.60  95.53  95.81  95.64  94.99  93.97  92.65  91.26  90.56  90.33  90.61  91.33  92.73  93.58  94.28  94.55  94.77  94.77  94.96  94.90
   289  95.28  95.36  95.33  95.39  95.57  95.50  95.78  95.65  95.01  93.96  92.71  91.28  90.59  90.29  90.61  91.32  92.58  93.44  94.01  94.31  94.58  94.57  94.79  94.86
   290  95.13  95.25  95.21  95.34  95.43  95.32  95.59  95.47  94.90  93.90  92.63  91.24  90.58  90.27  90.61  91.35  92.56  93.45  94.06  94.34  94.63  94.58  94.80  94.76
   291  95.02  95.15  95.07  95.21  95.25  95.10  95.34  95.28  94.69  93.68  92.47  91.01  90.31  89.95  90.35  91.17  92.42  93.37  93.97  94.27  94.52  94.50  94.72  94.72
   292  94.98  94.95  95.06  95.24  95.20  95.08  95.36  95.25  94.77  93.74  92.67  91.15  90.54  90.09  90.58  91.35  92.57  93.37  94.00  94.32  94.55  94.57  94.74  94.74
   293  95.04  95.00  94.92  95.28  95.17  95.09  95.24  95.17  94.74  93.71  92.64  91.10  90.43  90.16  90.62  91.47  92.69  93.44  94.03  94.32  94.55  94.54  94.72  94.72
   294  95.03  94.97  94.89  95.24  95.12  95.02  95.15  95.05  94.64  93.61  92.61  91.08  90.51  90.27  90.69  91.60  92.79  93.46  94.02  94.31  94.54  94.60  94.68  94.74
   295  94.97  94.97  94.90  95.31  95.18  95.06  95.16  95.08  94.72  93.70  92.72  91.24  90.62  90.30  90.62  91.54  92.80  93.38  93.95  94.31  94.56  94.56  94.65  94.79
   296  94.93  94.93  94.86  95.26  95.13  95.05  95.17  95.08  94.75  93.75  92.81  91.38  90.68  90.30  90.63  91.61  92.75  93.34  93.84  94.19  94.43  94.38  94.47  94.58
   297  94.83  94.76  94.72  95.06  94.91  94.64  94.93  94.88  94.57  93.63  92.73  91.39  90.76  90.42  90.65  91.68  92.78  93.32  93.81  94.23  94.19  94.44  94.50  94.54
   298  94.80  94.76  94.67  94.99  94.88  94.64  94.89  94.86  94.57  93.66  92.79  91.44  90.66  90.38  90.55  91.62  92.72  93.45  93.80  94.24  94.09  94.35  94.47  94.49
   299  94.77  94.68  94.69  94.98  94.85  94.63  94.84  94.78  94.52  93.62  92.75  91.35  90.53  90.21  90.42  91.63  92.70  93.42  93.82  94.24  94.06  94.31  94.42  94.43
   300  94.65  94.62  94.62  94.95  94.84  94.63  94.83  94.76  94.56  93.60  92.68  91.24  90.53  90.23  90.49  91.65  92.71  93.35  93.74  94.20  94.03  94.29  94.41  94.43
   301  94.62  94.65  94.66  94.98  94.91  94.60  94.84  94.78  94.58  93.69  92.76  91.24  90.58  90.24  90.51  91.73  92.76  93.36  93.65  94.16  94.05  94.27  94.39  94.60
   302  94.62  94.65  94.70  94.99  94.90  94.82  94.93  94.92  94.70  93.88  92.91  91.54  90.73  90.39  90.69  91.87  92.79  93.40  93.68  94.18  94.10  94.30  94.46  94.70
   303  94.69  94.75  94.79  95.13  95.02  94.90  95.01  94.99  94.81  94.00  93.03  91.72  90.84  90.50  90.75  91.92  92.97  93.48  93.46  94.19  94.05  94.32  94.42  94.67
   304  94.65  94.69  94.74  95.05  94.93  94.89  94.87  94.98  94.79  93.85  92.94  91.73  90.86  90.57  90.81  91.99  93.14  93.60  93.56  94.32  94.12  94.40  94.43  94.61
   305  94.68  94.71  94.78  95.00  94.99  94.94  94.88  94.97  94.73  93.77  92.91  91.77  90.94  90.64  90.92  92.01  93.13  93.54  93.50  94.26  94.01  94.33  94.36  94.57
   306  94.64  94.66  94.78  95.00  95.03  95.04  94.93  94.95  94.79  93.83  92.88  91.69  90.91  90.57  90.97  92.04  93.11  93.55  93.51  94.22  93.97  94.25  94.29  94.43
   307  94.48  94.67  94.65  94.84  95.00  95.04  94.85  94.87  94.67  93.79  92.76  91.50  90.70  90.44  90.81  91.85  93.04  93.53  93.41  93.99  93.87  94.18  94.18  94.34
   308  94.32  94.53  94.64  94.73  94.85  94.92  94.74  94.78  94.64  93.57  92.74  91.62  90.79  90.57  90.79  91.95  93.04  93.44  93.32  93.84  93.71  94.14  94.12  94.30
   309  94.29  94.45  94.59  94.71  94.86  94.91  94.71  94.77  94.59  93.51  92.72  91.60  90.63  90.42  90.67  91.73  92.86  93.30  93.23  93.73  93.50  93.89  93.90  94.06
   310  94.17  94.31  94.38  94.58  94.67  94.71  94.60  94.70  94.50  93.32  92.67  91.55  90.60  90.50  90.81  91.88  92.93  93.45  93.38  93.84  93.64  94.10  94.04  94.17
   311  94.28  94.33  94.52  94.71  94.74  94.79  94.61  94.72  94.52  93.33  92.80  91.74  90.85  90.79  91.02  91.94  93.00  93.53  93.45  93.96  93.74  94.21  94.19  94.30
   312  94.36  94.44  94.57  94.78  94.82  95.04  94.71  94.84  94.60  93.48  93.12  92.12  91.20  91.09  91.25  92.15  93.19  93.69  93.55  93.98  94.02  94.14  94.09  94.16
   313  94.21  94.29  94.46  94.69  94.71  94.93  94.60  94.73  94.48  93.42  93.09  92.13  91.24  91.18  91.42  92.30  93.20  93.71  93.56  93.97  94.04  94.18  94.16  94.24
   314  94.28  94.44  94.58  94.82  94.86  95.06  94.73  94.84  94.62  93.44  93.27  92.34  91.37  91.33  91.58  92.42  93.27  93.74  93.53  93.93  94.06  94.20  94.24  94.34
   315  94.41  94.47  94.65  94.84  94.88  95.04  94.71  94.74  94.47  93.42  93.31  92.45  91.49  91.42  91.59  92.46  93.31  93.88  93.61  94.01  94.11  94.26  94.36  94.43
   316  94.46  94.47  94.62  94.76  94.82  95.00  94.69  94.71  94.45  93.38  93.23  92.51  91.56  91.47  91.65  92.46  93.27  93.80  93.64  93.99  93.98  94.08  94.22  94.34
   317  94.30  94.29  94.48  94.64  94.58  94.82  94.38  94.44  94.13  93.06  92.89  92.15  91.31  91.31  91.47  92.30  93.14  93.60  93.46  93.84  93.81  93.89  94.06  94.20
   318  94.18  94.10  94.37  94.44  94.38  94.67  94.26  94.37  94.08  92.98  92.80  92.08  91.29  91.28  91.52  92.39  93.16  93.57  93.68  93.88  93.93  94.01  94.05  93.89
   319  94.03  93.93  94.23  94.32  94.29  94.56  94.31  94.25  93.96  92.95  92.67  91.90  91.20  91.05  91.31  92.16  92.93  93.37  93.58  93.69  93.75  93.85  93.96  93.73
   320  93.78  93.71  94.00  94.09  94.04  94.34  94.14  93.96  93.81  92.90  92.50  91.72  91.06  90.91  91.18  92.05  92.85  93.26  93.47  93.58  93.64  93.76  93.89  93.51
   321  93.77  93.67  93.97  94.03  94.07  94.31  94.17  93.99  93.83  92.96  92.63  92.01  91.31  91.16  91.29  92.10  92.81  93.20  93.42  93.59  93.66  93.83  94.00  93.68
   322  93.92  93.82  94.07  94.10  94.16  94.37  94.27  94.07  93.85  92.86  92.57  92.09  91.47  91.23  91.47  92.25  92.83  93.21  93.52  93.71  93.68  93.86  94.02  93.66
   323  93.92  93.81  94.07  94.05  94.18  94.34  94.24  94.02  93.79  92.78  92.43  91.98  91.60  91.26  91.70  92.31  92.94  93.35  93.60  93.84  93.81  93.92  94.04  93.68
   324  93.90  93.85  94.07  94.08  94.21  94.35  94.23  94.00  93.86  92.72  92.42  91.98  91.69  91.32  91.83  92.37  92.96  93.35  93.56  93.86  93.89  93.99  94.16  93.81
   325  93.95  93.96  94.24  94.16  94.29  94.41  94.20  93.94  93.80  92.69  92.29  91.83  91.56  91.07  91.69  92.19  92.89  93.23  93.45  93.73  93.77  93.83  94.08  93.70
   326  93.57  93.93  94.07  93.99  94.22  94.23  94.12  93.82  93.68  92.58  92.11  91.61  91.35  90.92  91.57  92.14  92.72  93.03  93.35  93.61  93.64  93.77  93.97  93.58
   327  93.38  93.88  94.03  94.01  94.27  94.32  94.21  93.89  93.89  92.80  92.17  91.65  91.42  91.06  91.78  92.31  92.79  93.19  93.46  93.68  93.74  93.87  94.09  93.73
   328  93.49  93.98  94.14  94.15  94.32  94.33  94.23  93.96  93.94  92.76  92.18  91.58  91.46  90.99  91.69  92.25  92.73  93.12  93.44  93.68  93.73  93.88  93.98  93.64
   329  93.42  93.86  94.06  94.01  94.15  94.14  94.07  93.88  93.84  92.86  92.12  91.53  91.64  91.16  91.86  92.37  92.86  93.20  93.51  93.74  93.68  93.85  93.94  93.57
   330  93.38  93.91  94.08  94.06  94.16  94.23  94.06  93.95  93.96  92.87  92.14  91.55  91.67  91.21  91.93  92.38  92.84  93.12  93.44  93.70  93.64  93.76  93.81  93.46
   331  93.36  93.88  94.07  94.03  94.07  94.07  93.91  93.79  93.86  92.77  92.12  91.57  91.71  91.29  92.00  92.48  92.98  93.25  93.56  93.80  93.84  93.96  93.99  93.62
   332  93.51  94.08  94.20  94.16  94.28  94.20  94.16  93.95  94.03  92.94  92.37  91.81  91.83  91.39  92.16  92.64  93.10  93.31  93.66  93.83  93.91  94.04  94.08  93.74
   333  93.56  94.24  94.29  94.26  94.41  94.32  94.24  94.06  94.10  93.05  92.47  91.97  91.94  91.49  92.02  92.41  92.87  93.08  93.49  93.64  93.73  93.84  94.06  93.96
   334  93.65  94.23  94.24  94.20  94.41  94.06  94.18  94.13  94.18  93.16  92.54  92.01  91.87  91.61  92.14  92.53  92.89  93.11  93.53  93.71  93.77  93.87  94.06  93.99
   335  93.79  94.42  94.45  94.42  94.64  94.32  94.37  94.44  94.44  93.28  92.80  92.23  92.07  91.76  92.33  92.68  92.97  93.20  93.53  93.72  93.77  93.86  94.06  94.13
   336  93.73  94.37  94.32  94.35  94.54  94.24  94.12  94.49  94.45  93.30  92.86  92.25  92.16  91.92  92.52  92.89  93.18  93.38  93.72  93.65  94.00  94.00  94.10  94.16
   337  93.82  94.50  94.39  94.42  94.48  94.22  94.11  94.53  94.53  93.52  93.14  92.51  92.45  92.21  92.70  93.10  93.35  93.58  93.82  93.77  94.07  94.04  94.17  94.27
   338  93.92  94.62  94.45  94.44  94.54  94.24  94.16  94.65  94.64  93.75  93.33  92.64  92.49  92.26  92.69  93.12  93.31  93.53  93.78  93.78  93.98  93.96  94.12  94.22
   339  93.86  94.50  94.32  94.38  94.48  94.25  94.21  94.75  94.68  93.98  93.44  92.79  92.56  92.37  92.70  93.26  93.47  93.59  93.82  93.78  93.99  94.01  94.04  94.15
   340  93.60  94.39  94.20  94.29  94.43  94.22  94.21  94.77  94.70  94.12  93.53  92.88  92.69  92.64  92.84  93.37  93.54  93.62  93.86  93.76  93.92  93.99  94.00  94.05
   341  93.87  94.31  94.18  94.28  94.40  94.26  94.24  94.86  94.76  94.24  93.69  93.09  92.88  92.79  92.97  93.44  93.65  93.69  93.93  93.85  93.99  94.05  94.06  94.18
   342  94.10  94.32  94.23  94.29  94.41  94.25  94.19  94.85  94.61  94.15  93.63  93.07  92.80  92.68  92.85  93.36  93.60  93.56  93.87  93.80  93.91  94.03  94.05  94.22
   343  94.13  94.32  94.28  94.25  94.54  94.34  94.25  94.87  94.64  94.29  93.66  93.19  92.81  92.76  92.95  93.46  93.70  93.62  93.76  93.69  93.81  93.86  93.96  94.15
   344  93.97  94.22  94.19  94.13  94.46  94.29  94.24  94.78  94.61  94.22  93.61  93.19  92.62  92.59  92.86  93.34  93.53  93.51  93.68  93.64  93.80  93.80  93.96  94.15
   345  93.98  94.16  94.16  94.03  94.42  94.18  94.24  94.73  94.51  94.10  93.62  93.19  92.60  92.62  92.89  93.40  93.55  93.52  93.67  93.67  93.79  93.85  93.97  94.22
   346  93.99  94.18  94.14  94.08  94.55  94.29  94.37  94.85  94.54  94.20  93.67  93.19  92.60  92.59  92.86  93.40  93.55  93.48  93.53  93.63  93.68  93.79  93.87  94.13
   347  93.87  94.04  93.99  93.92  94.45  94.24  94.29  94.87  94.58  94.27  93.76  93.32  92.75  92.74  92.99  93.44  93.58  93.60  93.62  93.72  93.76  93.85  93.85  94.00
   348  93.80  94.02  93.88  93.88  94.35  94.11  94.21  94.70  94.50  94.19  93.73  93.27  92.79  92.86  93.35  93.82  93.92  93.95  93.91  93.97  93.95  94.00  93.97  94.16
   349  93.93  94.28  94.14  94.09  94.46  94.43  94.29  94.74  94.49  94.20  93.86  93.44  93.10  93.04  93.50  93.97  94.11  94.11  93.96  93.96  93.96  94.00  93.95  94.16
   350  93.94  94.16  94.00  93.98  94.33  94.29  94.17  94.63  94.34  94.06  93.67  93.28  92.90  92.89  93.30  93.80  94.05  94.05  93.91  93.88  93.92  93.99  93.94  94.17
   351  93.93  94.09  93.95  93.89  94.28  94.25  94.37  94.59  94.26  94.11  93.63  93.16  92.83  92.84  93.23  93.73  93.96  93.96  93.83  94.00  93.73  93.84  93.78  93.79
   352  93.77  93.91  93.79  93.74  94.29  94.24  94.32  94.47  94.21  93.96  93.41  92.97  92.63  92.78  93.18  93.55  93.90  93.93  93.78  93.89  93.70  93.80  93.77  93.74
   353  93.72  93.81  93.78  93.78  94.16  94.30  94.42  94.53  94.21  93.99  93.38  92.96  92.62  92.74  93.15  93.52  93.86  93.87  93.73  93.59  93.71  93.80  93.78  93.72
   354  93.69  93.78  93.83  93.75  94.10  94.24  94.42  94.45  94.14  93.90  93.29  92.82  92.71  92.76  93.21  93.57  93.94  93.95  93.82  93.69  93.78  93.85  93.94  93.91
   355  94.07  93.96  94.04  93.89  94.26  94.38  94.54  94.54  94.19  93.98  93.48  93.11  93.03  93.02  93.53  93.86  94.10  94.14  93.93  93.85  93.99  94.00  94.09  94.07
   356  94.17  94.09  94.10  93.98  94.35  94.44  94.56  94.59  94.32  94.09  93.55  93.14  93.04  92.98  93.44  93.89  94.13  94.20  93.94  93.88  94.03  93.99  94.14  94.10
   357  94.16  94.11  94.10  94.00  94.29  94.43  94.51  94.47  94.31  94.05  93.46  92.94  92.88  92.89  93.41  93.80  94.05  94.16  93.85  93.85  94.09  94.02  94.18  94.09
   358  94.22  94.00  94.09  93.86  94.24  94.43  94.59  94.54  94.39  94.09  93.59  93.06  93.10  93.09  93.59  93.87  94.17  94.22  93.98  93.92  94.17  94.10  94.25  94.11
   359  94.34  94.17  94.31  94.10  94.40  94.59  94.70  94.67  94.51  94.19  93.70  93.13  93.19  93.24  93.66  93.95  94.32  94.36  94.07  94.02  94.20  94.25  94.22  94.11
   360  94.25  94.09  94.19  94.00  94.24  94.47  94.58  94.48  94.27  94.09  93.60  92.94  93.00  93.03  93.53  93.74  94.17  94.24  93.96  93.85  94.13  94.12  94.10  93.93
   361  94.10  93.93  94.02  93.85  94.05  94.35  94.34  94.29  94.15  94.08  93.57  92.94  93.00  93.00  93.50  93.59  94.01  94.15  93.88  93.61  94.06  94.05  94.17  93.93
   362  94.23  94.07  94.19  94.02  94.19  94.46  94.49  94.37  94.22  94.18  93.69  93.03  93.09  93.10  93.58  93.75  94.14  94.28  94.01  93.72  94.15  94.22  94.26  94.09
   363  94.33  94.12  94.29  94.09  94.31  94.58  94.62  94.49  94.33  94.29  93.74  93.04  93.07  93.00  93.40  93.41  94.01  93.98  93.71  93.61  93.99  94.10  94.17  94.00
   364  94.25  94.01  94.24  94.10  94.32  94.58  94.58  94.36  94.24  94.16  93.53  92.97  92.92  92.89  93.25  93.33  94.03  93.92  93.69  93.63  93.97  94.04  94.13  94.00
   365  94.18  93.95  94.16  93.96  94.19  94.39  94.43  94.19  94.08  94.01  93.44  92.93  92.80  92.89  93.30  93.37  94.00  93.84  93.69  93.63  93.88  93.92  94.02  93.92
