1876 02 01 08 00  30.51   47.78 1026.8            BASRA
1876 02 02 08 00  30.51   47.78 1028.1            BASRA
1876 02 03 08 00  30.51   47.78 1025.4            BASRA
1876 02 04 08 00  30.51   47.78 1021.4            BASRA
1876 02 05 08 00  30.51   47.78 1022.8            BASRA
1876 02 06 08 00  30.51   47.78 1021.4            BASRA
1876 02 07 08 00  30.51   47.78 1020.1            BASRA
1876 02 08 08 00  30.51   47.78 1021.4            BASRA
1876 02 09 08 00  30.51   47.78 1022.8            BASRA
1876 02 10 08 00  30.51   47.78 1022.8            BASRA
1876 02 11 08 00  30.51   47.78 1018.8            BASRA
1876 02 12 08 00  30.51   47.78 1018.8            BASRA
1876 02 13 08 00  30.51   47.78 1022.8            BASRA
1876 02 15 08 00  30.51   47.78 1024.1            BASRA
1876 02 16 08 00  30.51   47.78 1021.4            BASRA
1876 02 17 08 00  30.51   47.78 1022.8            BASRA
1876 02 18 08 00  30.51   47.78 1014.8            BASRA
1876 02 19 08 00  30.51   47.78 1014.8            BASRA
1876 02 20 08 00  30.51   47.78 1024.1            BASRA
1876 02 21 08 00  30.51   47.78 1022.8            BASRA
1876 02 22 08 00  30.51   47.78 1018.8            BASRA
1876 02 23 08 00  30.51   47.78 1014.8            BASRA
1876 02 24 08 00  30.51   47.78 1013.5            BASRA
1876 02 25 08 00  30.51   47.78 1018.8            BASRA
1876 02 26 08 00  30.51   47.78 1022.8            BASRA
1876 02 27 08 00  30.51   47.78 1021.4            BASRA
1876 02 28 08 00  30.51   47.78 1021.4            BASRA
1876 02 29 08 00  30.51   47.78 1020.1            BASRA
1876 02 01 08 00  38.66  -27.23 1018.8            ANGRA
1876 02 02 08 00  38.66  -27.23 1020.1            ANGRA
1876 02 03 08 00  38.66  -27.23 1021.4            ANGRA
1876 02 04 08 00  38.66  -27.23 1021.4            ANGRA
1876 02 05 08 00  38.66  -27.23 1018.8            ANGRA
1876 02 06 08 00  38.66  -27.23 1010.8            ANGRA
1876 02 07 08 00  38.66  -27.23  994.8            ANGRA
1876 02 08 08 00  38.66  -27.23  990.9            ANGRA
1876 02 09 08 00  38.66  -27.23 1004.2            ANGRA
1876 02 10 08 00  38.66  -27.23 1005.5            ANGRA
1876 02 11 08 00  38.66  -27.23 1017.5            ANGRA
1876 02 12 08 00  38.66  -27.23 1013.5            ANGRA
1876 02 13 08 00  38.66  -27.23 1012.1            ANGRA
1876 02 14 08 00  38.66  -27.23 1008.1            ANGRA
1876 02 15 08 00  38.66  -27.23 1001.5            ANGRA
1876 02 16 08 00  38.66  -27.23   98.4            ANGRA
1876 02 17 08 00  38.66  -27.23  994.8            ANGRA
1876 02 18 08 00  38.66  -27.23 1006.8            ANGRA
1876 02 19 08 00  38.66  -27.23 1002.8            ANGRA
1876 02 20 08 00  38.66  -27.23  996.2            ANGRA
1876 02 21 08 00  38.66  -27.23 1006.8            ANGRA
1876 02 22 08 00  38.66  -27.23 1014.8            ANGRA
1876 02 23 08 00  38.66  -27.23 1002.8            ANGRA
1876 02 24 08 00  38.66  -27.23 1006.8            ANGRA
1876 02 25 08 00  38.66  -27.23 1012.1            ANGRA
1876 02 26 08 00  38.66  -27.23 1010.8            ANGRA
1876 02 27 08 00  38.66  -27.23 1012.1            ANGRA
1876 02 28 08 00  38.66  -27.23 1006.8            ANGRA
1876 02 29 08 00  38.66  -27.23 1010.8            ANGRA
1876 02 01 08 00  38.72   -9.14 1012.1           LISBON
1876 02 02 08 00  38.72   -9.14 1009.5           LISBON
1876 02 03 08 00  38.72   -9.14 1009.5           LISBON
1876 02 04 08 00  38.72   -9.14 1008.1           LISBON
1876 02 05 08 00  38.72   -9.14 1002.8           LISBON
1876 02 06 08 00  38.72   -9.14 1001.5           LISBON
1876 02 07 08 00  38.72   -9.14 1000.2           LISBON
1876 02 08 08 00  38.72   -9.14 1000.2           LISBON
1876 02 09 08 00  38.72   -9.14  993.5           LISBON
1876 02 10 08 00  38.72   -9.14  993.5           LISBON
1876 02 11 08 00  38.72   -9.14  998.8           LISBON
1876 02 12 08 00  38.72   -9.14  996.2           LISBON
1876 02 13 08 00  38.72   -9.14 1006.8           LISBON
1876 02 14 08 00  38.72   -9.14 1008.1           LISBON
1876 02 15 08 00  38.72   -9.14 1012.1           LISBON
1876 02 16 08 00  38.72   -9.14 1014.8           LISBON
1876 02 17 08 00  38.72   -9.14 1010.8           LISBON
1876 02 18 08 00  38.72   -9.14 1004.2           LISBON
1876 02 19 08 00  38.72   -9.14 1010.8           LISBON
1876 02 20 08 00  38.72   -9.14 1013.5           LISBON
1876 02 21 08 00  38.72   -9.14 1013.5           LISBON
1876 02 22 08 00  38.72   -9.14 1014.8           LISBON
1876 02 23 08 00  38.72   -9.14 1016.1           LISBON
1876 02 24 08 00  38.72   -9.14 1010.8           LISBON
1876 02 25 08 00  38.72   -9.14 1004.2           LISBON
1876 02 26 08 00  38.72   -9.14 1010.8           LISBON
1876 02 27 08 00  38.72   -9.14 1013.5           LISBON
1876 02 28 08 00  38.72   -9.14 1014.8           LISBON
1876 02 29 08 00  38.72   -9.14 1012.1           LISBON
1876 02 01 08 00  57.20   -2.20 1015.2         ABERDEEN
1876 02 02 08 00  57.20   -2.20 1006.8         ABERDEEN
1876 02 03 08 00  57.20   -2.20 1005.4         ABERDEEN
1876 02 04 08 00  57.20   -2.20 1004.1         ABERDEEN
1876 02 05 08 00  57.20   -2.20 1016.6         ABERDEEN
1876 02 06 08 00  57.20   -2.20 1019.0         ABERDEEN
1876 02 07 08 00  57.20   -2.20 1021.7         ABERDEEN
1876 02 08 08 00  57.20   -2.20 1021.7         ABERDEEN
1876 02 09 08 00  57.20   -2.20 1019.3         ABERDEEN
1876 02 10 08 00  57.20   -2.20 1013.2         ABERDEEN
1876 02 11 08 00  57.20   -2.20 1015.6         ABERDEEN
1876 02 12 08 00  57.20   -2.20 1006.8         ABERDEEN
1876 02 13 08 00  57.20   -2.20 1011.5         ABERDEEN
1876 02 14 08 00  57.20   -2.20 1007.8         ABERDEEN
1876 02 15 08 00  57.20   -2.20 1002.4         ABERDEEN
1876 02 16 08 00  57.20   -2.20  988.1         ABERDEEN
1876 02 17 08 00  57.20   -2.20  990.9         ABERDEEN
1876 02 18 08 00  57.20   -2.20  994.9         ABERDEEN
1876 02 19 08 00  57.20   -2.20  967.5         ABERDEEN
1876 02 20 08 00  57.20   -2.20  989.2         ABERDEEN
1876 02 21 08 00  57.20   -2.20 1008.5         ABERDEEN
1876 02 22 08 00  57.20   -2.20  990.9         ABERDEEN
1876 02 23 08 00  57.20   -2.20  992.9         ABERDEEN
1876 02 24 08 00  57.20   -2.20 1001.4         ABERDEEN
1876 02 25 08 00  57.20   -2.20 1014.2         ABERDEEN
1876 02 26 08 00  57.20   -2.20 1001.0         ABERDEEN
1876 02 27 08 00  57.20   -2.20  989.8         ABERDEEN
1876 02 28 08 00  57.20   -2.20  989.2         ABERDEEN
1876 02 29 08 00  57.20   -2.20 1006.8         ABERDEEN
1876 02 01 08 00  45.94   -0.96 1029.8        ROCHEFORT
1876 02 02 08 00  45.94   -0.96 1022.7        ROCHEFORT
1876 02 03 08 00  45.94   -0.96 1026.8        ROCHEFORT
1876 02 04 08 00  45.94   -0.96 1028.1        ROCHEFORT
1876 02 05 08 00  45.94   -0.96 1019.6        ROCHEFORT
1876 02 06 08 00  45.94   -0.96 1012.9        ROCHEFORT
1876 02 07 08 00  45.94   -0.96 1010.5        ROCHEFORT
1876 02 08 08 00  45.94   -0.96 1012.5        ROCHEFORT
1876 02 09 08 00  45.94   -0.96 1017.3        ROCHEFORT
1876 02 10 08 00  45.94   -0.96 1009.8        ROCHEFORT
1876 02 11 08 00  45.94   -0.96 1015.2        ROCHEFORT
1876 02 12 08 00  45.94   -0.96 1012.9        ROCHEFORT
1876 02 13 08 00  45.94   -0.96 1009.5        ROCHEFORT
1876 02 14 08 00  45.94   -0.96 1009.1        ROCHEFORT
1876 02 15 08 00  45.94   -0.96 1017.9        ROCHEFORT
1876 02 16 08 00  45.94   -0.96 1015.9        ROCHEFORT
1876 02 17 08 00  45.94   -0.96 1023.0        ROCHEFORT
1876 02 18 08 00  45.94   -0.96 1019.6        ROCHEFORT
1876 02 19 08 00  45.94   -0.96 1008.8        ROCHEFORT
1876 02 20 08 00  45.94   -0.96 1012.9        ROCHEFORT
1876 02 21 08 00  45.94   -0.96 1020.7        ROCHEFORT
1876 02 22 08 00  45.94   -0.96 1023.7        ROCHEFORT
1876 02 23 08 00  45.94   -0.96 1023.4        ROCHEFORT
1876 02 24 08 00  45.94   -0.96 1025.4        ROCHEFORT
1876 02 25 08 00  45.94   -0.96 1025.4        ROCHEFORT
1876 02 26 08 00  45.94   -0.96 1013.2        ROCHEFORT
1876 02 27 08 00  45.94   -0.96 1015.9        ROCHEFORT
1876 02 28 08 00  45.94   -0.96 1014.6        ROCHEFORT
1876 02 29 08 00  45.94   -0.96 1025.1        ROCHEFORT
1876 02 01 08 00  50.38   -4.14 1020.0         PLYMOUTH
1876 02 02 08 00  50.38   -4.14 1023.0         PLYMOUTH
1876 02 03 08 00  50.38   -4.14 1028.4         PLYMOUTH
1876 02 04 08 00  50.38   -4.14 1020.3         PLYMOUTH
1876 02 05 08 00  50.38   -4.14 1018.6         PLYMOUTH
1876 02 06 08 00  50.38   -4.14 1014.9         PLYMOUTH
1876 02 07 08 00  50.38   -4.14 1015.9         PLYMOUTH
1876 02 08 08 00  50.38   -4.14 1016.6         PLYMOUTH
1876 02 09 08 00  50.38   -4.14 1012.2         PLYMOUTH
1876 02 10 08 00  50.38   -4.14 1012.5         PLYMOUTH
1876 02 11 08 00  50.38   -4.14 1008.8         PLYMOUTH
1876 02 12 08 00  50.38   -4.14 1010.8         PLYMOUTH
1876 02 13 08 00  50.38   -4.14 1003.7         PLYMOUTH
1876 02 14 08 00  50.38   -4.14 1003.0         PLYMOUTH
1876 02 15 08 00  50.38   -4.14  997.0         PLYMOUTH
1876 02 16 08 00  50.38   -4.14 1007.8         PLYMOUTH
1876 02 17 08 00  50.38   -4.14 1008.1         PLYMOUTH
1876 02 18 08 00  50.38   -4.14  998.3         PLYMOUTH
1876 02 19 08 00  50.38   -4.14  998.0         PLYMOUTH
1876 02 20 08 00  50.38   -4.14 1001.7         PLYMOUTH
1876 02 21 08 00  50.38   -4.14 1009.8         PLYMOUTH
1876 02 22 08 00  50.38   -4.14 1012.9         PLYMOUTH
1876 02 23 08 00  50.38   -4.14 1011.5         PLYMOUTH
1876 02 24 08 00  50.38   -4.14 1022.0         PLYMOUTH
1876 02 25 08 00  50.38   -4.14 1010.2         PLYMOUTH
1876 02 26 08 00  50.38   -4.14 1002.4         PLYMOUTH
1876 02 27 08 00  50.38   -4.14  999.0         PLYMOUTH
1876 02 28 08 00  50.38   -4.14 1010.8         PLYMOUTH
1876 02 29 08 00  50.38   -4.14 1009.5         PLYMOUTH
1876 02 01 08 00  41.90   12.50 1024.1             ROME
1876 02 02 08 00  41.90   12.50 1022.8             ROME
1876 02 03 08 00  41.90   12.50 1024.1             ROME
1876 02 04 08 00  41.90   12.50 1020.1             ROME
1876 02 05 08 00  41.90   12.50 1001.5             ROME
1876 02 06 08 00  41.90   12.50  998.8             ROME
1876 02 07 08 00  41.90   12.50 1005.5             ROME
1876 02 08 08 00  41.90   12.50 1006.8             ROME
1876 02 09 08 00  41.90   12.50 1012.1             ROME
1876 02 10 08 00  41.90   12.50 1008.1             ROME
1876 02 11 08 00  41.90   12.50 1001.5             ROME
1876 02 12 08 00  41.90   12.50 1009.5             ROME
1876 02 13 08 00  41.90   12.50 1016.1             ROME
1876 02 14 08 00  41.90   12.50 1016.1             ROME
1876 02 15 08 00  41.90   12.50 1020.1             ROME
1876 02 16 08 00  41.90   12.50 1025.4             ROME
1876 02 17 08 00  41.90   12.50 1020.1             ROME
1876 02 18 08 00  41.90   12.50 1017.5             ROME
1876 02 19 08 00  41.90   12.50 1014.8             ROME
1876 02 20 08 00  41.90   12.50 1016.1             ROME
1876 02 21 08 00  41.90   12.50 1021.4             ROME
1876 02 22 08 00  41.90   12.50 1025.4             ROME
1876 02 23 08 00  41.90   12.50 1021.4             ROME
1876 02 24 08 00  41.90   12.50 1009.5             ROME
1876 02 25 08 00  41.90   12.50 1017.5             ROME
1876 02 26 08 00  41.90   12.50 1017.5             ROME
1876 02 27 08 00  41.90   12.50 1014.8             ROME
1876 02 28 08 00  41.90   12.50 1008.1             ROME
1876 02 29 08 00  41.90   12.50 1018.8             ROME
1876 02 01 08 00  48.39   -4.49 1019.7            BREST
1876 02 02 08 00  48.39   -4.49 1022.6            BREST
1876 02 03 08 00  48.39   -4.49 1028.6            BREST
1876 02 04 08 00  48.39   -4.49 1021.2            BREST
1876 02 05 08 00  48.39   -4.49 1016.1            BREST
1876 02 06 08 00  48.39   -4.49 1011.2            BREST
1876 02 07 08 00  48.39   -4.49 1012.0            BREST
1876 02 08 08 00  48.39   -4.49 1013.7            BREST
1876 02 09 08 00  48.39   -4.49 1009.5            BREST
1876 02 10 08 00  48.39   -4.49 1010.4            BREST
1876 02 11 08 00  48.39   -4.49 1008.3            BREST
1876 02 12 08 00  48.39   -4.49 1007.2            BREST
1876 02 13 08 00  48.39   -4.49 1002.8            BREST
1876 02 14 08 00  48.39   -4.49 1005.5            BREST
1876 02 15 08 00  48.39   -4.49 1000.8            BREST
1876 02 16 08 00  48.39   -4.49 1012.8            BREST
1876 02 17 08 00  48.39   -4.49 1012.1            BREST
1876 02 18 08 00  48.39   -4.49 1001.4            BREST
1876 02 19 08 00  48.39   -4.49 1001.9            BREST
1876 02 20 08 00  48.39   -4.49 1004.3            BREST
1876 02 21 08 00  48.39   -4.49 1014.1            BREST
1876 02 22 08 00  48.39   -4.49 1017.5            BREST
1876 02 23 08 00  48.39   -4.49 1016.1            BREST
1876 02 24 08 00  48.39   -4.49 1021.7            BREST
1876 02 25 08 00  48.39   -4.49 1009.9            BREST
1876 02 26 08 00  48.39   -4.49 1005.2            BREST
1876 02 27 08 00  48.39   -4.49 1003.0            BREST
1876 02 28 08 00  48.39   -4.49 1015.6            BREST
1876 02 29 08 00  48.39   -4.49 1013.1            BREST
1876 02 01 08 00  31.20   29.91 1016.1       ALEXANDRIA
1876 02 02 08 00  31.20   29.91 1010.7       ALEXANDRIA
1876 02 03 08 00  31.20   29.91 1008.9       ALEXANDRIA
1876 02 04 08 00  31.20   29.91 1016.7       ALEXANDRIA
1876 02 05 08 00  31.20   29.91 1015.1       ALEXANDRIA
1876 02 06 08 00  31.20   29.91 1017.2       ALEXANDRIA
1876 02 07 08 00  31.20   29.91 1017.1       ALEXANDRIA
1876 02 08 08 00  31.20   29.91 1013.3       ALEXANDRIA
1876 02 09 08 00  31.20   29.91 1004.0       ALEXANDRIA
1876 02 10 08 00  31.20   29.91 1009.6       ALEXANDRIA
1876 02 11 08 00  31.20   29.91 1012.0       ALEXANDRIA
1876 02 12 08 00  31.20   29.91 1011.7       ALEXANDRIA
1876 02 13 08 00  31.20   29.91 1013.6       ALEXANDRIA
1876 02 14 08 00  31.20   29.91 1018.5       ALEXANDRIA
1876 02 15 08 00  31.20   29.91 1015.2       ALEXANDRIA
1876 02 16 08 00  31.20   29.91 1017.2       ALEXANDRIA
1876 02 17 08 00  31.20   29.91 1016.8       ALEXANDRIA
1876 02 18 08 00  31.20   29.91 1013.1       ALEXANDRIA
1876 02 19 08 00  31.20   29.91 1014.4       ALEXANDRIA
1876 02 20 08 00  31.20   29.91 1017.7       ALEXANDRIA
1876 02 21 08 00  31.20   29.91 1017.6       ALEXANDRIA
1876 02 22 08 00  31.20   29.91 1012.4       ALEXANDRIA
1876 02 23 08 00  31.20   29.91 1011.5       ALEXANDRIA
1876 02 24 08 00  31.20   29.91 1016.4       ALEXANDRIA
1876 02 25 08 00  31.20   29.91 1011.5       ALEXANDRIA
1876 02 26 08 00  31.20   29.91 1014.8       ALEXANDRIA
1876 02 27 08 00  31.20   29.91 1018.5       ALEXANDRIA
1876 02 28 08 00  31.20   29.91 1017.6       ALEXANDRIA
1876 02 29 08 00  31.20   29.91 1014.0       ALEXANDRIA
1876 02 01 08 00  45.76    4.84 1027.6            LYONS
1876 02 02 08 00  45.76    4.84 1026.9            LYONS
1876 02 03 08 00  45.76    4.84 1029.2            LYONS
1876 02 04 08 00  45.76    4.84 1020.9            LYONS
1876 02 05 08 00  45.76    4.84 1007.6            LYONS
1876 02 06 08 00  45.76    4.84 1003.4            LYONS
1876 02 07 08 00  45.76    4.84 1003.4            LYONS
1876 02 08 08 00  45.76    4.84 1009.1            LYONS
1876 02 09 08 00  45.76    4.84 1012.7            LYONS
1876 02 10 08 00  45.76    4.84 1008.0            LYONS
1876 02 11 08 00  45.76    4.84 1013.5            LYONS
1876 02 12 08 00  45.76    4.84 1012.8            LYONS
1876 02 13 08 00  45.76    4.84 1011.5            LYONS
1876 02 14 08 00  45.76    4.84 1012.0            LYONS
1876 02 15 08 00  45.76    4.84 1018.4            LYONS
1876 02 16 08 00  45.76    4.84 1023.2            LYONS
1876 02 17 08 00  45.76    4.84 1022.2            LYONS
1876 02 18 08 00  45.76    4.84 1015.7            LYONS
1876 02 19 08 00  45.76    4.84 1010.7            LYONS
1876 02 20 08 00  45.76    4.84 1015.5            LYONS
1876 02 21 08 00  45.76    4.84 1024.2            LYONS
1876 02 22 08 00  45.76    4.84 1023.8            LYONS
1876 02 23 08 00  45.76    4.84 1016.9            LYONS
1876 02 24 08 00  45.76    4.84 1023.4            LYONS
1876 02 25 08 00  45.76    4.84 1019.4            LYONS
1876 02 26 08 00  45.76    4.84 1011.6            LYONS
1876 02 27 08 00  45.76    4.84 1011.6            LYONS
1876 02 28 08 00  45.76    4.84 1022.8            LYONS
1876 02 29 08 00  45.76    4.84 1022.1            LYONS
1876 02 01 08 00  43.12    5.93 1028.4           TOULON
1876 02 02 08 00  43.12    5.93 1025.1           TOULON
1876 02 03 08 00  43.12    5.93 1025.1           TOULON
1876 02 04 08 00  43.12    5.93 1024.4           TOULON
1876 02 05 08 00  43.12    5.93 1012.5           TOULON
1876 02 06 08 00  43.12    5.93 1001.4           TOULON
1876 02 07 08 00  43.12    5.93 1003.7           TOULON
1876 02 08 08 00  43.12    5.93 1007.5           TOULON
1876 02 09 08 00  43.12    5.93 1008.1           TOULON
1876 02 10 08 00  43.12    5.93 1008.8           TOULON
1876 02 11 08 00  43.12    5.93 1005.1           TOULON
1876 02 12 08 00  43.12    5.93 1008.8           TOULON
1876 02 13 08 00  43.12    5.93 1013.5           TOULON
1876 02 14 08 00  43.12    5.93 1015.6           TOULON
1876 02 15 08 00  43.12    5.93 1017.6           TOULON
1876 02 16 08 00  43.12    5.93 1024.7           TOULON
1876 02 17 08 00  43.12    5.93 1023.7           TOULON
1876 02 18 08 00  43.12    5.93 1016.6           TOULON
1876 02 19 08 00  43.12    5.93 1014.9           TOULON
1876 02 20 08 00  43.12    5.93 1014.9           TOULON
1876 02 21 08 00  43.12    5.93 1021.0           TOULON
1876 02 22 08 00  43.12    5.93 1023.7           TOULON
1876 02 23 08 00  43.12    5.93 1023.4           TOULON
1876 02 24 08 00  43.12    5.93 1016.6           TOULON
1876 02 25 08 00  43.12    5.93 1019.3           TOULON
1876 02 26 08 00  43.12    5.93 1017.3           TOULON
1876 02 27 08 00  43.12    5.93 1014.9           TOULON
1876 02 28 08 00  43.12    5.93 1013.9           TOULON
1876 02 29 08 00  43.12    5.93 1020.3           TOULON
1876 02 01 08 00  33.31   44.36 1037.4          BAGHDAD
1876 02 02 08 00  33.31   44.36 1036.1          BAGHDAD
1876 02 03 08 00  33.31   44.36 1033.4          BAGHDAD
1876 02 04 08 00  33.31   44.36 1029.4          BAGHDAD
1876 02 05 08 00  33.31   44.36 1033.4          BAGHDAD
1876 02 06 08 00  33.31   44.36 1033.4          BAGHDAD
1876 02 07 08 00  33.31   44.36 1032.1          BAGHDAD
1876 02 08 08 00  33.31   44.36 1032.1          BAGHDAD
1876 02 09 08 00  33.31   44.36 1033.4          BAGHDAD
1876 02 10 08 00  33.31   44.36 1029.4          BAGHDAD
1876 02 11 08 00  33.31   44.36 1032.1          BAGHDAD
1876 02 12 08 00  33.31   44.36 1025.4          BAGHDAD
1876 02 13 08 00  33.31   44.36 1030.8          BAGHDAD
1876 02 14 08 00  33.31   44.36 1037.4          BAGHDAD
1876 02 15 08 00  33.31   44.36 1036.1          BAGHDAD
1876 02 16 08 00  33.31   44.36 1030.8          BAGHDAD
1876 02 17 08 00  33.31   44.36 1029.4          BAGHDAD
1876 02 18 08 00  33.31   44.36 1022.8          BAGHDAD
1876 02 19 08 00  33.31   44.36 1017.5          BAGHDAD
1876 02 20 08 00  33.31   44.36 1030.8          BAGHDAD
1876 02 21 08 00  33.31   44.36 1036.1          BAGHDAD
1876 02 22 08 00  33.31   44.36 1030.8          BAGHDAD
1876 02 23 08 00  33.31   44.36 1033.4          BAGHDAD
1876 02 24 08 00  33.31   44.36 1025.4          BAGHDAD
1876 02 25 08 00  33.31   44.36 1026.8          BAGHDAD
1876 02 26 08 00  33.31   44.36 1028.1          BAGHDAD
1876 02 27 08 00  33.31   44.36 1029.4          BAGHDAD
1876 02 28 08 00  33.31   44.36 1032.1          BAGHDAD
1876 02 29 08 00  33.31   44.36 1036.1          BAGHDAD
1876 02 01 08 00  58.20   -6.30  998.8        STORNOWAY
1876 02 02 08 00  58.20   -6.30 1004.2        STORNOWAY
1876 02 03 08 00  58.20   -6.30  997.5        STORNOWAY
1876 02 04 08 00  58.20   -6.30 1014.8        STORNOWAY
1876 02 05 08 00  58.20   -6.30 1021.4        STORNOWAY
1876 02 06 08 00  58.20   -6.30 1018.8        STORNOWAY
1876 02 07 08 00  58.20   -6.30 1021.4        STORNOWAY
1876 02 08 08 00  58.20   -6.30 1018.8        STORNOWAY
1876 02 09 08 00  58.20   -6.30 1012.1        STORNOWAY
1876 02 10 08 00  58.20   -6.30 1013.5        STORNOWAY
1876 02 11 08 00  58.20   -6.30 1010.8        STORNOWAY
1876 02 12 08 00  58.20   -6.30 1008.1        STORNOWAY
1876 02 13 08 00  58.20   -6.30 1006.8        STORNOWAY
1876 02 14 08 00  58.20   -6.30 1004.2        STORNOWAY
1876 02 15 08 00  58.20   -6.30  981.5        STORNOWAY
1876 02 16 08 00  58.20   -6.30  981.5        STORNOWAY
1876 02 17 08 00  58.20   -6.30  990.9        STORNOWAY
1876 02 18 08 00  58.20   -6.30  985.5        STORNOWAY
1876 02 19 08 00  58.20   -6.30  976.2        STORNOWAY
1876 02 20 08 00  58.20   -6.30 1001.5        STORNOWAY
1876 02 21 08 00  58.20   -6.30  993.5        STORNOWAY
1876 02 22 08 00  58.20   -6.30  988.2        STORNOWAY
1876 02 23 08 00  58.20   -6.30  996.2        STORNOWAY
1876 02 24 08 00  58.20   -6.30 1009.5        STORNOWAY
1876 02 25 08 00  58.20   -6.30 1005.5        STORNOWAY
1876 02 26 08 00  58.20   -6.30  988.2        STORNOWAY
1876 02 27 08 00  58.20   -6.30  986.9        STORNOWAY
1876 02 28 08 00  58.20   -6.30  998.8        STORNOWAY
1876 02 29 08 00  58.20   -6.30  990.9        STORNOWAY
1876 02 01 08 00  32.67  -16.92 1014.8          FUNCHAL
1876 02 02 08 00  32.67  -16.92 1016.1          FUNCHAL
1876 02 03 08 00  32.67  -16.92 1013.5          FUNCHAL
1876 02 04 08 00  32.67  -16.92 1013.5          FUNCHAL
1876 02 05 08 00  32.67  -16.92 1012.1          FUNCHAL
1876 02 06 08 00  32.67  -16.92 1009.5          FUNCHAL
1876 02 07 08 00  32.67  -16.92 1006.8          FUNCHAL
1876 02 08 08 00  32.67  -16.92 1004.2          FUNCHAL
1876 02 09 08 00  32.67  -16.92 1006.8          FUNCHAL
1876 02 10 08 00  32.67  -16.92 1014.8          FUNCHAL
1876 02 11 08 00  32.67  -16.92 1014.8          FUNCHAL
1876 02 12 08 00  32.67  -16.92 1021.4          FUNCHAL
1876 02 13 08 00  32.67  -16.92 1022.8          FUNCHAL
1876 02 14 08 00  32.67  -16.92 1020.1          FUNCHAL
1876 02 15 08 00  32.67  -16.92 1021.4          FUNCHAL
1876 02 16 08 00  32.67  -16.92 1018.8          FUNCHAL
1876 02 17 08 00  32.67  -16.92 1013.5          FUNCHAL
1876 02 18 08 00  32.67  -16.92 1017.5          FUNCHAL
1876 02 19 08 00  32.67  -16.92 1020.1          FUNCHAL
1876 02 20 08 00  32.67  -16.92 1020.1          FUNCHAL
1876 02 21 08 00  32.67  -16.92 1020.1          FUNCHAL
1876 02 22 08 00  32.67  -16.92 1021.4          FUNCHAL
1876 02 23 08 00  32.67  -16.92 1021.4          FUNCHAL
1876 02 24 08 00  32.67  -16.92 1018.8          FUNCHAL
1876 02 25 08 00  32.67  -16.92 1018.8          FUNCHAL
1876 02 26 08 00  32.67  -16.92 1021.4          FUNCHAL
1876 02 27 08 00  32.67  -16.92 1022.8          FUNCHAL
1876 02 28 08 00  32.67  -16.92 1021.4          FUNCHAL
1876 02 29 08 00  32.67  -16.92 1020.1          FUNCHAL
1876 02 01 08 00  33.89   35.50 1020.2           BEIRUT
1876 02 02 08 00  33.89   35.50 1013.1           BEIRUT
1876 02 03 08 00  33.89   35.50 1009.6           BEIRUT
1876 02 04 08 00  33.89   35.50 1015.9           BEIRUT
1876 02 05 08 00  33.89   35.50 1016.1           BEIRUT
1876 02 06 08 00  33.89   35.50 1019.3           BEIRUT
1876 02 07 08 00  33.89   35.50 1019.3           BEIRUT
1876 02 08 08 00  33.89   35.50 1016.5           BEIRUT
1876 02 09 08 00  33.89   35.50 1010.0           BEIRUT
1876 02 10 08 00  33.89   35.50 1007.5           BEIRUT
1876 02 11 08 00  33.89   35.50 1008.7           BEIRUT
1876 02 12 08 00  33.89   35.50 1013.6           BEIRUT
1876 02 13 08 00  33.89   35.50 1015.9           BEIRUT
1876 02 14 08 00  33.89   35.50 1021.4           BEIRUT
1876 02 15 08 00  33.89   35.50 1017.7           BEIRUT
1876 02 16 08 00  33.89   35.50 1017.1           BEIRUT
1876 02 17 08 00  33.89   35.50 1015.5           BEIRUT
1876 02 18 08 00  33.89   35.50 1008.4           BEIRUT
1876 02 19 08 00  33.89   35.50 1011.3           BEIRUT
1876 02 20 08 00  33.89   35.50 1019.6           BEIRUT
1876 02 21 08 00  33.89   35.50 1020.1           BEIRUT
1876 02 22 08 00  33.89   35.50 1012.8           BEIRUT
1876 02 23 08 00  33.89   35.50 1009.5           BEIRUT
1876 02 24 08 00  33.89   35.50 1015.7           BEIRUT
1876 02 25 08 00  33.89   35.50 1016.9           BEIRUT
1876 02 26 08 00  33.89   35.50 1010.1           BEIRUT
1876 02 27 08 00  33.89   35.50 1017.5           BEIRUT
1876 02 28 08 00  33.89   35.50 1018.6           BEIRUT
1876 02 29 08 00  33.89   35.50 1016.7           BEIRUT
