1864 07 01 08 00  57.20   -2.20 1007.8         ABERDEEN
1864 07 02 08 00  57.20   -2.20 1000.7         ABERDEEN
1864 07 04 08 00  57.20   -2.20 1010.2         ABERDEEN
1864 07 05 08 00  57.20   -2.20 1010.2         ABERDEEN
1864 07 06 08 00  57.20   -2.20 1020.7         ABERDEEN
1864 07 07 08 00  57.20   -2.20 1022.0         ABERDEEN
1864 07 08 08 00  57.20   -2.20 1023.0         ABERDEEN
1864 07 09 08 00  57.20   -2.20 1022.7         ABERDEEN
1864 07 11 08 00  57.20   -2.20 1027.1         ABERDEEN
1864 07 12 08 00  57.20   -2.20 1025.1         ABERDEEN
1864 07 13 08 00  57.20   -2.20 1021.3         ABERDEEN
1864 07 14 08 00  57.20   -2.20 1020.0         ABERDEEN
1864 07 15 08 00  57.20   -2.20 1021.0         ABERDEEN
1864 07 16 08 00  57.20   -2.20 1019.6         ABERDEEN
1864 07 18 08 00  57.20   -2.20 1019.0         ABERDEEN
1864 07 19 08 00  57.20   -2.20 1017.6         ABERDEEN
1864 07 20 08 00  57.20   -2.20 1013.9         ABERDEEN
1864 07 21 08 00  57.20   -2.20 1005.4         ABERDEEN
1864 07 22 08 00  57.20   -2.20 1002.7         ABERDEEN
1864 07 23 08 00  57.20   -2.20 1008.5         ABERDEEN
1864 07 25 08 00  57.20   -2.20  999.0         ABERDEEN
1864 07 26 08 00  57.20   -2.20 1003.7         ABERDEEN
1864 07 27 08 00  57.20   -2.20 1011.9         ABERDEEN
1864 07 28 08 00  57.20   -2.20 1004.1         ABERDEEN
1864 07 29 08 00  57.20   -2.20 1009.1         ABERDEEN
1864 07 30 08 00  57.20   -2.20 1008.8         ABERDEEN
1864 07 01 08 00  53.27   -9.06 1015.2           GALWAY
1864 07 02 08 00  53.27   -9.06 1002.4           GALWAY
1864 07 04 08 00  53.27   -9.06 1015.9           GALWAY
1864 07 05 08 00  53.27   -9.06 1023.0           GALWAY
1864 07 06 08 00  53.27   -9.06 1024.4           GALWAY
1864 07 07 08 00  53.27   -9.06 1026.4           GALWAY
1864 07 08 08 00  53.27   -9.06 1025.7           GALWAY
1864 07 09 08 00  53.27   -9.06 1023.0           GALWAY
1864 07 11 08 00  53.27   -9.06 1022.7           GALWAY
1864 07 12 08 00  53.27   -9.06 1022.0           GALWAY
1864 07 13 08 00  53.27   -9.06 1020.3           GALWAY
1864 07 14 08 00  53.27   -9.06 1020.3           GALWAY
1864 07 15 08 00  53.27   -9.06 1020.3           GALWAY
1864 07 16 08 00  53.27   -9.06 1021.3           GALWAY
1864 07 18 08 00  53.27   -9.06 1023.4           GALWAY
1864 07 19 08 00  53.27   -9.06 1021.7           GALWAY
1864 07 20 08 00  53.27   -9.06 1017.9           GALWAY
1864 07 21 08 00  53.27   -9.06 1006.1           GALWAY
1864 07 22 08 00  53.27   -9.06 1006.4           GALWAY
1864 07 23 08 00  53.27   -9.06 1015.2           GALWAY
1864 07 25 08 00  53.27   -9.06 1005.1           GALWAY
1864 07 26 08 00  53.27   -9.06 1011.9           GALWAY
1864 07 27 08 00  53.27   -9.06 1010.8           GALWAY
1864 07 28 08 00  53.27   -9.06 1003.0           GALWAY
1864 07 29 08 00  53.27   -9.06 1013.9           GALWAY
1864 07 30 08 00  53.27   -9.06 1016.6           GALWAY
1864 07 01 08 00  45.94   -0.96 1021.3        ROCHEFORT
1864 07 02 08 00  45.94   -0.96 1015.9        ROCHEFORT
1864 07 04 08 00  45.94   -0.96 1020.0        ROCHEFORT
1864 07 05 08 00  45.94   -0.96 1021.3        ROCHEFORT
1864 07 06 08 00  45.94   -0.96 1018.6        ROCHEFORT
1864 07 07 08 00  45.94   -0.96 1018.6        ROCHEFORT
1864 07 08 08 00  45.94   -0.96 1017.3        ROCHEFORT
1864 07 09 08 00  45.94   -0.96 1011.9        ROCHEFORT
1864 07 11 08 00  45.94   -0.96 1014.6        ROCHEFORT
1864 07 12 08 00  45.94   -0.96 1014.6        ROCHEFORT
1864 07 13 08 00  45.94   -0.96 1011.9        ROCHEFORT
1864 07 14 08 00  45.94   -0.96 1015.9        ROCHEFORT
1864 07 15 08 00  45.94   -0.96 1015.9        ROCHEFORT
1864 07 16 08 00  45.94   -0.96 1015.9        ROCHEFORT
1864 07 18 08 00  45.94   -0.96 1021.3        ROCHEFORT
1864 07 19 08 00  45.94   -0.96 1021.3        ROCHEFORT
1864 07 20 08 00  45.94   -0.96 1021.3        ROCHEFORT
1864 07 21 08 00  45.94   -0.96 1015.9        ROCHEFORT
1864 07 22 08 00  45.94   -0.96 1018.6        ROCHEFORT
1864 07 23 08 00  45.94   -0.96 1021.3        ROCHEFORT
1864 07 25 08 00  45.94   -0.96 1015.9        ROCHEFORT
1864 07 26 08 00  45.94   -0.96 1015.9        ROCHEFORT
1864 07 27 08 00  45.94   -0.96 1015.9        ROCHEFORT
1864 07 29 08 00  45.94   -0.96 1020.0        ROCHEFORT
1864 07 30 08 00  45.94   -0.96 1025.4        ROCHEFORT
1864 07 01 08 00  50.38   -4.14 1018.3         PLYMOUTH
1864 07 02 08 00  50.38   -4.14 1012.2         PLYMOUTH
1864 07 04 08 00  50.38   -4.14 1019.0         PLYMOUTH
1864 07 05 08 00  50.38   -4.14 1021.3         PLYMOUTH
1864 07 06 08 00  50.38   -4.14 1023.0         PLYMOUTH
1864 07 07 08 00  50.38   -4.14 1022.7         PLYMOUTH
1864 07 08 08 00  50.38   -4.14 1022.0         PLYMOUTH
1864 07 09 08 00  50.38   -4.14 1019.6         PLYMOUTH
1864 07 11 08 00  50.38   -4.14 1015.9         PLYMOUTH
1864 07 12 08 00  50.38   -4.14 1018.6         PLYMOUTH
1864 07 13 08 00  50.38   -4.14 1017.6         PLYMOUTH
1864 07 14 08 00  50.38   -4.14 1020.0         PLYMOUTH
1864 07 15 08 00  50.38   -4.14 1019.3         PLYMOUTH
1864 07 16 08 00  50.38   -4.14 1019.0         PLYMOUTH
1864 07 18 08 00  50.38   -4.14 1020.3         PLYMOUTH
1864 07 19 08 00  50.38   -4.14 1021.0         PLYMOUTH
1864 07 20 08 00  50.38   -4.14 1021.7         PLYMOUTH
1864 07 21 08 00  50.38   -4.14 1015.6         PLYMOUTH
1864 07 22 08 00  50.38   -4.14 1013.5         PLYMOUTH
1864 07 23 08 00  50.38   -4.14 1018.3         PLYMOUTH
1864 07 25 08 00  50.38   -4.14 1010.8         PLYMOUTH
1864 07 26 08 00  50.38   -4.14 1011.5         PLYMOUTH
1864 07 27 08 00  50.38   -4.14 1016.3         PLYMOUTH
1864 07 28 08 00  50.38   -4.14 1010.5         PLYMOUTH
1864 07 29 08 00  50.38   -4.14 1019.0         PLYMOUTH
1864 07 30 08 00  50.38   -4.14 1022.4         PLYMOUTH
1864 07 01 08 00  48.39   -4.49 1021.3            BREST
1864 07 02 08 00  48.39   -4.49 1015.9            BREST
1864 07 04 08 00  48.39   -4.49 1021.3            BREST
1864 07 05 08 00  48.39   -4.49 1024.0            BREST
1864 07 06 08 00  48.39   -4.49 1024.0            BREST
1864 07 07 08 00  48.39   -4.49 1024.0            BREST
1864 07 08 08 00  48.39   -4.49 1021.3            BREST
1864 07 09 08 00  48.39   -4.49 1017.3            BREST
1864 07 11 08 00  48.39   -4.49 1014.6            BREST
1864 07 12 08 00  48.39   -4.49 1017.3            BREST
1864 07 13 08 00  48.39   -4.49 1014.6            BREST
1864 07 14 08 00  48.39   -4.49 1018.6            BREST
1864 07 15 08 00  48.39   -4.49 1018.6            BREST
1864 07 16 08 00  48.39   -4.49 1017.3            BREST
1864 07 18 08 00  48.39   -4.49 1021.3            BREST
1864 07 19 08 00  48.39   -4.49 1024.0            BREST
1864 07 20 08 00  48.39   -4.49 1022.7            BREST
1864 07 21 08 00  48.39   -4.49 1017.3            BREST
1864 07 22 08 00  48.39   -4.49 1018.6            BREST
1864 07 23 08 00  48.39   -4.49 1021.3            BREST
1864 07 25 08 00  48.39   -4.49 1014.6            BREST
1864 07 26 08 00  48.39   -4.49 1014.6            BREST
1864 07 27 08 00  48.39   -4.49 1017.3            BREST
1864 07 28 08 00  48.39   -4.49 1013.2            BREST
1864 07 29 08 00  48.39   -4.49 1021.3            BREST
1864 07 30 08 00  48.39   -4.49 1025.4            BREST
1864 07 01 08 00  55.20   -6.99 1012.9      GREENCASTLE
1864 07 02 08 00  55.20   -6.99  999.7      GREENCASTLE
1864 07 04 08 00  55.20   -6.99 1011.9      GREENCASTLE
1864 07 05 08 00  55.20   -6.99 1018.6      GREENCASTLE
1864 07 06 08 00  55.20   -6.99 1023.7      GREENCASTLE
1864 07 07 08 00  55.20   -6.99 1025.4      GREENCASTLE
1864 07 08 08 00  55.20   -6.99 1025.1      GREENCASTLE
1864 07 09 08 00  55.20   -6.99 1023.0      GREENCASTLE
1864 07 11 08 00  55.20   -6.99 1024.4      GREENCASTLE
1864 07 12 08 00  55.20   -6.99 1022.7      GREENCASTLE
1864 07 13 08 00  55.20   -6.99 1020.7      GREENCASTLE
1864 07 14 08 00  55.20   -6.99 1021.0      GREENCASTLE
1864 07 15 08 00  55.20   -6.99 1020.7      GREENCASTLE
1864 07 16 08 00  55.20   -6.99 1020.7      GREENCASTLE
1864 07 19 08 00  55.20   -6.99 1019.6      GREENCASTLE
1864 07 20 08 00  55.20   -6.99 1016.3      GREENCASTLE
1864 07 21 08 00  55.20   -6.99 1004.4      GREENCASTLE
1864 07 22 08 00  55.20   -6.99 1001.7      GREENCASTLE
1864 07 23 08 00  55.20   -6.99 1011.5      GREENCASTLE
1864 07 25 08 00  55.20   -6.99 1002.4      GREENCASTLE
1864 07 26 08 00  55.20   -6.99 1008.5      GREENCASTLE
1864 07 27 08 00  55.20   -6.99 1010.5      GREENCASTLE
1864 07 28 08 00  55.20   -6.99 1001.4      GREENCASTLE
1864 07 29 08 00  55.20   -6.99 1012.2      GREENCASTLE
1864 07 30 08 00  55.20   -6.99 1013.9      GREENCASTLE
