1861 06 01 08 00  57.20   -2.20 1007.5         ABERDEEN
1861 06 03 08 00  57.20   -2.20 1019.3         ABERDEEN
1861 06 04 08 00  57.20   -2.20 1019.0         ABERDEEN
1861 06 05 08 00  57.20   -2.20 1017.3         ABERDEEN
1861 06 06 08 00  57.20   -2.20 1022.0         ABERDEEN
1861 06 07 08 00  57.20   -2.20 1020.3         ABERDEEN
1861 06 08 08 00  57.20   -2.20 1017.3         ABERDEEN
1861 06 10 08 00  57.20   -2.20 1008.8         ABERDEEN
1861 06 11 08 00  57.20   -2.20 1010.5         ABERDEEN
1861 06 12 08 00  57.20   -2.20 1006.8         ABERDEEN
1861 06 13 08 00  57.20   -2.20 1019.0         ABERDEEN
1861 06 14 08 00  57.20   -2.20 1024.4         ABERDEEN
1861 06 15 08 00  57.20   -2.20 1024.4         ABERDEEN
1861 06 17 08 00  57.20   -2.20 1022.4         ABERDEEN
1861 06 18 08 00  57.20   -2.20 1020.7         ABERDEEN
1861 06 19 08 00  57.20   -2.20 1019.3         ABERDEEN
1861 06 20 08 00  57.20   -2.20 1013.9         ABERDEEN
1861 06 21 08 00  57.20   -2.20 1014.6         ABERDEEN
1861 06 22 08 00  57.20   -2.20 1013.9         ABERDEEN
1861 06 24 08 00  57.20   -2.20 1004.1         ABERDEEN
1861 06 25 08 00  57.20   -2.20 1005.4         ABERDEEN
1861 06 26 08 00  57.20   -2.20 1003.4         ABERDEEN
1861 06 27 08 00  57.20   -2.20 1008.5         ABERDEEN
1861 06 28 08 00  57.20   -2.20 1008.5         ABERDEEN
1861 06 29 08 00  57.20   -2.20 1004.7         ABERDEEN
1861 06 01 08 00  53.27   -9.06 1015.6           GALWAY
1861 06 03 08 00  53.27   -9.06 1025.1           GALWAY
1861 06 04 08 00  53.27   -9.06 1024.0           GALWAY
1861 06 05 08 00  53.27   -9.06 1019.3           GALWAY
1861 06 06 08 00  53.27   -9.06 1026.4           GALWAY
1861 06 07 08 00  53.27   -9.06 1022.0           GALWAY
1861 06 08 08 00  53.27   -9.06 1017.9           GALWAY
1861 06 10 08 00  53.27   -9.06 1010.2           GALWAY
1861 06 11 08 00  53.27   -9.06 1008.8           GALWAY
1861 06 12 08 00  53.27   -9.06 1009.8           GALWAY
1861 06 13 08 00  53.27   -9.06 1014.9           GALWAY
1861 06 14 08 00  53.27   -9.06 1016.6           GALWAY
1861 06 15 08 00  53.27   -9.06 1015.9           GALWAY
1861 06 17 08 00  53.27   -9.06 1016.6           GALWAY
1861 06 18 08 00  53.27   -9.06 1015.9           GALWAY
1861 06 19 08 00  53.27   -9.06 1015.9           GALWAY
1861 06 20 08 00  53.27   -9.06 1011.9           GALWAY
1861 06 21 08 00  53.27   -9.06 1012.9           GALWAY
1861 06 22 08 00  53.27   -9.06 1011.9           GALWAY
1861 06 24 08 00  53.27   -9.06 1009.8           GALWAY
1861 06 25 08 00  53.27   -9.06  999.3           GALWAY
1861 06 26 08 00  53.27   -9.06 1001.0           GALWAY
1861 06 27 08 00  53.27   -9.06 1013.5           GALWAY
1861 06 28 08 00  53.27   -9.06 1013.2           GALWAY
1861 06 29 08 00  53.27   -9.06 1016.9           GALWAY
1861 06 01 08 00  50.38   -4.14 1014.2         PLYMOUTH
1861 06 03 08 00  50.38   -4.14 1018.3         PLYMOUTH
1861 06 04 08 00  50.38   -4.14 1020.0         PLYMOUTH
1861 06 05 08 00  50.38   -4.14 1016.6         PLYMOUTH
1861 06 06 08 00  50.38   -4.14 1016.9         PLYMOUTH
1861 06 07 08 00  50.38   -4.14 1014.9         PLYMOUTH
1861 06 08 08 00  50.38   -4.14 1012.9         PLYMOUTH
1861 06 10 08 00  50.38   -4.14 1009.8         PLYMOUTH
1861 06 11 08 00  50.38   -4.14 1017.9         PLYMOUTH
1861 06 12 08 00  50.38   -4.14 1018.6         PLYMOUTH
1861 06 13 08 00  50.38   -4.14 1020.3         PLYMOUTH
1861 06 14 08 00  50.38   -4.14 1013.5         PLYMOUTH
1861 06 15 08 00  50.38   -4.14 1011.9         PLYMOUTH
1861 06 17 08 00  50.38   -4.14 1015.2         PLYMOUTH
1861 06 18 08 00  50.38   -4.14 1017.9         PLYMOUTH
1861 06 19 08 00  50.38   -4.14 1016.3         PLYMOUTH
1861 06 20 08 00  50.38   -4.14 1011.2         PLYMOUTH
1861 06 21 08 00  50.38   -4.14 1012.9         PLYMOUTH
1861 06 22 08 00  50.38   -4.14 1011.2         PLYMOUTH
1861 06 24 08 00  50.38   -4.14 1011.2         PLYMOUTH
1861 06 25 08 00  50.38   -4.14 1005.1         PLYMOUTH
1861 06 26 08 00  50.38   -4.14 1002.7         PLYMOUTH
1861 06 27 08 00  50.38   -4.14 1009.1         PLYMOUTH
1861 06 28 08 00  50.38   -4.14 1014.6         PLYMOUTH
1861 06 29 08 00  50.38   -4.14 1011.9         PLYMOUTH
