01 30449 30446 30445 30437 30433 30424 30426 30418 30420 30415 30413 30400 30391 30373 30367 30362 30359 30361 30362 30354 30348 30345 30343 30332
02 30327 30316 30308 30308 30302 30305 30305 30310 30315 30315 30314 30308 30305 30291 30293 30294 30287 30299 30294 30296 30294 30304 30307 30305
03 30296 30298 30291 30288 30285 30292 30295 30306 30311 30319 30324 30325 30315 30310 30303 30298 30307 30309 30315 30321 30322 30318 30319 30319
04 30317 30314 30315 30308 30299 30301 30294 30296 30310 30319 30328 30325 30317 30309 30309 30306 30308 30315 30317 30313 30305 30296 30302 30302
05 30305 30301 30301 30287 30288 30287 30281 30288 30294 30306 30312 30306 30294 30286 30284 30275 30277 30283 30282 30274 30271 30268 30267 30267
06 30263 30255 30250 30238 30233 30229 30229 30236 30234 30233 30220 30211 30198 30189 30175 30179 30190 30201 30210 30211 30225 30232 30236 30247
07 30245 30256 30258 30249 30252 30260 30265 30274 30285 30289 30297 30304 30304 30299 30300 30306 30315 30319 30328 30339 30341 30355 30361 30363
08 30364 30356 30354 30349 30349 30342 30346 30352 30356 30352 30343 30334 30324 30301 30288 30269 30258 30257 30245 30221 30214 30210 30201 30176
09 30160 30148 30125 30099 30087 30061 30042 30026 30017 29995 29987 29965 29943 29909 29883 29870 29859 29849 29838 29820 29812 29798 29789 29771
10 29760 29745 29727 29714 29709 29697 29695 29713 29709 29707 29715 29713 29705 29698 29696 29701 29702 29703 29709 29707 29707 29721 29721 29734
11 29735 29731 29732 29729 29729 29731 29732 29738 29745 29749 29765 29768 29765 29762 29770 29767 29781 29800 29814 29816 29823 29833 29844 29852
12 29854 29855 29857 29859 29857 29873 29876 29884 29887 29894 29899 29876 29879 29873 29865 29856 29847 29834 29819 29800 29776 29750 29721 29683
13 29647 29606 29567 29535 29506 29473 29447 29435 29434 29439 29458 29481 29488 29499 29512 29525 29544 29560 29579 29584 29597 29600 29609 29607
14 29613 29602 29600 29597 29589 29587 29588 29596 29602 29608 29610 29617 29614 29595 29587 29588 29584 29581 29582 29576 29569 29577 29593 29600
15 29593 29595 29588 29598 29593 29582 29576 29561 29542 29513 29503 29493 29489 29500 29500 29507 29529 29565 29592 29616 29641 29668 29694 29707
16 29711 29696 29685 29693 29657 29642 29597 29585 29585 29614 29637 29646 29641 29658 29663 29659 29651 29665 29659 29663 29672 29677 29669 29668
17 29661 29654 29650 29633 29601 29604 29603 29589 29574 29552 29541 29511 29464 29447 29428 29413 29417 29475 29504 29513 29521 29540 29553 29556
18 29563 29559 29547 29538 29551 29560 29579 29598 29623 29666 29697 29735 29764 29786 29823 29861 29892 29932 29967 29986 30001 30032 30057 30058
19 30057 30064 30060 30055 30057 30050 30048 30042 30018 30004 29986 29967 29925 29887 29849 29818 29787 29762 29748 29715 29698 29674 29658 29655
20 29636 29617 29612 29617 29623 29635 29667 29710 29742 29779 29816 29859 29888 29922 29963 29992 30045 30106 30104 30150 30168 30187 30201 30220
21 30229 30223 30220 30232 30244 30256 30275 30294 30302 30319 30345 30347 30349 30347 30350 30352 30369 30378 30395 30402 30398 30400 30403 30401
22 30393 30386 30375 30366 30359 30357 30355 30369 30371 30367 30364 30349 30341 30322 30314 30298 30295 30293 30292 30289 30288 30265 30255 30234
23 30221 30206 30188 30168 30156 30153 30140 30141 30140 30128 30124 30116 30099 30083 30068 30063 30065 30075 30081 30084 30079 30081 30076 30076
24 30069 30059 30043 30030 30018 30014 30008 30017 30013 30005 30000 29988 29972 29950 29937 29926 29921 29925 29923 29920 29918 29924 29920 29935
25 29926 29924 29913 29904 29895 29895 29887 29887 29894 29886 29884 29882 29867 29842 29836 29825 29832 29833 29833 29836 29837 29826 29826 29827
26 29827 29816 29808 29792 29781 29768 29767 29766 29762 29757 29747 29724 29702 29674 29660 29621 29585 29569 29562 29547 29543 29540 29524 29516
27 29492 29476 29460 29427 29405 29370 29359 29334 29321 29310 29313 29299 29274 29259 29246 29242 29254 29284 29313 29324 29349 29368 29395 29436
28 29445 29441 29454 29460 29452 29438 29419 29393 29368 29339 29322 29289 29284 29330 29336 29361 29379 29420 29423 29426 29417 29412 29403 29370
