01 29731 29740 29748 29767 29784 29812 29832 29854 29872 29892 29904 29915 29928 29946 29960 29980 29991 30004 30018 30030 30042 30052 30060 30060
02 30069 30067 30067 30072 30074 30073 30081 30066 30075 30066 30065 30046 30027 30004 29979 29966 29948 29933 29931 29925 29920 29903 29901 29884
03 29869 29858 29837 29826 29833 29836 29826 29830 29840 29847 29834 29839 29849 29848 29847 29856 29875 29889 29919 29927 29939 29942 29968 29969
04 29972 29971 29975 29978 29987 29999 30015 30024 30029 30029 30028 30028 30019 30015 30014 30021 30021 30023 30033 30037 30037 30037 30041 30039
05 30031 30023 30010 30006 29998 30004 29999 29998 29999 29994 29986 29978 29971 29951 29944 29933 29925 29914 29906 29898 29895 29885 29874 29860
06 29851 29840 29834 29838 29843 29851 29855 29851 29856 29858 29854 29840 29841 29832 29833 29838 29861 29874 29887 29894 29899 29906 29906 29908
07 29916 29911 29919 29948 29954 29973 29987 30001 30013 30014 30023 30025 30028 30028 30036 30040 30036 30036 30043 30048 30048 30048 30045 30039
08 30023 30014 30010 29999 29997 29994 29989 29981 29968 29959 29944 29929 29908 29892 29877 29861 29849 29842 29839 29827 29821 29804 29786 29774
09 29748 29724 29713 29692 29672 29664 29656 29654 29659 29699 29736 29754 29785 29808 29830 29861 29887 29908 29943 29954 29961 29973 29978 29989
10 29999 30009 30006 30006 30014 30019 30028 30031 30034 30041 30043 30043 30044 30039 30036 30024 30028 30034 30046 30044 30043 30033 30011 30009
11 29988 29986 29977 29967 29969 29978 29979 29984 29977 29966 29966 29958 29956 29935 29919 29910 29906 29911 29905 29904 29880 29867 29845 29832
12 29798 29775 29744 29764 29793 29811 29823 29861 29886 29908 29922 29932 29942 29952 29952 29962 29965 29980 29982 29980 29974 29976 29958 29947
13 29931 29932 29905 29890 29869 29866 29851 29855 29852 29842 29836 29814 29795 29762 29750 29732 29721 29702 29683 29668 29636 29586 29572 29534
14 29513 29519 29540 29546 29574 29603 29626 29654 29681 29693 29714 29721 29728 29729 29728 29719 29706 29705 29701 29689 29672 29656 29622 29595
15 29533 29504 29441 29377 29333 29288 29232 29189 29134 29068 29012 28915 28859 28800 28826 28829 28825 28816 28801 28767 28743 28717 28673 28657
16 28692 28730 28751 28801 28833 28887 28913 28940 28996 29015 29071 29114 29144 29184 29233 29256 29282 29312 29351 29395 29407 29426 29440 29436
17 29458 29427 29379 29330 29292 29280 29297 29318 29325 29335 29350 29346 29350 29341 29325 29304 29288 29276 29263 29253 29214 29202 29190 29166
18 29148 29147 29153 29166 29170 29193 29202 29206 29208 29215 29229 29222 29218 29215 29219 29218 29229 29229 29236 29238 29239 29234 29230 29227
19 29224 29228 29238 29240 29260 29283 29295 29304 29310 29319 29325 29327 29333 29338 29348 29365 29374 29389 29413 29426 29442 29465 29495 29544
20 29579 29613 29644 29677 29699 29727 29765 29781 29806 29830 29850 29856 29873 29884 29890 29894 29908 29911 29911 29908 29900 29900 29895 29904
21 29909 29914 29914 29924 29932 29942 29950 29957 29971 29978 29970 29969 29959 29952 29941 29935 29930 29915 29900 29887 29873 29860 29841 29817
22 29794 29774 29737 29710 29692 29690 29677 29659 29651 29636 29618 29598 29572 29555 29523 29505 29490 29485 29471 29460 29446 29437 29436 29435
23 29427 29420 29420 29417 29410 29404 29392 29383 29379 29373 29361 29371 29371 29380 29383 29404 29427 29452 29470 29487 29503 29521 29531 29540
24 29544 29545 29558 29577 29594 29610 29615 29619 29627 29636 29634 29638 29633 29623 29622 29610 29603 29594 29593 29571 29546 29525 29491 29465
25 29438 29403 29363 29343 29318 29298 29283 29265 29260 29258 29266 29275 29272 29279 29297 29327 29358 29374 29403 29420 29445 29465 29489 29499
26 29511 29519 29527 29533 29544 29560 29572 29575 29575 29580 29591 29589 29589 29599 29605 29602 29612 29619 29628 29634 29639 29643 29642 29635
27 29640 29647 29647 29638 29647 29662 29663 29676 29700 29721 29722 29748 29762 29786 29794 29820 29844 29848 29862 29887 29883 29890 29887 29897
28 29895 29890 29893 29885 29885 29897 29903 29917 29918 29910 29910 29910 29901 29915 29913 29919 29923 29934 29946 29953 29964 29969 29973 29974
29 29977 29970 29963 29967 29970 29973 29976 29981 29987 29983 29986 29982 29969 29959 29944 29931 29920 29918 29916 29896 29881 29868 29849 29823
30 29796 29772 29746 29716 29697 29689 29680 29676 29678 29681 29690 29698 29703 29715 29721 29736 29761 29783 29798 29814 29829 29841 29850 29859
