01 29718 29730 29734 29746 29749 29756 29788 29817 29844 29861 29882 29899 29913 29922 29933 29936 29955 29973 29990 30002 30015 30016 30024 30031
02 30024 30024 30022 30011 30004 30011 30015 30009 30002 29997 29988 29988 29964 29949 29940 29923 29916 29907 29900 29888 29880 29877 29878 29868
03 29865 29869 29856 29853 29853 29859 29867 29873 29881 29882 29877 29882 29868 29855 29842 29839 29835 29835 29840 29843 29844 29843 29839 29834
04 29825 29814 29793 29771 29770 29765 29764 29759 29750 29736 29740 29734 29733 29724 29722 29721 29732 29743 29757 29766 29768 29770 29766 29758
05 29753 29745 29737 29731 29722 29718 29713 29715 29698 29688 29692 29674 29651 29630 29601 29585 29570 29558 29561 29553 29539 29523 29502 29489
06 29469 29447 29409 29377 29364 29353 29336 29328 29323 29313 29304 29289 29278 29270 29261 29245 29238 29240 29236 29231 29219 29197 29185 29167
07 29153 29131 29109 29078 29068 29040 29034 29027 29011 29005 29011 29002 29004 28989 28980 28962 28930 28895 28841 28797 28770 28726 28661 28598
08 28526 28485 28494 28542 28563 28574 28600 28635 28660 28677 28724 28750 28768 28781 28805 28840 28873 28913 28958 28993 29019 29040 29061 29071
09 29077 29078 29060 29040 28997 28964 28932 28899 28888 28878 28855 28838 28806 28797 28776 28767 28747 28721 28700 28679 28656 28638 28602 28559
10 28511 28465 28418 28403 28399 28417 28468 28527 28593 28644 28698 28750 28807 28839 28877 28911 28969 29016 29068 29122 29161 29203 29228 29257
11 29305 29333 29366 29403 29434 29469 29500 29535 29572 29606 29630 29657 29676 29702 29728 29755 29782 29808 29828 29838 29852 29861 29884 29905
12 29917 29926 29934 29937 29945 29955 29977 29979 29967 29956 29961 29957 29952 29944 29931 29925 29923 29914 29897 29873 29867 29854 29846 29837
13 29831 29812 29808 29804 29795 29791 29790 29801 29792 29775 29767 29759 29751 29730 29722 29709 29693 29680 29678 29678 29684 29674 29671 29663
14 29659 29661 29650 29650 29649 29656 29664 29669 29677 29666 29664 29665 29652 29638 29638 29621 29630 29642 29646 29639 29630 29637 29648 29650
15 29659 29654 29657 29682 29713 29731 29742 29763 29772 29785 29793 29790 29792 29797 29802 29801 29813 29822 29832 29838 29838 29835 29831 29825
16 29828 29823 29815 29814 29803 29809 29815 29813 29812 29807 29799 29781 29780 29764 29752 29748 29744 29739 29734 29721 29717 29710 29714 29713
17 29697 29684 29683 29669 29658 29651 29656 29665 29668 29665 29671 29670 29664 29650 29649 29636 29646 29653 29668 29672 29684 29680 29673 29673
18 29665 29652 29636 29628 29622 29615 29616 29627 29622 29625 29615 29614 29597 29577 29579 29579 29578 29578 29576 29570 29567 29566 29559 29547
19 29533 29515 29503 29496 29485 29486 29482 29495 29495 29496 29499 29504 29505 29494 29498 29494 29500 29511 29520 29520 29516 29504 29510 29504
20 29504 29498 29487 29479 29470 29467 29464 29460 29454 29441 29428 29412 29394 29366 29341 29329 29322 29323 29317 29310 29292 29268 29244 29220
21 29210 29189 29159 29124 29084 29046 29016 28981 28948 28917 28871 28824 28770 28736 28725 28724 28721 28736 28742 28762 28759 28750 28747 28741
22 28724 28717 28703 28695 28700 28698 28725 28768 28790 28824 28842 28873 28879 28890 28903 28917 28938 28950 28955 28955 28950 28939 28951 28948
23 28945 28958 28970 28979 28996 29003 29026 29025 29030 29047 29060 29063 29072 29068 29090 29087 29098 29099 29104 29110 29122 29129 29133 29129
24 29127 29113 29091 29076 29059 29037 29015 29004 28991 28973 28961 28952 28939 28935 28922 28921 28926 28924 28937 28946 28957 28954 28953 28953
25 28946 28948 28929 28927 28938 28940 28929 28927 28918 28903 28881 28873 28853 28836 28833 28821 28817 28807 28808 28820 28818 28809 28806 28808
26 28805 28799 28797 28794 28802 28809 28821 28836 28852 28881 28895 28930 28953 28988 29019 29043 29070 29110 29129 29147 29170 29188 29202 29217
27 29231 29249 29257 29292 29305 29330 29351 29386 29409 29429 29460 29459 29480 29486 29498 29513 29524 29535 29550 29550 29565 29557 29552 29534
28 29518 29490 29490 29498 29504 29504 29505 29517 29523 29521 29522 29516 29533 29527 29542 29580 29603 29629 29647 29677 29709 29728 29749 29750
29 29753 29751 29737 29722 29717 29710 29696 29695 29690 29687 29670 29669 29671 29688 29715 29726 29718 29745 29752 29759 29768 29756 29750 29736
30 29729 29710 29691 29670 29666 29657 29648 29666 29681 29685 29682 29686 29696 29704 29718 29731 29736 29742 29751 29756 29770 29779 29785 29793
31 29805 29819 29820 29831 29842 29854 29868 29869 29869 29863 29873 29867 29861 29851 29849 29838 29845 29850 29859 29861 29862 29867 29869 29861
