01 29833 29827 29819 29816 29824 29828 29829 29825 29824 29822 29819 29812 29809 29797 29793 29783 29772 29763 29770 29771 29778 29783 29783 29781
02 29778 29765 29761 29753 29745 29746 29745 29744 29743 29733 29724 29717 29710 29699 29695 29687 29691 29684 29681 29689 29696 29700 29697 29691
03 29692 29681 29674 29670 29677 29683 29684 29691 29699 29595 29696 29696 29691 29685 29677 29658 29654 29645 29644 29638 29642 29636 29622 29607
04 29589 29581 29560 29545 29532 29529 29526 29524 29524 29536 29549 29563 29577 29590 29601 29613 29622 29640 29659 29676 29697 29724 29741 29753
05 29767 29782 29789 29800 29808 29816 29837 29846 29855 29867 29869 29873 29880 29875 29877 29870 29872 29876 29893 29910 29927 29937 29947 29951
06 29952 29953 29955 29955 29966 29977 29984 29980 29983 29980 29975 29965 29963 29950 29937 29926 29917 29909 29903 29898 29896 29887 29874 29859
07 29833 29825 29800 29776 29751 29745 29743 29733 29725 29723 29717 29720 29705 29688 29670 29646 29640 29615 29600 29587 29574 29563 29536 29502
08 29482 29472 29463 29459 29454 29453 29448 29432 29426 29407 29393 29366 29343 29322 29289 29262 29236 29217 29219 29225 29231 29243 29245 29247
09 29248 29237 29225 29227 29225 29228 29225 29226 29219 29214 29196 29181 29191 29180 29177 29178 29174 29163 29163 29165 29180 29185 29190 29188
10 29184 29177 29178 29180 29195 29221 29244 29265 29277 29283 29299 29320 29321 29332 29357 29347 29353 29371 29374 29385 29387 29382 29376 29364
11 29345 29321 29295 29269 29240 29198 29167 29132 29096 29070 29064 29042 29026 29010 28998 28988 28985 28991 28997 29009 29034 29046 29060 29075
12 29091 29106 29118 29139 29154 29173 29198 29223 29238 29262 29287 29311 29327 29349 29372 29391 29413 29430 29452 29469 29493 29509 29518 29524
13 29527 29531 29536 29539 29545 29552 29567 29591 29614 29633 29646 29650 29650 29663 29668 29667 29671 29679 29692 29701 29720 29729 29734 29732
14 29739 29736 29738 29744 29748 29749 29757 29767 29765 29758 29752 29748 29734 29722 29716 29705 29702 29697 29696 29690 29688 29693 29681 29676
15 29655 29644 29636 29619 29617 29617 29619 29618 29607 29598 29581 29572 29564 29561 29554 29556 29554 29570 29582 29593 29594 29597 29608 29613
16 29616 29617 29619 29622 29632 29643 29647 29658 29659 29656 29647 29642 29648 29650 29658 29660 29653 29657 29662 29664 29679 29684 29690 29679
17 29678 29669 29662 29662 29667 29677 29678 29684 29686 29684 29687 29689 29691 29687 29684 29676 29679 29678 29687 29688 29696 29693 29695 29690
18 29685 29676 29675 29667 29663 29665 29663 29664 29667 29664 29667 29663 29659 29660 29659 29655 29667 29669 29674 29685 29694 29699 29703 29706
19 29716 29721 29722 29727 29740 29752 29761 29769 29774 29779 29779 29772 29776 29779 29779 29774 29769 29773 29781 29781 29791 29798 29788 29793
20 29783 29769 29748 29753 29741 29733 29724 29716 29709 29694 29687 29672 29663 29657 29644 29631 29628 29623 29630 29628 29632 29639 29662 29669
21 29684 29688 29704 29710 29728 29747 29768 29779 29783 29795 29809 29813 29812 29815 29828 29830 29841 29847 29858 29874 29893 29906 29918 29927
22 29926 29934 29929 29928 29937 29935 29940 29941 29942 29931 29929 29918 29905 29895 29886 29876 29870 29864 29863 29861 29864 29859 29854 29862
23 29862 29851 29843 29830 29830 29837 29842 29844 29843 29843 29840 29835 29826 29815 29803 29792 29786 29779 29767 29760 29755 29742 29741 29743
24 29738 29737 29737 29733 29732 29737 29742 29753 29764 29766 29767 29776 29786 29789 29785 29785 29792 29788 29794 29793 29805 29806 29814 29811
25 29812 29811 29814 29814 29820 29828 29846 29859 29858 29862 29859 29854 29860 29851 29837 29832 29839 29841 29845 29845 29863 29860 29866 29869
26 29867 29860 29865 29863 29868 29878 29880 29887 29880 29874 29883 29882 29890 29892 29890 29881 29878 29875 29877 29876 29873 29857 29878 29866
27 29873 29863 29851 29843 29839 29832 29838 29818 29819 29818 29812 29803 29789 29771 29771 29757 29754 29748 29739 29747 29736 29732 29726 29708
28 29695 29682 29661 29651 29649 29648 29669 29674 29682 29692 29699 29702 29708 29706 29700 29711 29725 29738 29740 29751 29747 29743 29755 29757
29 29761 29760 29748 29756 29765 29775 29773 29773 29765 29770 29765 29762 29747 29727 29716 29697 29690 29682 29684 29683 29689 29698 29701 29704
30 29709 29711 29701 29698 29705 29717 29720 29725 29727 29731 29733 29736 29739 29727 29729 29724 29721 29729 29730 29733 29752 29762 29766 29768
