01 29326 29333 29337 29338 29324 29331 29333 29325 29323 29319 29314 29318 29315 29315 29313 29328 29330 29336 29343 29350 29348 29343 29331 29355
02 29353 29356 29348 29366 29379 29403 29414 29424 29444 29469 29492 29483 29492 29507 29506 29516 29520 29516 29517 29520 29518 29506 29496 29488
03 29474 29461 29446 29435 29436 29438 29442 29451 29459 29469 29487 29513 29536 29545 29562 29577 29588 29610 29625 29642 29667 29680 29695 29707
04 29712 29716 29718 29721 29729 29725 29719 29717 29724 29720 29721 29734 29727 29726 29730 29745 29753 29756 29759 29773 29785 29795 29807 29818
05 29822 29826 29826 29826 29828 29843       29875 29890 29905 29918 29922 29933 29941 29946 29950 29952 29968 29976 29993 30001 30009 30015 30020
06 30015 30011 30010 30011 30019 30021 30029 30040 30041 30044 30046 30045 30038 30034 30026 30011 30009 30013 30010 30012 30017 30020 30012 29990
07 29965 29947 29933 29910 29899 29868 29850 29826 29817 29792 29770 29758 29728 29699 29674 29648 29629 29594 29590 29577 29571 29564 29549 29541
08 29529 29508 29492 29475 29463 29467 29457 29459 29465 29468 29480 29491 29495 29514 29520 29518 29530 29554 29573 29589 29601 29606 29617 29635
09 29641 29651 29649 29663 29670 29696 29723 29727 29740 29768 29787 29790 29787 29800 29820 29831 29839 29854 29874 29889 29897 29897 29900 29914
10 29913 29920 29921 29911 29910 29920 29936 29942 29944 29945 29945 29937 29942 29942 29937 29938 29946 29953 29960 29971 29974 29979 29992 30005
11 30009 30005 30004 30012 30024 30028 30036 30047 30050 30072 30076 30079 30076 30073 30080 30081 30084 30082 30084 30090 30087 30082 30072 30064
12 30050 30049 30034 30010 29991 29983 29971 29957 29942 29939 29922 29899 29872 29840 29793 29753 29721 29715 29698 29682 29664 29651 29645 29618
13 29581 29542 29517 29508 29509 29528 29541 29561 29560 29568 29580 29592 29594 29596 29594 29601 29608 29626 29644 29678 29702 29720 29726 29738
14 29736 29730 29725 29702 29690 29674 29662 29659 29649 29638 29638 29652 29646 29643 29638 29642 29649 29661 29673 29701 29727 29737 29748 29758
15 29761 29762 29757 29754 29749 29752 29754 29760 29758 29762 29758 29755 29741 29737 29727 29710 29701 29695 29685 29681 29673 29665 29653 29659
16 29660 29654 29645 29633 29621 29614 29613 29609 29611 29623 29629 29633 29626 29627 29626 29630 29619 29623 29626 29633 29659 29666 29668 29670
17 29666 29666 29664 29667 29673 29683 29699 29713 29733 29743 29748 29752 29755 29756 29751 29751 29745 29741 29739 29736 29735 29716 29708 29689
18 29675 29651 29629 29613 29600 29592 29589 29579 29566 29548 29542 29510 29496 29486 29463 29451 29445 29456 29465 29485 29495 29500 29499 29498
19 29495 29483 29467 29456 29441 29422 29409 29391 29365 29341 29307 29302 29287 29278 29260 29246 29245 29249 29253 29273 29284 29304 29305 29308
20 29302 29290 29280 29272 29253 29264 29273 29274 29273 29281 29291 29294 29297 29306 29309 29307 29317 29332 29344 29363 29376 29391 29398 29404
21 29420 29423 29436 29450 29463 29473 29500 29531 29564 29603 29626 29644 29656 29685 29701 29713 29734 29745 29756 29781 29797 29809 29809 29817
22 29808 29808 29802 29793 29782 29776 29775 29767 29744 29717 29689 29661 29642 29627 29616 29585 29567 29553 29541 29538 29539 29541 29547 29549
23 29542 29539 29541 29549 29552 29564 29583 29600 29611 29610 29621 29632 29632 29646 29645 29650 29648 29668 29670 29690 29695 29701 29696 29689
24 29687 29685 29683 29687 29696 29714 29731 29730 29737 29746 29746 29749 29762 29763 29760 29759 29762 29770 29776 29789 29801 29823 29820 29837
25 29840 29844 29849 29861 29869 29886 29905 29929 29947 29955 29952 29960 29965 29969 29968 29968 29976 29990 29996 30017 30036 30057 30063 30076
26 30079 30083 30080 30082 30078 30090 30099 30110 30114 30120 30122 30125 30124 30130 30126 30124 30130 30136 30135 30147 30152 30157 30161 30167
27 30165 30155 30143 30141 30133 30136 30134 30135 30139 30126 30121 30116 30114 30112 30100 30086 30082 30067 30053 30060 30058 30045 30050 30044
28 30026 30004 29988 29970 29949 29942 29933 29931 29921 29913 29918 29908 29889 29891 29863 29832 29827 29824 29816 29805 29803 29790 29771 29750
29 29728 29698 29679 29669 29650 29633 29622 29613 29601 29592 29570 29561 29555 29546 29524 29504 29500 29499 29505 29514 29523 29521 29516 29516
30 29514 29510 29504 29500 29492 29490 29491 29490 29486 29487 29481 29476 29468 29461 29450 29433 29428 29431 29435 29452 29456 29467 29473 29479
