01 30098 30097 30107 30111 30118 30135 30138 30156 30152 30162 30168 30173 30174 30182 30187 30188 30188 30189 30193 30204 30198 30199 30187 30172
02 30172 30163 30149 30131 30111 30110 30111 30106 30107 30105 30102 30087 30094 30092 30085 30076 30063 30058 30057 30060 30062 30056 30059 30057
03 30056 30059 30055 30052 30056 30063 30061 30069 30082 30091       30088       30087       30088                               30087            
04                                                       30038       30014       30005       29993                               29996            
05                               29970 29960 29970 29970 29973 29970 29967 29967 29967 29960 29959 29956 29959 29965 29974 29983 29994 29990 29985
06 29979 29973 29964 29955 29958 29975 29986 30005 30009 30035 30035 30049 30056 30042 30054 30042 30037 30038 30034 30042 30036 30037 30032 30028
07 30024 30010 29996 29995 29988 29995 29998 30005 30008 30027 30026 30024 30026 30036 30026 30033 30038 30047 30063 30078 30093 30097 30097 30097
08 30097 30098 30091 30095 30096 30102 30110 30105 30100 30096 30097 30093 30085 30076 30065 30058 30055 30054 30047 30053 30047 30035 30035 30022
09 30011 30005 29993 29982 29975 29985 29991 30006 30027 30052 30064 30086 30102 30109 30120 30132 30141 30159 30168 30191 30191 30200 30203 30202
10 30199 30196 30195 30194 30191 30194 30194 30205 30207 30203 30204 30197 30194 30187 30186 30173 30170 30173 30178 30185 30185 30183 30175 30170
11 30165 30158 30149 30142 30144 30139 30144 30153 30161 30167 30167 30168 30164 30159 30147 30147 30157 30161 30167 30185 30191 30195 30186 30196
12 30197 30193 30184 30187 30177 30200 30219 30243 30260 30279 30288 30299 30301 30306 30302 30304 30296 30295 30298 30308 30309 30315 30313 30302
13 30282 30270 30256 30237 30230 30218 30204 30208 30197 30182 30169 30164 30150 30128 30107 30090 30073 30063 30055 30047 30036 30020 30011 29998
14 29986 29975 29970 29959 29946 29949 29948 29949 29951 29955 29954 29948 29939 29925 29903 29890 29868 29855 29842 29835 29815 29795 29763 29721
15 29694 29656 29621 29586 29547 29507 29470 29423 29383 29378 29364 29378 29380 29396 29410 29433 29464 29488 29525 29556 29585 29617 29647 29681
16 29705 29753 29783 29820 29853 29879 29905 29943 29972 30009 30025 30041 30056 30061 30060 30062 30071 30077 30069 30068 30064 30054 30037 30022
17 30006 29991 29973 29966 29953 29954 29951 29948 29947 29940 29929 29906 29881 29854 29828 29812 29781 29762 29746 29740 29720 29708 29705 29716
18 29729 29736 29740 29744 29747 29761 29783 29800 29821 29846 29839 29860 29854 29859 29858 29872 29883 29886 29906 29922 29931 29937 29932 29930
19 29934 29926 29914 29913 29908 29905 29915 29908 29905 29898 29879 29864 29849 29841 29834 29838 29843 29850 29876 29903 29915 29936 29939 29959
20 29968 29984 30002 30017 30038 30062 30087 30113 30127 30150 30161 30168 30179 30193 30191 30194 30194 30199 30203 30215 30216 30214 30205 30192
21 30184 30179 30151 30138 30119 30107 30097 30082 30070 30064 30040 30011 29978 29945 29909 29826 29849 29817 29785 29763 29740 29719 29726 29706
22 29709 29707 29705 29677 29645 29637 29642 29641 29639 29645 29638 29631 29619 29616 29614 29609 29602 29603 29598 29591 29571 29561 29559 29548
23 29547 29553 29573 29589 29606 29621 29627 29631 29635 29633 29638 29638 29616 29616 29600 29598 29589 29569 29564 29558 29561 29595 29618 29652
24 29664 29679 29698 29711 29714 29750 29779 29791 29803 29811 29809 29817 29827 29828 29820 29817 29808 29796 29772 29754 29730 29704 29699 29677
25 29670 29653 29621 29593 29570 29559 29556 29559 29586 29627 29664 29701 29719 29753 29769 29800 29814 29847 29862 29885 29898 29911 29922 29930
26 29936 29940 29935 29938 29939 29954 29948 29966 29984 30000 29992 29996 29996 30002 30003 30001 29997 29997 29990 29995 29987 29985 29977 29983
27 29989 29994 29987 29989 29992 30007 30019 30039 30050 30057 30066 30072 30075 30077 30072 30072 30072 30069 30071 30071 30073 30074 30069 30064
28 30056 30051 30046 30044 30040 30038 30040 30048 30049 30047 30046 30045 30037 30032 30021 30007 29998 29998 29999 29990 29983 29979 29968 29953
29 29938 29924 29915 29895 29894 29881 29883 29880 29872 29865 29856 29831 29804 29801 29800 29816 29806 29752 29767 29776 29773 29783 29772 29774
30 29775 29779 29788 29797 29804 29815 29826 29836 29849 29867 29866 29874 29870 29873 29872 29871 29870 29879 29887 29928 29938 29957 29966 29988
