01 30635 30633 30632 30632 30627 30628 30623 30626 30621 30621 30619 30608 30604 30580 30574 30564 30563 30562 30564 30567 30566 30566 30564 30550
02 30541 30534 30524 30518 30509 30509 30512 30522 30528 30528 30536 30539 30528 30508 30509 30511 30511 30515 30525 30533 30535 30545 30555 30556
03 30549 30537 30533 30519 30523 30528 30530 30535 30537 30547 30554 30548 30540 30525 30520 30520 30527 30528 30530 30532 30523 30520 30522 30518
04 30516 30509 30502 30493 30487 30479 30479 30487 30492 30498 30499 30497 30490 30485 30480 30482 30486 30485 30484 30477 30475 30466 30469 30468
05 30463 30458 30454 30443 30432 30430 30430 30437 30439 30452 30454 30452 30443 30422 30413 30407 30413 30414 30415 30413 30412 30408 30403 30399
06 30387 30371 30357 30343 30345 30344 30345 30347 30352 30347 30354 30367 30366 30373 30367 30376 30387 30406 30414 30424 30421 30437 30447 30460
07 30463 30462 30454 30460 30464 30471 30477 30488 30497 30507 30516 30529 30525 30518 30515 30514 30514 30520 30525 30534 30538 30534 30540 30534
08 30526 30508 30498 30496 30489 30479 30476 30457 30450 30440 30435 30425 30407 30388 30374 30356 30337 30327 30318 30297 30278 30266 30251 30231
09 30214 30184 30153 30124 30099 30078 30049 30035 30025 30015 29997 29973 29947 29917 29889 29869 29861 29861 29869 29877 29889 29898 29916 29929
10 29931 29922 29916 29912 29899 29900 29899 29902 29903 29899 29900 29902 29891 29864 29847 29849 29853 29851 29848 29847 29842 29835 29819 29821
11 29817 29796 29792 29775 29766 29760 29762 29770 29773 29787 29792 29794 29785 29784 29791 29799 29807 29819 29827 29839 29848 29860 29867 29868
12 29872 29864 29858 29846 29835 29824 29826 29838 29833 29837 29837 29834 29825 29808 29796 29779 29776 29768 29756 29743 29740 29742 29744 29750
13 29756 29757 29766 29775 29785 29804 29818 29829 29860 29873 29879 29881 29876 29877 29870 29873 29872 29879 29890 29882 29878 29874 29873 29870
14 29862 29851 29838 29831 29829 29830 29820 29825 29809 29811 29830 29826 29816 29801 29791 29792 29773 29775 29776 29774 29776 29764 29746 29735
15 29713 29676 29650 29625 29616 29614 29629 29663 29680 29702 29712 29746 29775 29787 29801 29829 29838 29876 29901 29925 29928 29922 29896 29876
16 29867 29847 29808 29784 29769 29790 29794 29830 29842 29885 29883 29889 29880 29871 29872 29864 29864 29866 29850 29849 29843 29825 29817 29812
17 29794 29771 29738 29720 29709 29684 29671 29662 29639 29623 29598 29601 29648 29674 29698 29711 29725 29747 29769 29790 29799 29815 29822 29832
18 29844 29853 29863 29874 29894 29931 29963 30005 30038 30078 30110 30136 30146 30163 30182 30205 30229 30247 30263 30288 30293 30282 30278 30272
19 30253 30233 30219 30190 30147 30136 30107 30074 30053 30031 30018 29990 29944 29908 29872 29851 29835 29837 29835 29823 29820 29800 29794 29799
20 29811 29832 29868 29914 29952 30000 30044 30099 30145 30198 30240 30277 30301 30330 30358 30391 30406 30445 30473 30511 30523 30532 30545 30552
21 30570 30576 30579 30577 30584 30597 30604 30632 30645 30661 30650 30656 30651 30644 30643 30649 30647 30646 30662 30668 30660 30659 30657 30652
22 30651 30642 30630 30603 30603 30596 30592 30594 30603 30603 30596 30588 30577 30552 30545 30527 30522 30519 30515 30509 30502 30488 30477 30462
23 30455 30435 30421 30409 30396 30386 30380 30384 30382 30381 30382 30377 30362 30348 30339 30327 30327 30333 30336 30340 30337 30334 30329 30323
24 30313 30300 30287 30275 30268 30267 30260 30266 30266 30264 30260 30254 30238 30221 30212 30213 30212 30216 30219 30217 30221 30225 30225 30220
25 30217 30212 30207 30201 30194 30196 30199 30202 30211 30220 30224 30221 30215 30193 30183 30171 30168 30169 30166 30164 30161 30154 30140 30128
26 30112 30089 30064 30030 30015 29991 29970 29958 29941 29922 29906 29897 29875 29850 29830 29808 29781 29773 29763 29740 29721 29696 29667 29636
27 29604 29573 29565 29553 29528 29502 29480 29472 29461 29473 29486 29503 29504 29518 29525 29568 29593 29633 29654 29665 29683 29700 29702 29697
28 29688 29682 29675 29666 29670 29666 29651 29630 29609 29601 29628 29667 29691 29698 29702 29711 29720 29722 29722 29714 29690 29677 29632 29589
