01 28748 28732 28720 28706 28696 28690 28682 28676 28670 28667 28662 28658 28648 28646 28642 28651 28646 28654 28652 28664 28662 28657 28670 28662
02 28658 28654 28656 28656 28666 28682 28692 28708 28728 28754 28748 28764 28784 28804 28812 28834 28854 28875 28892 28922 28940 28954 28972 28982
03 28986 28992 29000 29002 29004 29012 29024 29020 29020 29016 29000 28994 28994 28988 28986 28990 28999 29014 29026 29058 29079 29100 29128 29152
04 29172 29192 29204 29224 29246 29280 29296 29314 29332 29344 29349 29365 29372 29377 29381 29377 29375 29385 29377 29387 29393 29389 29392 29393
05 29389 29380 29381 29381 29381 29395 29409 29421 29431 29439 29450 29456 29468 29474 29490 29502 29510 29528 29548 29576 29596 29606 29620 29632
06 29640 29640 29644 29654 29670 29686 29692 29702 29715 29718 29718 29716 29722 29728 29730 29730 29740 29754 29762 29772 29778 29786 29794 29800
07 29800 29804 29802 29798 29801 29808 29808 29810 29794 29780 29773 29770 29752 29738 29716 29706 29690 29690 29692 29700 29702 29698 29698 29692
08 29686 29668 29658 29642 29636 29640 29632 29624 29611 29606 29595 29581 29578 29573 29567 29563 29573 29591 29611 29636 29647 29661 29665 29679
09 29700 29690 29679 29693 29691 29704 29697 29695 29685 29695 29604 29695 29698 29700 29706 29704 29708 29711 29702 29720 29714 29702 29710 29711
10 29706 29694 29688 29674 29674 29678 29681 29680 29684 29682 29675 29669 29669 29653 29635 29613 29615 29633 29661 29669 29692 29685 29677 29683
11 29671 29669 29657 29655 29674 29683 29705 29717 29709 29721 29713 29737 29707 29715 29711 29723 29725 29737 29757 29787 29813 29813 29811 29821
12 29821 29829 29813 29813 29815 29820 29820 29813 29807 29795 29780 29762 29743 29736 29714 29702 29694 29692 29686 29678 29668 29660 29662 29666
13 29650 29630 29612 29602 29588 29584 29576 29572 29564 29560 29556 29546 29524 29508 29496 29486 29482 29486 29490 29492 29496 29508 29512 29514
14 29514 29506 29506 29508 29510 29522 29534 29536 29532 29534 29532 29520 29512 29502 29484 29474 29470 29470 29480 29490 29496 29502 29502 29506
15 29510 29510 29502 29503 29502 29518 29526 29532 29540 29550 29547 29549 29549 29547 29539 29537 29530 29529 29524 29531 29529 29521 29515 29503
16 29489 29479 29457 29443 29431 29423 29415 29413 29408 29401 29401 29387 29379 29353 29337 29325 29316 29317 29311 29313 29309 29306 29303 29305
17 29295 29282 29271 29259 29255 29265 29269 29275 29281 29279 29273 29270 29265 29267 29267 29270 29275 29276 29287 29307 29315 29331 29331 29340
18 29341 29341 29341 29341 29337 29357 29361 29371 29367 29370 29372 29352 29337 29325 29309 29303 29299 29301 29299 29305 29305 29311 29305 29301
19 29295 29277 29261 29251 29251 29259 29261 29263 29259 29259 29251 29247 29235 29233 29221 29212 29209 29201 29201 29201 29193 29193 29189 29185
20 29179 29169 29153 29139 29125 29127 29123 29117 29107 29110 29108 29110 29106 29103 29094 29090 29086 29088 29089 29084 29086 29078 29080 29086
21 29090 29100 29108 29106 29118 29150 29170 29184 29190 29218 29232 29246 29268 29286 29290 29314 29336 29344 29370 29402 29416 29436 29452 29474
22 29482 29488 29490 29496 29500 29512 29524 29530 29530 29519 29512 29506 29494 29480 29464 29450 29437 29430 29438 29435 29417 29414 29403 29388
23 29370 29354 29342 29330 29320 29324 29314 29330 29334 29334 29341 29335 29333 29331 29317 29319 29323 29331 29333 29356 29373 29367 29363 29341
24 29319 29317 29305 29307 29333 29355 29355 29347 29347 29353 29351 29367 29371 29375 29371 29393 29407 29419 29441 29455 29453 29453 29461 29473
25 29467 29483 29485 29497 29497 29519 29534 29543 29557 29567 29595 29596 29595 29601 29609 29617 29639 29655 29677 29685 29693 29705 29709 29703
26 29701 29705 29703 29705 29711 29721 29731 29729 29737 29741 29733 29741 29741 29735 29725 29725 29733 29737 29757 29777 29787 29798 29807 29813
27 29813 29809 29809 29809 29819 29833 29837 29835 29835 29835 29827 29821 29815 29807 29797 29789 29789 29789 29791 29799 29803 29805 29807 29807
28 29801 29795 29790 29785 29778 29781 29785 29777 29771 29763 29752 29746 29728 29718 29706 29690 29674 29664 29664 29674 29668 29656 29654 29646
29 29636 29632 29626 29614 29600 29592 29584 29574 29552 29540 29522 29514 29498 29487 29454 29438 29420 29407 29408 29414 29412 29402 29390 29384
30 29362 29348 29328 29304 29296 29286 29274 29274 29262 29250 29247 29237 29235 29231 29215 29207 29201 29195 29193 29203 29199 29197 29191 29187
