01 29725 29711 29699 29695 29693 29690 29690 29695 29688 29683 29678 29681 29678 29673 29668 29658 29644 29641 29636 29633 29636 29633 29632 29630
02 29622 29618 29606 29602 29600 29602 29608 29614 29628 29644 29647 29651 29657 29659 29659 29664 29671 29686 29695 29711 29725 29731 29741 29747
03 29757 29761 29761 29764 29767 29777 29795 29796 29799 29809 29812 29826 29848 29863 29866 29883 29891 29898 29916 29929 29956 29962 29968 29972
04 29972 29972 29972 29972 29979 29984 29998 30006 30006 30006 30016 30010 30010 30010 30008 30001 29994 29992 29992 29994 29996 29996 29996 29992
05 29982 29972 29958 29951 29951 29951 29954 29966 29964 29967 29967 29965 29965 29957 29955 29951 29941 29935 29931 29929 29935 29927 29915 29917
06 29901 29889 29876 29871 29871 29868 29873 29879 29880 29877 29874 29876 29879 29882 29872 29874 29870 29866 29877 29880 29888 29886 29892 29884
07 29882 29874 29872 29874 29884 29886 29890 29907 29904 29900 29898 29898 29895 29895 29891 29884 29873 29864 29859 29845 29839 29835 29821 29815
08 29809 29801 29809 29823 29835 29853 29873 29901 29921 29935 29953 29958 29968 29973 29983 29980 29978 29990 29993 29997 30011 30015 30013 30009
09 30000 29997 29997 29985 29978 29969 29967 29963 29961 29955 29948 29922 29922 29888 29868 29862 29852 29842 29840 29832 29836 29844 29842 29838
10 29834 29826 29818 29814 29818 29814 29820 29828 29838 29848 29855 29859 29855 29857 29849 29845 29850 29843 29843 29853 29869 29869 29869 29865
11 29859 29849 29840 29831 29827 29821 29830 29831 29837 29835 29839 29838 29835 29829 29827 29823 29819 29815 29813 29819 29823 29820 29816 29805
12 29799 29789 29781 29778 29778 29777 29783 29793 29793 29788 29787 29771 29765 29755 29735 29727 29709 29701 29695 29687 29683 29679 29671 29665
13 29655 29651 29649 29651 29655 29671 29687 29697 29719 29730 29752 29762 29772 29782 29794 29802 29804 29814 29826 29839 29852 29868 29876 29876
14 29880 29874 29878 29886 29892 29916 29926 29938 29950 29952 29954 29954 29962 29952 29954 29956 29958 29963 29976 29992 30002 29998 30004 30008
15 30012 30012 30006 30013 30022 30032 30042 30054 30062 30066 30073 30075 30079 30073 30067 30065 30063 30061 30067 30071 30075 30082 30083 30085
16 30079 30077 30075 30071 30078 30091 30101 30111 30123 30121 30119 30127 30121 30119 30115 30103 30095 30093 30096 30099 30103 30109 30113 30116
17 30123 30111 30106 30109 30105 30111 30117 30127 30123 30125 30123 30124 30118 30112 30112 30105 30094 30094 30098 30106 30122 30125 30130 30132
18 30125 30118 30114 30114 30123 30132 30138 30152 30154 30152 30156 30151 30145 30143 30135 30123 30117 30113 30109 30109 30113 30109 30096 30093
19 30079 30067 30055 30051 30051 30051 30053 30051 30051 30039 30031 30027 30015 29999 29987 29971 29951 29943 29939 29939 29936 29931 29919 29898
20 29891 29871 29848 29841 29839 29837 29833 29831 29831 29831 29827 29823 29810 29796 29784 29784 29784 29778 29765 29774 29788 29768 29770 29760
21 29742 29722 29722 29717 29720 29740 29752 29756 29762 29774 29796 29764 29761 29754 29750 29744 29748 29758 29764 29768 29780 29778 29772 29768
22 29760 29754 29754 29758 29760 29772 29780 29783 29783 29784 29783 29778 29783 29778 29758 29760 29770 29758 29760 29758 29764 29756 29750 29744
23 29738 29730 29720 29714 29714 29716 29725 29728 29726 29722 29728 29716 29711 29690 29678 29668 29664 29654 29641 29646 29641 29632 29613 29606
24 29580 29578 29556 29544 29546 29548 29558 29568 29566 29573 29576 29586 29588 29580 29580 29584 29576 29576 29583 29586 29598 29596 29598 29600
25 29600 29603 29591 29586 29590 29604 29611 29628 29622 29626 29640 29628 29637 29635 29628 29625 29627 29621 29628 29633 29636 29633 29631 29619
26 29607 29599 29588 29595 29605 29619 29637 29659 29669 29677 29691 29696 29686 29688 29678 29640 29622 29606 29608 29616 29614 29623 29634 29644
27 29666 29680 29696 29712 29724 29746 29764 29774 29786 29794 29816 29818 29830 29826 29828 29824 29822 29824 29830 29836 29838 29830 29822 29820
28 29810 29786 29772 29766 29762 29759 29764 29764 29758 29752 29748 29746 29741 29734 29722 29722 29722 29728 29736 29740 29748 29754 29756 29762
29 29761 29764 29768 29772 29776 29790 29811 29822 29826 29831 29839 29841 29843 29845 29845 29841 29844 29847 29855 29871 29879 29893 29893 29898
30 29901 29907 29911 29915 29923 29933 29943 29953 29959 29965 29977 29987 29996 30006 30010 30020 30022 30029 30040 30052 30066 30074 30072 30077
31 30080 30077 30077 30084 30092 30102 30112 30122 30126 30126 30129 30119 30111 30103 30096 30091 30086 30078 30079 30079 30076 30069 30063 30061
