01 30236 30234 30236 30232 30222 30214 30196 30196 30198 30194 30179 30165 30147 30127 30113 30106 30097 30101 30099 30097 30095 30093 30085 30083
02 30073 30067 30065 30059 30053 30053 30063 30063 30067 30063 30072 30064 30054 30045 30042 30038 30032 30028 30032 30036 30035 30032 30036 30040
03 30034 30038 30036 30038 30036 30040 30048 30062 30068 30092 30103 30096 30086 30078 30076 30084 30088 30097 30106 30112 30122 30117 30122 30130
04 30128 30124 30118 30114 30116 30119 30124 30134 30142 30147 30151 30154 30152 30146 30140 30146 30156 30156 30156 30154 30156 30150 30154 30156
05 30146 30146 30150 30148 30148 30152 30154 30160 30162 30173 30176 30173 30164 30154 30150 30149 30154 30154 30158 30162 30162 30160 30160 30162
06 30158 30155 30148 30140 30132 30120 30123 30132 30132 30132 30138 30138 30130 30110 30108 30108 30118 30131 30130 30134 30135 30134 30144 30144
07 30146 30142 30140 30143 30144 30142 30144 30150 30162 30162 30160 30152 30150 30140 30146 30146 30152 30156 30163 30168 30180 30188 30204 30214
08 30210 30216 30200 30196 30188 30186 30184 30196 30200 30202 30198 30190 30172 30150 30136 30132 30124 30110 30102 30084 30084 30068 30060 30054
09 30035 30014 29992 29968 29950 29940 29932 29930 29914 29902 29894 29878 29846 29822 29800 29786 29764 29748 29744 29734 29718 29710 29688 29672
10 29656 29636 29614 29606 29588 29584 29576 29566 29562 29567 29562 29550 29534 29520 29514 29520 29524 29530 29530 29534 29538 29542 29542 29546
11 29546 29548 29548 29554 29554 29552 29558 29572 29578 29586 29600 29602 29599 29598 29601 29610 29628 29644 29654 29670 29682 29694 29708 29726
12 29734 29744 29749 29756 29772 29782 29792 29808 29816 29826 29830 29834 29818 29806 29800 29798 29784 29780 29763 29750 29734 29710 29688 29664
13 29616 29562 29524 29482 29480 29464 29458 29448 29446 29453 29451 29449 29437 29425 29417 29423 29427 29441 29449 29455 29459 29465 29471 29480
14 29481 29473 29465 29469 29467 29467 29466 29465 29465 29465 29461 29447 29409 29381 29379 29383 29393 29420 29437 29460 29467 29489 29500 29511
15 29527 29523 29517 29527 29539 29550 29561 29569 29571 29557 29558 29534 29508 29477 29452 29446 29464 29500 29516 29544 29568 29606 29629 29648
16 29656 29656 29656 29672 29672 29682 29688 29686 29688 29680 29677 29679 29677 29672 29677 29677 29679 29675 29681 29688 29699 29719 29721 29725
17 29721 29713 29709 29691 29679 29667 29661 29659 29648 29643 29627 29595 29563 29539 29525 29513 29511 29511 29505 29495 29481 29461 29459 29451
18 29451 29465 29481 29485 29499 29511 29521 29544 29559 29589 29593 29611 29633 29651 29656 29683 29721 29753 29789 29815 29829 29853 29871 29889
19 29901 29925 29925 29935 29941 29949 29959 29973 29982 29981 29972 29956 29924 29900 29878 29871 29860 29848 29838 29820 29804 29790 29770 29746
20 29722 29698 29676 29668 29654 29666 29664 29662 29680 29690 29696 29712 29714 29726 29742 29774 29792 29846 29876 29896 29932 29950 29978 30010
21 30030 30046 30054 30052 30066 30088 30098 30112 30118 30131 30138 30144 30134 30144 30146 30166 30168 30184 30198 30202 30202 30206 30194 30198
22 30198 30193 30185 30182 30178 30172 30174 30180 30190 30187 30190 30182 30164 30158 30140 30138 30126 30130 30130 30120 30110 30100 30088 30078
23 30058 30044 30024 30010 29994 29988 29978 29978 29976 29970 29963 29950 29924 29910 29898 29892 29890 29898 29898 29896 29894 29886 29880 29872
24 29864 29860 29852 29846 29842 29831 29822 29836 29834 29834 29818 29800 29786 29766 29760 29748 29748 29750 29752 29750 29742 29730 29712 29700
25 29688 29679 29656 29654 29653 29662 29668 29683 29686 29682 29688 29673 29662 29648 29639 29628 29618 29612 29608 29610 29610 29612 29608 29622
26 29620 29622 29618 29616 29613 29610 29614 29610 29614 29612 29616 29613 29596 29579 29568 29562 29546 29542 29530 29520 29510 29504 29500 29500
27 29490 29474 29458 29438 29420 29398 29380 29370 29354 29338 29346 29324 29284 29258 29222 29196 29194 29192 29196 29204 29210 29228 29234 29264
28 29290 29304 29306 29334 29348 29366 29372 29378 29364 29362 29355 29327 29309 29293 29249 29239 29281 29321 29337 29357 29361 29373 29379 29377
