01 28735 28715 28680 28639 28613 28645 28660 28665 28668 28670 28674 28679 28697 28715 28717 28726 28736 28753 28775 28797 28810 28812 28815 28830
02 28825 28824 28814 28806 28807 28813 28814 28822 28834 28862 28874 28891 28931 28960 28982 29010 29031 29056 29083 29099 29117 29138 29146 29167
03 29178 29182 29194 29203 29214 29230 29242 29250 29263 29271 29283 29292 29302 29307 29317 29319 29327 29340 29360 29370 29385 29400 29419 29428
04 29439 29453 29473 29487 29504 29518 29535 29553 29570 29582 29593 29600 29610 29619 29621 29625 29634 29639 29643 29656 29661 29666 29669 29675
05 29673 29671 29673 29679 29687 29693 29708 29718 29733 29746 29755 29765 29772 29779 29788 29801 29820 29832 29845 29863 29873 29882 29890 29898
06 29899 29903 29907 29913 29922 29935 29945 29957 29963 29977 29986 29989 29993 30005 30012 30020 30024 30044 30045 30061 30072 30077 30077 30075
07 30077 30079 30077 30072 30077 30084 30087 30084 30088 30082 30080 30082 30074 30062 30055 30045 30046 30052 30047 30061 30070 30079 30080 30081
08 30082 30075 30073 30069 30061 30070 30072 30078 30074 30074 30079 30080 30080 30073 30078 30079 30087 30096 30121 30124 30132 30136 30149 30158
09 30165 30166 30165 30161 30169 30179 30185 30193 30201 30204 30214 30220 30224 30222 30223 30221 30220 30221 30227 30230 30225 30220 30220 30215
10 30213 30210 30210 30214 30214 30215 30220 30220 30215 30219 30218 30223 30229 30228 30230 30227 30230 30224 30228 30227 30230 30230 30234 30235
11 30229 30224 30228 30220 30223 30220 30227 30226 30233 30239 30237 30242 30240 30242 30229 30225 30225 30220 30229 30238 30241 30243 30244 30245
12 30238 30227 30228 30225 30211 30213 30218 30207 30202 30186 30183 30176 30162 30146 30131 30120 30104 30099 30089 30084 30076 30069 30066 30064
13 30045 30028 30010 29992 29981 29978 29978 29974 29964 29963 29945 29933 29920 29898 29880 29866 29854 29842 29833 29825 29808 29793 29781 29760
14 29754 29729 29709 29698 29695 29690 29698 29705 29705 29692 29692 29689 29681 29673 29665 29656 29655 29661 29675 29692 29693 29692 29694 29691
15 29684 29679 29669 29665 29657 29661 29662 29661 29664 29657 29657 29665 29665 29662 29664 29669 29672 29680 29686 29697 29703 29703 29704 29701
16 29685 29677 29676 29665 29660 29664 29665 29657 29657 29653 29647 29640 29634 29625 29618 29618 29608 29605 29604 29612 29610 29605 29600 29588
17 29580 29564 29558 29550 29548 29556 29563 29570 29579 29587 29591 29593 29600 29603 29604 29606 29611 29615 29621 29629 29634 29639 29647 29652
18 29648 29640 29645 29642 29645 29655 29657 29668 29662 29670 29672 29671 29664 29657 29639 29632 29635 29633 29636 29643 29643 29641 29638 29630
19 29621 29611 29603 29596 29593 29596 29596 29598 29600 29600 29586 29591 29581 29573 29560 29558 29560 29561 29564 29570 29578 29572 29568 29572
20 29571 29560 29560 29553 29539 29536 29537 29539 29556 29569 29575 29587 29583 29566 29557 29554 29561 29565 29581 29589 29585 29584 29575 29571
21 29561 29547 29537 29533 29535 29541 29536 29532 29535 29549 29579 29613 29645 29676 29697 29718 29741 29762 29791 29816 29830 29847 29863 29870
22 29875 29883 29893 29898 29904 29922 29928 29932 29938 29942 29949 29952 29951 29946 29941 29935 29938 29936 29943 29953 29952 29948 29939 29928
23 29919 29908 29903 29899 29896 29903 29903 29907 29910 29912 29914 29913 29916 29919 29915 29916 29919 29920 29933 29945 29944 29943 29937 29931
24 29922 29914 29912 29911 29918 29920 29925 29930 29932 29935 29939 29939 29944 29942 29940 29945 29949 29954 29974 29990 29996 30003 30008 30011
25 30016 30018 30020 30021 30024 30029 30039 30046 30056 30061 30067 30074 30081 30082 30075 30078 30082 30091 30095 30102 30106 30112 30109 30108
26 30107 30102 30096 30097 30091 30099 30106 30107 30118 30125 30132 30134 30135 30133 30129 30128 30129 30135 30143 30150 30156 30161 30167 30165
27 30165 30161 30157 30156 30155 30157 30164 30164 30173 30176 30172 30170 30170 30168 30159 30154 30150 30142 30136 30140 30137 30135 30131 30124
28 30111 30096 30083 30073 30069 30072 30079 30075 30072 30063 30053 30043 30037 30028 30011 30001 29988 29981 29986 29987 29986 29983 29978 29966
29 29956 29947 29951 29946 29948 29948 29940 29936 29929 29923 29914 29910 29901 29896 29873 29862 29844 29838 29836 29837 29830 29822 29816 29804
30 29782 29768 29754 29740 29740 29723 29716 29710 29693 29682 29673 29661 29649 29636 29626 29611 29602 29595 29593 29596 29587 29581 29568 29560
