The soil temperature at Armagh measured in Fahrenheit. The temperature was
recorded at 9am and was measured at depths of one foot and four feet.
Column 1 - date, column 2 - temperature at 1 foot depth, column 3 - temperature
at 4 feet depth.
Key: -999 date does not exist, -888 data unavailable.

1925

January                      February			  March 		       April
    1 foot  4 feet	     	 1 foot  4 feet 	      1 foot  4 feet		   1 foot  4 feet
1    40.1    46.0            1    41.7    44.3  	  1    40.0    42.7	       1    43.0    44.1
2    40.7    45.7	     2    41.6    44.3  	  2    40.7    42.7	       2    43.1    44.1
3    40.4    45.4	     3    41.9    44.2  	  3    40.1    42.7	       3    42.9    44.2
4    39.9    45.1	     4    42.2    44.2  	  4    39.7    42.7	       4    42.6    44.1
5    39.7    45.0	     5    42.9    44.2  	  5    40.2    42.7	       5    42.9    44.1
6    39.1    44.8	     6    42.4    44.2  	  6    41.5    42.7	       6    44.0    44.1
7    39.7    44.6	     7    40.9    44.3  	  7    42.4    42.7	       7    43.6    44.1
8    40.4    44.4	     8    41.3    44.2  	  8    41.8    43.0	       8    44.4    44.1
9    41.1    44.2	     9    42.1    44.1  	  9    41.1    43.1	       9    45.4    44.2
10   40.7    44.2	     10   41.9    44.1  	  10   40.5    43.1	       10   45.5    44.5
11   41.7    44.2	     11   41.7    44.0  	  11   40.2    43.0	       11   45.6    44.6
12   41.9    44.2	     12   40.9    44.1  	  12   40.2    43.0	       12   46.1    44.8
13   42.5    44.2	     13   40.0    44.0  	  13   40.3    42.8	       13   46.9    45.0
14   43.7    44.3	     14   39.2    43.9  	  14   41.2    42.8	       14   46.2    45.1
15   42.9    44.4	     15   39.6    43.8  	  15   42.5    42.8	       15   46.3    45.3
16   41.6    44.7	     16   40.0    43.5  	  16   44.0    43.0	       16   45.0    45.2
17   41.7    44.6	     17   40.1    43.3  	  17   44.2    43.2	       17   45.2    45.4
18   43.1    44.5	     18   40.5    43.3  	  18   44.8    43.4	       18   46.0    45.3
19   43.1    44.4	     19   40.2    43.5  	  19   44.8    43.6	       19   45.2    45.3
20   43.7    44.7	     20   39.4    43.4  	  20   45.1    43.8	       20   45.4    45.4
21   44.0    44.8	     21   39.1    43.1  	  21   44.1    44.0	       21   45.8    45.4
22   44.0    44.9	     22   39.0    43.2  	  22   42.5    44.2	       22   46.9    45.5
23   43.8    45.0	     23   39.2    43.0  	  23   42.6    44.3	       23   46.4    45.6
24   42.4    45.0	     24   39.1    42.8  	  24   43.1    44.2	       24   45.8    45.7
25   41.5    45.0	     25   39.1    42.8  	  25   43.0    44.1	       25   46.5    45.8
26   41.5    44.9	     26   39.7    42.8  	  26   42.7    44.1	       26   47.0    45.8
27   41.5    44.8	     27   39.8    42.6  	  27   41.7    44.0	       27   47.0    45.9
28   41.1    44.6	     28   39.8    42.7  	  28   42.0    43.9	       28   46.7    46.0
29   41.4    44.5	     29   -999    -999  	  29   42.7    43.9	       29   47.1    46.1
30   41.5    44.4	     30   -999    -999  	  30   43.2    43.9	       30   46.9    46.2
31   42.8    44.2	     31   -999    -999  	  31   43.7    43.9	       31   -999    -999



May                          June                          July                         August
    1 foot  4 feet		 1 foot  4 feet 	      1 foot  4 feet		   1 foot  4 feet
1    46.7    46.2	     1    51.9    50.1  	  1    59.5    55.4	       1    60.7    57.8
2    47.9    46.3	     2    52.2    50.1  	  2    60.2    55.5	       2    60.6    57.6
3    48.0    46.4	     3    52.7    50.1  	  3    60.8    55.5	       3    60.2    57.6
4    47.9    46.4	     4    53.4    50.1  	  4    61.0    55.8	       4    60.3    57.6
5    48.1    46.7	     5    54.0    50.2  	  5    60.9    55.8	       5    60.4    57.5
6    48.0    46.7	     6    54.7    50.4  	  6    61.2    56.0	       6    60.5    57.5
7    48.1    46.8	     7    55.7    50.7  	  7    60.8    56.1	       7    60.7    57.4
8    48.4    46.9	     8    56.8    51.0  	  8    60.1    56.3	       8    60.5    57.7
9    49.1    47.0	     9    57.8    51.2  	  9    60.1    56.3	       9    60.9    57.7
10   49.2    47.0	     10   58.7    51.7  	  10   60.0    56.4	       10   60.5    57.6
11   49.7    47.2	     11   59.6    52.1  	  11   60.9    56.3	       11   60.5    57.5
12   49.6    47.3	     12   60.0    52.6  	  12   61.3    56.4	       12   60.7    57.6
13   49.6    47.6	     13   59.2    53.0  	  13   62.0    56.5	       13   61.1    57.7
14   49.9    47.7	     14   59.2    53.3  	  14   62.6    56.8	       14   61.2    57.7
15   50.2    47.8	     15   59.7    53.6  	  15   61.9    56.9	       15   60.2    57.6
16   51.2    47.9	     16   59.1    53.8  	  16   61.7    57.0	       16   60.2    57.9
17   50.9    48.2	     17   58.8    53.9  	  17   61.1    57.1	       17   60.3    57.7
18   51.9    48.2	     18   58.8    54.0  	  18   60.2    57.1	       18   60.3    57.8
19   51.7    48.4	     19   58.7    54.2  	  19   59.4    57.1	       19   60.7    57.8
20   52.0    48.7	     20   59.3    54.3  	  20   59.5    57.1	       20   60.7    57.9
21   51.9    48.8	     21   59.0    54.4  	  21   60.0    57.0	       21   60.9    57.9
22   52.2    49.0	     22   58.8    54.6  	  22   60.9    57.0	       22   60.7    57.8
23   52.6    49.1	     23   58.6    54.7  	  23   61.1    57.0	       23   59.9    57.9
24   52.9    49.2	     24   59.1    54.8  	  24   62.2    57.2	       24   60.2    57.8
25   52.5    49.4	     25   59.5    54.8  	  25   62.7    57.2	       25   59.6    57.8
26   52.3    49.7	     26   59.7    54.9  	  26   61.4    57.5	       26   59.2    57.7
27   52.3    49.7	     27   58.9    55.1  	  27   61.0    57.8	       27   59.5    57.7
28   52.5    49.8	     28   59.6    55.2  	  28   61.1    57.7	       28   59.8    57.7
29   52.3    49.9	     29   60.0    55.2  	  29   61.0    57.7	       29   59.3    57.6
30   52.2    50.0	     30   59.5    55.3  	  30   60.8    57.7	       30   58.7    57.5
31   51.8    50.1	     31   -999    -999  	  31   60.5    57.7	       31   59.3    57.4



September                    October                      November                      December
    1 foot  4 feet		 1 foot  4 feet 	      1 foot  4 feet		   1 foot  4 feet
1    59.0    57.3	     1    54.7    54.2  	  1    50.9    51.9	       1    39.1    45.4
2    57.9    57.3	     2    54.2    54.4  	  2    50.5    51.9	       2    38.0    45.2
3    57.7    57.3	     3    54.4    54.4  	  3    49.9    51.9	       3    38.0    45.0
4    57.3    57.0	     4    55.3    54.3  	  4    48.9    51.9	       4    37.5    44.8
5    57.0    57.0	     5    56.0    54.3  	  5    48.7    51.6	       5    37.9    44.5
6    56.7    56.9	     6    56.4    54.4  	  6    47.8    51.5	       6    37.9    44.1
7    56.6    56.8	     7    56.4    54.5  	  7    47.5    51.2	       7    39.9    44.1
8    56.6    56.6	     8    55.4    54.7  	  8    46.6    51.0	       8    42.1    43.9
9    56.9    56.4	     9    53.4    54.8  	  9    45.0    50.7	       9    41.1    44.0
10   56.1    56.3	     10   52.0    54.7  	  10   43.8    50.4	       10   41.3    44.2
11   56.1    56.3	     11   51.3    54.4  	  11   42.2    50.0	       11   40.1    44.2
12   55.5    56.1	     12   51.8    54.1  	  12   41.0    49.6	       12   39.2    44.2
13   55.0    56.1	     13   52.2    53.8  	  13   41.2    49.0	       13   38.5    44.1
14   55.8    55.9	     14   50.6    53.8  	  14   41.6    48.5	       14   37.7    44.0
15   55.9    55.8	     15   49.3    53.6  	  15   42.2    48.1	       15   37.1    43.7
16   55.9    55.8	     16   49.0    53.3  	  16   43.2    47.9	       16   37.3    43.5
17   55.0    55.7	     17   50.1    53.0  	  17   42.7    47.8	       17   38.7    43.2
18   54.5    55.7	     18   50.4    52.7  	  18   41.7    47.6	       18   39.6    43.1
19   54.8    55.5	     19   49.6    52.5  	  19   40.7    47.5	       19   39.6    43.1
20   54.0    55.5	     20   50.0    52.4  	  20   40.2    47.2	       20   39.0    43.2
21   53.6    55.2	     21   51.8    52.2  	  21   41.0    46.9	       21   38.8    43.2
22   53.9    55.0	     22   52.5    52.2  	  22   42.0    46.7	       22   38.4    43.2
23   53.6    54.9	     23   52.4    52.2  	  23   41.8    46.6	       23   37.1    43.1
24   53.0    54.8	     24   52.1    52.3  	  24   40.9    46.4	       24   36.6    42.9
25   53.0    54.6	     25   51.1    52.6  	  25   41.1    46.2	       25   35.9    42.8
26   52.5    54.5	     26   50.9    52.4  	  26   40.8    46.2	       26   36.0    42.5
27   52.4    54.3	     27   50.6    52.3  	  27   40.1    46.2	       27   37.6    42.2
28   53.6    54.1	     28   49.9    52.2  	  28   39.9    46.0	       28   38.7    42.1
29   55.0    54.0	     29   50.2    52.1  	  29   39.8    45.7	       29   40.7    42.1
30   55.4    54.1	     30   51.0    52.0  	  30   39.9    45.6	       30   41.1    42.2
31   -999    -999	     31   51.3    52.1  	  31   -999    -999	       31   40.7    42.4
