The soil temperature at Armagh measured in Fahrenheit. The temperature was
recorded at 9am and was measured at depths of one foot and four feet.
Column 1 - date, column 2 - temperature at 1 foot depth, column 3 - temperature
at 4 feet depth, column 4 - temperature at 4 feet depth measured using new thermometer.
Key: -999 date does not exist, -888 data unavailable.


**FROM JAN TO AUGUST INCLUSIVE THEY REVERT BACK TO ONLY TWO COLUMNS AND IT IS UNCLEAR WHETHER THE 4 FEET READING IS FROM THE OLD OR NEW THERMOMETER.
FROM OCTOBER A FIFTH COLUMN IS ADDED SHOWING TEMPERATURE MEASURED WITH A NEW 1 FOOT THERMOMETER.**

1966

January                              February                             March                                April
    1 foot  4 feet  New 4 feet  	 1 foot  4 feet  New 4 feet	      1 foot  4 feet  New 4 feet	   1 foot  4 feet  New 4 feet
1    38.4    42.5    -888            1    39.3    41.7    -888  	  1    42.7    42.2    -888	       1    46.4    45.5    -888
2    38.8    42.3    -888	     2    41.7    41.8    -888  	  2    44.2    42.3    -888	       2    43.6    45.7    -888
3    38.2    42.3    -888	     3    41.8    41.8    -888  	  3    44.3    42.5    -888	       3    43.5    45.4    -888
4    37.7    42.3    -888	     4    43.0    41.8    -888  	  4    43.4    42.7    -888	       4    43.5    45.3    -888
5    39.8    42.2    -888	     5    43.6    42.0    -888  	  5    44.4    42.8    -888	       5    43.0    45.2    -888
6    41.5    42.2    -888	     6    43.9    42.2    -888  	  6    45.3    43.0    -888	       6    43.4    45.2    -888
7    42.7    42.2    -888	     7    43.2    42.5    -888  	  7    45.4    43.2    -888	       7    44.8    45.0    -888
8    43.5    42.5    -888	     8    43.2    42.7    -888  	  8    45.6    43.4    -888	       8    45.7    45.0    -888
9    43.3    42.8    -888	     9    41.6    42.8    -888  	  9    45.0    43.6    -888	       9    45.7    45.0    -888
10   42.8    42.8    -888	     10   40.6    42.9    -888  	  10   45.3    43.7    -888	       10   45.7    45.2    -888
11   40.5    42.8    -888	     11   39.7    42.9    -888  	  11   45.2    43.8    -888	       11   47.7    45.2    -888
12   39.3    43.1    -888	     12   38.9    42.9    -888  	  12   43.7    44.0    -888	       12   46.2    45.2    -888
13   39.2    43.1    -888	     13   38.8    42.8    -888  	  13   45.1    44.2    -888	       13   44.8    45.3    -888
14   38.5    43.1    -888	     14   38.7    42.7    -888  	  14   46.2    44.3    -888	       14   43.8    45.5    -888
15   37.5    43.0    -888	     15   38.1    42.6    -888  	  15   47.0    44.6    -888	       15   42.5    45.5    -888
16   36.2    42.7    -888	     16   38.0    42.4    -888  	  16   47.4    44.7    -888	       16   41.2    45.4    -888
17   35.6    42.6    -888	     17   38.2    42.2    -888  	  17   47.4    44.8    -888	       17   40.7    45.2    -888
18   35.3    42.3    -888	     18   38.2    40.1    -888  	  18   46.0    45.0    -888	       18   41.2    45.0    -888
19   35.1    42.2    -888	     19   38.2    40.0    -888  	  19   45.9    45.0    -888	       19   41.2    44.7    -888
20   34.8    41.8    -888	     20   39.7    41.7    -888  	  20   46.7    45.0    -888	       20   41.2    44.7    -888
21   34.6    41.5    -888	     21   40.6    41.7    -888  	  21   46.7    45.2    -888	       21   43.8    44.3    -888
22   34.5    41.3    -888	     22   41.0    41.7    -888  	  22   46.8    45.2    -888	       22   45.3    44.3    -888
23   34.5    41.2    -888	     23   40.0    41.7    -888  	  23   46.8    45.3    -888	       23   47.7    44.4    -888
24   34.6    41.0    -888	     24   39.7    41.8    -888  	  24   45.2    45.5    -888	       24   47.8    44.8    -888
25   34.8    40.7    -888	     25   40.7    41.8    -888  	  25   44.2    45.6    -888	       25   49.0    45.0    -888
26   37.2    40.6    -888	     26   42.2    41.9    -888  	  26   44.6    45.5    -888	       26   49.6    45.2    -888
27   38.7    40.5    -888	     27   42.3    42.0    -888  	  27   45.5    45.5    -888	       27   49.8    45.7    -888
28   40.2    40.5    -888	     28   42.7    42.2    -888  	  28   44.9    45.5    -888	       28   49.5    45.9    -888
29   42.2    40.6    -888	     29   -999    -999    -888  	  29   45.0    45.5    -888	       29   50.8    46.2    -888
30   42.2    41.0    -888	     30   -999    -999    -888  	  30   45.3    45.5    -888	       30   51.3    46.5    -888
31   40.5    41.3    -888	     31   -999    -999    -999  	  31   45.8    45.5    -888	       31   -999    -999    -999



May                                  June                                 July                                 August
    1 foot  4 feet  New 4 feet  	 1 foot  4 feet  New 4 feet	      1 foot  4 feet  New 4 feet	   1 foot  4 feet  New 4 feet
1    53.0    46.8    -888	     1    61.3    52.3    -888  	  1    65.3    57.5    -888	       1    61.2    59.7    -888
2    55.2    46.9    -888	     2    61.7    52.5    -888  	  2    65.0    57.7    -888	       2    62.3    59.6    -888
3    54.8    47.4    -888	     3    60.4    53.0    -888  	  3    64.2    57.9    -888	       3    62.3    59.4    -888
4    55.8    47.8    -888	     4    61.7    53.2    -888  	  4    65.2    58.2    -888	       4    62.5    59.3    -888
5    53.7    48.2    -888	     5    59.8    53.8    -888  	  5    65.8    58.2    -888	       5    62.3    59.4    -888
6    53.0    48.6    -888	     6    59.5    53.5    -888  	  6    64.7    58.2    -888	       6    62.2    59.4    -888
7    52.3    48.8    -888	     7    59.7    54.0    -888  	  7    64.2    58.4    -888	       7    62.7    59.4    -888
8    53.0    48.9    -888	     8    61.3    54.2    -888  	  8    64.0    58.4    -888	       8    62.4    59.3    -888
9    53.5    49.0    -888	     9    61.1    54.5    -888  	  9    63.4    58.7    -888	       9    61.8    59.3    -888
10   53.7    49.1    -888	     10   58.8    54.7    -888  	  10   63.1    58.7    -888	       10   60.3    59.2    -888
11   53.7    49.6    -888	     11   59.2    54.8    -888  	  11   61.8    58.8    -888	       11   60.3    59.3    -888
12   54.0    49.6    -888	     12   61.8    54.8    -888  	  12   63.1    58.5    -888	       12   60.8    59.2    -888
13   54.2    49.7    -888	     13   60.8    54.8    -888  	  13   62.9    58.5    -888	       13   60.9    59.0    -888
14   53.0    49.8    -888	     14   61.8    55.0    -888  	  14   62.8    58.6    -888	       14   59.8    59.0    -888
15   53.3    49.8    -888	     15   62.0    55.2    -888  	  15   63.3    58.6    -888	       15   59.0    59.0    -888
16   55.3    49.8    -888	     16   61.8    55.4    -888  	  16   62.7    58.7    -888	       16   61.2    58.8    -888
17   56.0    50.0    -888	     17   63.0    55.6    -888  	  17   62.2    58.4    -888	       17   62.2    58.8    -888
18   55.3    50.2    -888	     18   62.2    55.7    -888  	  18   62.0    58.4    -888	       18   62.9    58.8    -888
19   55.0    50.3    -888	     19   61.8    55.9    -888  	  19   64.2    58.4    -888	       19   63.8    58.8    -888
20   54.3    50.5    -888	     20   62.3    56.0    -888  	  20   65.6    58.6    -888	       20   62.9    58.8    -888
21   55.2    50.7    -888	     21   62.0    56.2    -888  	  21   66.6    58.7    -888	       21   61.4    59.0    -888
22   56.0    50.8    -888	     22   63.0    56.3    -888  	  22   67.2    58.8    -888	       22   60.2    59.0    -888
23   54.0    51.0    -888	     23   63.8    56.5    -888  	  23   67.3    59.2    -888	       23   60.5    59.0    -888
24   55.7    51.1    -888	     24   63.2    56.7    -888  	  24   66.2    59.3    -888	       24   61.3    58.9    -888
25   55.5    51.2    -888	     25   62.8    56.9    -888  	  25   65.4    59.5    -888	       25   61.8    58.9    -888
26   55.7    51.3    -888	     26   62.2    57.0    -888  	  26   65.1    59.7    -888	       26   61.8    58.9    -888
27   55.5    51.5    -888	     27   61.8    57.2    -888  	  27   62.8    60.0    -888	       27   62.0    59.0    -888
28   55.7    51.6    -888	     28   61.9    57.2    -888  	  28   64.1    59.7    -888	       28   61.8    59.0    -888
29   56.7    51.7    -888	     29   62.8    57.2    -888  	  29   63.9    59.7    -888	       29   62.0    59.0    -888
30   57.7    51.8    -888	     30   65.3    57.3    -888  	  30   63.6    59.7    -888	       30   61.5    58.9    -888
31   59.5    52.2    -888	     31   -999    -999    -999  	  31   62.0    59.7    -888	       31   60.9    58.9    -888



September                            October                                           
    1 foot  4 feet  New 4 feet  	 1 foot  New 1 foot  4 feet  New 4 feet        
1    61.1    60.0    59.0	     1    58.7    58.3        58.0    57.4             
2    61.3    59.8    58.8	     2    56.7    57.8        58.0    57.6	       
3    61.7    59.9    59.0	     3    56.2    57.2        58.0    57.4	       
4    61.2    59.7    58.8	     4    53.3    55.2        57.8    57.4	       
5    60.8    59.7    58.8	     5    53.7    54.8        57.2    57.2	       
6    60.9    59.7    58.8	     6    53.2    54.7        56.8    56.9	       
7    60.8    59.6    58.8	     7    53.9    55.0        56.5    56.8	       
8    60.3    59.5    58.7	     8    54.1    55.2        56.3    56.4	       
9    60.8    59.5    58.7	     9    54.0    55.2        56.2    56.2	       
10   60.5    59.5    58.6	     10   54.0    55.0        56.0    56.1	       
11   60.7    59.4    58.6	     11   54.0    55.2        55.9    56.0	       
12   61.2    59.3    58.5	     12   53.8    54.8        55.8    55.8	       
13   60.3    59.3    58.5	     13   53.6    54.6        55.7    55.8	       
14   59.7    59.3    58.5	     14   53.7    54.7        55.7    55.7	       
15   58.3    59.3    58.5	     15   53.7    54.7        55.5    55.5	       
16   57.0    59.2    58.4	     16   52.0    53.8        55.4    55.4	       
17   58.3    59.3    58.7	     17   52.2    53.7        55.2    55.3	       
18   58.8    58.7    58.2	     18   52.2    53.2        54.9    55.3	       
19   59.0    58.5    58.1	     19   52.0    53.2        54.9    54.8	       
20   59.8    58.5    58.0	     20   52.0    53.2        54.7    54.8	       
21   59.7    58.5    58.0	     21   51.9    53.0        54.7    54.7	       
22   59.3    58.7    58.1	     22   50.8    52.7        54.3    54.7	       
23   59.1    58.8    58.0	     23   48.8    51.2        53.8    54.4	       
24   58.6    58.6    57.9	     24   47.7    50.1        53.6    54.0	       
25   58.7    58.5    57.8	     25   47.2    49.7        53.3    53.8	       
26   57.3    58.5    57.8	     26   47.3    49.5        52.8    53.3	       
27   57.6    58.3    57.7	     27   46.7    49.2        52.6    53.3	       
28   57.7    58.2    57.6	     28   45.3    48.2        52.3    53.0	       
29   58.0    58.2    57.6	     29   45.3    47.7        51.8    52.7	       
30   58.2    58.5    58.0	     30   46.2    48.1        51.3    52.3	       
31   -999    -999    -999	     31   47.0    48.5        51.0    52.1



November					  December
   1 foot  New 1 feet  4 feet  New 4 feet	      1 foot  New 1 foot  4 feet  New 4 feet
1    46.2    48.2	 51.0	 52.0		  1    39.8    41.8        45.2    46.2
2    45.3    47.7	 51.0	 51.7		  2    39.9    41.7        44.8    45.9
3    44.3    46.7	 50.7	 51.5		  3    38.7    41.0        44.9    46.0
4    44.2    46.5	 50.4	 51.3		  4    37.5    40.0        44.7    45.7
5    44.8    46.7	 50.1	 51.2		  5    38.0    40.0        44.2    45.4
6    44.4    46.3	 49.7	 50.7		  6    40.0    41.6        44.2    45.5
7    44.7    46.4	 49.5	 50.5		  7    39.2    41.0        44.1    45.2
8    44.8    46.5	 49.3	 50.3		  8    40.8    41.8        44.0    45.1
9    43.8    46.1	 49.3	 50.3		  9    39.5    41.3        44.0    45.0
10   42.9    45.2	 49.1	 50.1		  10   40.1    41.4        44.0    45.0
11   43.2    45.3	 49.0	 49.9		  11   39.1    41.1        44.1    45.0
12   45.0    46.2	 48.6	 49.7		  12   39.5    41.1        43.9    44.8
13   46.5    47.2	 48.7	 49.7		  13   40.5    41.6        43.8    44.7
14   46.0    47.2	 48.7	 49.7		  14   40.2    41.4        43.7    44.7
15   46.1    47.0	 48.8	 49.6		  15   40.7    41.7        43.8    44.7
16   45.2    46.8	 48.8	 49.5		  16   41.7    42.7        43.8    44.7
17   43.5    45.8	 48.8	 49.4		  17   41.7    42.5        43.8    44.6
18   42.4    44.8	 48.7	 49.2		  18   43.5    43.8        43.8    44.6
19   40.8    43.7	 48.2	 49.2		  19   42.7    43.3        44.2    44.8
20   39.7    42.9	 47.8	 48.9		  20   43.3    44.0        44.3    44.8
21   39.0    42.0	 47.6	 48.7		  21   41.6    42.8        44.4    45.0
22   38.5    41.6	 47.0	 48.2		  22   42.4    43.2        44.4    45.0
23   37.7    40.7	 46.7	 47.9		  23   43.4    44.0        44.4    45.0
24   37.3    40.5	 46.2	 47.7		  24   42.3    43.3        44.5    45.0
25   37.8    40.7	 45.8	 47.2		  25   40.2    42.2        44.8    45.2
26   39.8    41.8	 45.4	 46.9		  26   39.8    41.5        44.7    45.1
27   41.9    43.0	 45.2	 46.7		  27   41.7    42.7        44.5    45.0
28   41.6    42.6	 45.3	 46.6		  28   41.2    42.3        44.3    44.9
29   39.9    42.2	 45.4	 46.5		  29   42.4    43.0        44.3    44.9
30   40.2    42.0	 45.3	 46.4		  30   41.0    42.6        44.3    44.8
31   -999    -999	 -999	 -999		  31   40.5    42.0        44.3    44.8
