01 29477 29491 29497 29515 29545 29563 29579 29607 29625 29647 29656 29662 29660 29665 29668 29680 29688 29698 29710 29718 29722 29724 29718 29710
02 29710 29702 29680 29670 29666 29664 29660 29654 29644 29634 29622 29604 29588 29570 29550 29536 29532 29530 29496 29496 29484 29464 29446 29430
03 29408 29384 29360 29336 29336 29366 29366 29380 29384 29384 29392 29408 29416 29438 29454 29474 29492 29518 29524 29538 29542 29552 29556 29556
04 29556 29548 29530 29522 29506 29502 29486 29478 29460 29458 29450 29438 29428 29426 29422 29432 29434 29452 29448 29443 29450 29464 29468 29474
05 29468 29460 29436 29420 29412 29404 29387 29382 29374 29368 29355 29347 29325 29315 29303 29307 29309 29349 29369 29381 29401 29441 29469 29485
06 29517 29527 29555 29590 29631 29659 29689 29711 29731 29741 29765 29769 29763 29771 29767 29773 29779 29793 29801 29817 29825 29845 29857 29873
07 29899 29923 29933 29951 29973 29995 30017 30031 30053 30085 30103 30113 30119 30125 30127 30135 30145 30153 30167 30173 30183 30185 30183 30187
08 30181 30198 30195 30179 30169 30163 30155 30159 30155 30151 30141 30127 30099 30073 30057 30047 30037 30037 30037 30035 30029 30025 30021 30019
09 30005 29993 29959 29925 29923 29971 29951 29955 29957 29971 29967 29961 29959 29959 29965 29967 29967 29967 29969 29981 29985 29981 29975 29973
10 29963 29957 29957 29951 29945 29941 29931 29929 29913 29913 29905 29899 29861 29833 29807 29791 29773 29761 29751 29743 29733 29731 29735 29741
11 29763 29791 29801 29815 29835 29861 29883 29911 29927 29943 29954 29958 29950 29942 29940 29930 29932 29928 29918 29908 29900 29881 29858 29832
12 29792 29748 29686 29636 29592 29554 29524 29508 29486 29468 29464 29446 29422 29468 29458 29510 29574 29642 29696 29748 29788 29834 29856 29882
13 29896 29906 29920 29926 29942 29950 29964 29978 29978 29972 29968 29964 29948 29932 29918 29904 29906 29894 29894 29880 29876 29862 29862 29868
14 29868 29868 29858 29846 29844 29840 29828 29829 29814 29800 29792 29764 29742 29714 29696 29676 29650 29638 29618 29588 29574 29544 29516 29482
15 29452 29420 29374 29346 29320 29298 29286 29274 29260 29252 29242 29214 29192 29178 29162 29140 29122 29118 29110 29101 29094 29090 29084 29090
16 29092 29096 29102 29110 29126 29158 29182 29208 29230 29260 29283 29305 29316 29339 29361 29393 29419 29443 29471 29497 29531 29557 29579 29597
17 29617 29621 29625 29633 29632 29643 29663 29673 29675 29667 29666 29654 29642 29632 29614 29600 29598 29578 29572 29566 29558 29548 29538 29536
18 29530 29516 29504 29496 29487 29484 29476 29472 29450 29440 29430 29414 29386 29362 29338 29330 29318 29310 29310 29310 29310 29308 29310 29312
19 29308 29310 29310 29314 29326 29340 29352 29360 29372 29380 29387 29385 29389 29383 29381 29383 29393 29419 29431 29449 29455 29469 29473 29473
20 29479 29485 29481 29481 29489 29501 29513 29523 29531 29539 29536 29540 29536 29528 29520 29516 29516 29528 29540 29554 29556 29566 29564 29564
21 29558 29550 29538 29540 29542 29550 29552 29550 29546 29538 29526 29524 29504 29478 29466 29448 29446 29458 29466 29468 29470 29474 29474 29480
22 29482 29498 29496 29506 29518 29540 29552 29572 29588 29590 29586 29595 29582 29586 29584 29572 29580 29592 29596 29604 29602 29600 29600 29594
23 29596 29600 29602 29614 29616 29626 29634 29638 29642 29640 29654 29638 29632 29634 29638 29644 29652 29654 29672 29688 29686 29685 29676 29668
24 29658 29646 29632 29632 29632 29635 29642 29652 29650 29654 29651 29635 29637 29635 29626 29625 29625 29627 29625 29638 29643 29647 29645 29643
25 29633 29619 29607 29595 29594 29593 29595 29589 29579 29565 29551 29541 29523 29507 29491 29483 29477 29479 29481 29479 29467 29457 29437 29423
26 29415 29407 29389 29385 29381 29383 29379 29387 29385 29381 29384 29376 29376 29372 29372 29370 29348 29346 29362 29362 29354 29350 29348 29340
27 29324 29308 29302 29300 29296 29296 29294 29300 29302 29302 29299 29301 29301 29291 29291 29295 29301 29301 29311 29315 29313 29307 29313 29319
28 29319 29323 29321 29317 29313 29325 29321 29327 29327 29327 29322 29306 29304 29284 29276 29264 29254 29242 29222 29208 29184 29150 29110 29062
29 29048 29036 29022 29000 29012 29050 29086 29120 29142 29168 29185 29199 29211 29215 29215 29219 29237 29243 29257 29273 29275 29273 29265 29265
30 29245 29237 29219 29201 29191 29187 29169 29163 29163 29153 29142 29136 29122 29116 29098 29093 29094 29100 29107 29112 29120 29116 29108 29104
31 29103 29098 29092 29092 29086 29094 29104 29116 29118 29120 29115 29123 29119 29113 29115 29123 29119 29129 29139 29151 29167 29169 29171 29169
