01 29529 29532 29533 29549 29561 29582 29604 29629 29641 29660 29672 29695 29716 29731 29750 29766 29788 29807 29832 29856 29884 29901 29915 29920
02 29920 29927 29939 29943 29954 29964 29972 29973 29982 29971 29975 29964 29962 29951 29936 29927 29915 29914 29918 29918 29917 29924 29906 29900
03 29894 29830 29818 29818 29802 29776 29751 29752 29745 29740 29726 29707 29682 29682 29669 29667 29644 29624 29631 29626 29629 29617 29611 29594
04 29593 29591 29586 29584 29597 29604 29612 29624 29625 29631 29639 29648 29650 29650 29646 29636 29624 29610 29615 29613 29619 29617 29604 29594
05 29589 29574 29563 29560 29554 29545 29547 29551 29545 29541 29532 29522 29496 29477 29463 29451 29449 29460 29451 29449 29456 29448 29447 29444
06 29433 29433 29425 29421 29431 29440 29446 29453 29467 29476 29485 29490 29495 29493 29503 29518 29525 29529 29535 29547 29554 29553 29555 29551
07 29551 29551 29551 29549 29555 29555 29554 29560 29565 29572 29563 29576 29581 29581 29589 29594 29598 29602 29605 29608 29621 29629 29635 29640
08 29641 29641 29639 29634 29633 29641 29649 29655 29652 29660 29664 29663 29666 29657 29649 29649 29645 29652 29666 29679 29689 29701 29711 29711
09 29707 29718 29724 29729 29735 29745 29758 29761 29769 29781 29793 29797 29795 29793 29793 29793 29793 29793 29802 29811 29819 29812 29814 29807
10 29813 29804 29789 29783 29783 29785 29785 29774 29768 29753 29769 29757 29754 29750 29756 29734 29727 29720 29705 29702 29704 29695 29700 29707
11 29689 29691 29683 29679 29680 29693 29700 29700 29704 29714 29696 29692 29688 29679 29676 29655 29657 29658 29663 29674 29676 29669 29678 29670
12 29661 29642 29632 29621 29608 29604 29598 29592 29586 29573 29559 29547 29531 29490 29489 29488 29481 29476 29472 29468 29450 29455 29443 29429
13 29407 29378 29378 29373 29365 29365 29364 29375 29387 29396 29414 29424 29430 29447 29470 29475 29488 29507 29528 29559 29593 29619 29645 29662
14 29682 29701 29718 29731 29745 29769 29795 29806 29827 29845 29866 29865 29868 29869 29873 29871 29868 29863 29865 29869 29868 29874 29871 29857
15 29836 29828 29814 29795 29784 29771 29752 29745 29731 29718 29692 29676 29650 29632 29618 29610 29591 29588 29575 29585 29569 29553 29549 29544
16 29535 29518 29505 29503 29492 29496 29505 29501 29502 29501 29501 29499 29485 29484 29481 29479 29479 29476 29475 29475 29469 29462 29459 29449
17 29438 29429 29411 29402 29401 29398 29397 29397 29398 29402 29406 29414 29409 29400 29394 29391 29395 29395 29401 29420 29438 29439 29446 29442
18 29442 29433 29431 29438 29440 29449 29462 29461 29457 29470 29468 29467 29456 29461 29468 29456 29444 29455 29455 29469 29481 29492 29486 29488
19 29481 29482 29481 29476 29475 29480 29490 29493 29508 29500 29504 29503 29485 29486 29465 29450 29456 29440 29446 29442 29431 29412 29390 29376
20 29352 29326 29311 29292 29268 29257 29257 29262 29263 29268 29272 29283 29284 29300 29302 29310 29326 29324 29330 29331 29343 29349 29350 29344
21 29338 29328 29340 29335 29340 29357 29362 29362 29354 29347 29345 29331 29309 29295 29277 29259 29241 29216 29200 29197 29175 29143 29112 29110
22 29115 29105 29098 29092 29082 29081 29088 29101 29100 29115 29128 29143 29163 29191 29215 29237 29263 29286 29310 29341 29363 29383 29391 29407
23 29428 29429 29433 29446 29457 29476 29489 29508 29517 29531 29536 29542 29548 29554 29571 29578 29590 29607 29618 29639 29658 29672 29682 29691
24 29698 29707 29707 29704 29708 29723 29728 29731 29736 29738 29733 29724 29696 29672 29641 29616 29593 29560 29536 29513 29474 29444 29405 29383
25 29354 29321 29294 29287 29286 29271 29262 29249 29247 29227 29213 29218 29210 29171 29138 29152 29157 29112 29098 29098 29156 29163 29165 29162
26 29169 29178 29189 29196 29210 29233 29251 29268 29286 29302 29309 29322 29311 29325 29339 29350 29362 29376 29383 29393 29390 29393 29378 29368
27 29339 29314 29269 29218 29156 29097 29040 28989 28946 28920 28906 28903 28904 28914 28918 28938 28966 28992 29019 29058 29082 29080 29098 29100
28 29085 29064 29043 29033 29014 29002 28980 28974 28955 28947 28929 28903 28878 28849 28816 28781 28748 28700 28683 28712 28771 28859 28927 28991
29 29033 29055 29076 29099 29133 29165 29199 29215 29237 29292 29347 29368 29407 29442 29466 29472 29494 29516 29536 29557 29578 29593 29604 29601
30 29606 29603 29599 29598 29585 29576 29581 29586 29574 29565 29547 29543 29539 29527 29524 29509 29513 29517 29519 29531 29549 29559 29574 29585
31 29594 29609 29617 29632 29655 29689 29716 29756 29775 29803 29832 29857 29878 29893 29903 29916 29937 29958 29985 30009 30040 30052 30063 30070
