01 29452 29422 29372 29306 29247 29188 29135 29076 29026 28979 28943 28905 28865 28835 28795 28796 28791 28790 28781 28775 28773 28772 28765 28755
02 28753 28753 28759 28762 28771 28778 28795 28825 28845 28862 28877 28891 28903 28910 28919 28919 28939 28959 28975 28990 28967 28991 28993 28996
03 28987 28987 28987 28987 28991 28997 29001 28997 29009 29009 29020 29027 29021 29027 29029 29039 29044 29041 29045 29050 29054 29064 29065 29065
04 29072 29079 29083 29089 29105 29131 29149 29165 29187 29212 29228 29245 29267 29288 29302 29326 29342 29352 29364 29380 29388 29389 29403 29404
05 29416 29414 29418 29416 29420 29426 29444 29452 29471 29484 29492 29498 29502 29516 29520 29530 29540 29561 29577 29589 29603 29614 29620 29627
06 29628 29630 29632 29634 29636 29640 29644 29642 29644 29631 29640 29634 29622 29608 29595 29580 29556 29538 29576 29480 29446 29404 29370 29332
07 29302 29288 29281 29290 29306 29314 29316 29306 29304 29290 29280 29275 29264 29243 29236 29217 29203 29183 29159 29131 29102 29076 29040 29007
08 28981 28947 28916 28895 28875 28865 28860 28851 28847 28838 28818 28808 28796 28790 28786 28778 28786 28808 28824 28854 28876 28896 28916 28927
09 28946 28957 28976 28988 29014 29032 29064 29096 29122 29142 29160 29174 29195 29213 29223 29237 29271 29299 29336 29365 29385 29397 29412 29427
10 29445 29451 29459 29483 29501 29527 29553 29561 29573 29575 29572 29582 29592 29602 29604 29612 29622 29629 29638 29654 29660 29672 29681 29682
11 29686 29687 29688 29684 29690 29694 29700 29700 29698 29705 29704 29702 29696 29692 29684 29686 29674 29670 29664 29656 29652 29650 29648 29644
12 29626 29604 29594 29574 29576 29572 29573 29566 29566 29546 29539 29535 29527 29518 29505 29493 29488 29483 29475 29475 29481 29483 29485 29482
13 29469 29461 29457 29457 29451 29450 29448 29441 29447 29448 29449 29448 29439 29425 29421 29407 29414 29415 29410 29407 29401 29409 29406 29407
14 29415 29407 29413 29429 29439 29454 29465 29471 29479 29485 29494 29504 29511 29515 29523 29535 29546 29560 29577 29592 29609 29619 29623 29623
15 29632 29633 29635 29647 29657 29663 29675 29683 29689 29695 29685 29692 29699 29696 29695 29695 29690 29692 29697 29703 29713 29715 29715 29708
16 29709 29702 29701 29697 29701 29704 29707 29700 29693 29697 29700 29700 29694 29691 29678 29677 29674 29678 29682 29685 29679 29689 29680 29683
17 29684 29677 29684 29690 29692 29695 29700 29710 29716 29724 29724 29717 29718 29720 29722 29729 29736 29747 29748 29760 29766 29774 29778 29782
18 29792 29792 29796 29800 29800 29806 29810 29818 29816 29808 29808 29796 29796 29792 29782 29778 29776 29775 29772 29768 29762 29766 29756 29736
19 29728 29714 29696 29684 29676 29674 29676 29664 29648 29628 29624 29617 29611 29603 29595 29575 29567 29551 29530 29572 29503 29483 29463 29436
20 29405 29375 29343 29311 29279 29261 29239 29211 29183 29165 29147 29136 29133 29141 29148 29155 29165 29170 29181 29186 29197 29205 29211 29219
21 29229 29240 29249 29260 29277 29291 29319 29337 29363 29381 29385 29393 29398 29404 29415 29418 29422 29433 29442 29446 29468 29472 29458 29470
22 29494 29500 29507 29512 29520 29526 29537 29554 29554 29560 29560 29573 29578 29594 29598 29599 29606 29624 29642 29668 29690 29706 29708 29714
23 29716 29722 29728 29742 29746 29752 29756 29758 29762 29754 29752 29744 29740 29748 29748 29752 29748 29746 29744 29754 29754 29748 29738 29723
24 29715 29698 29686 29674 29676 29676 29688 29706 29714 29720 29727 29727 29741 29737 29741 29743 29741 29743 29745 29744 29749 29753 29745 29749
25 29749 29735 29725 29720 29718 29719 29721 29723 29727 29727 29732 29730 29728 29727 29728 29722 29722 29720 29721 29728 29732 29726 29729 29722
26 29718 29702 29696 29688 29682 29674 29675 29676 29678 29664 29660 29653 29645 29639 29634 29632 29637 29642 29643 29655 29669 29681 29687 29683
27 29693 29695 29715 29725 29725 29734 29743 29753 29767 29759 29759 29765 29778 29775 29782 29775 29767 29761 29759 29757 29752 29747 29737 29723
28 29711 29699 29677 29671 29667 29659 29667 29655 29653 29659 29671 29679 29697 29705 29715 29721 29717 29719 29718 29725 29739 29747 29749 29752
29 29747 29745 29731 29715 29709 29707 29713 29717 29706 29693 29694 29681 29674 29656 29645 29632 29616 29606 29607 29598 29590 29583 29580 29580
30 29576 29588 29602 29603 29620 29634 29662 29666 29684 29686 29691 29693 29697 29695 29704 29716 29725 29719 29725 29726 29739 29737 29727 29724
31 29715 29706 29693 29676 29667 29655 29659 29647 29635 29627 29633 29600 29581 29556 29527 29504 29481 29480 29466 29459 29456 29456 29455 29452
