01 29813 29811 29813 29803 29803 29796 29789 29780 29772 29793 29809 29805 29801 29800 29800 29809 29812 29808 29815 29822 29820 29815 29815 29810
02 29796 29792 29785 29777 29769 29762 29760 29761 29773 29782 29788 29792 29795 29795 29795 29810 29822 29828 29838 29839 29844 29848 29842 29841
03 29843 29843 29832 29827 29809 29798 29795 29785 29783 29773 29760 29748 29743 29726 29720 29703 29700 29701 29706 29706 29696 29701 29698 29690
04 29681 29676 29662 29656 29656 29653 29651 29646 29635 29634 29617 29598 29572 29549 29537 29529 29527 29515 29506 29492 29482 29472 29458 29443
05 29431 29422 29410 29400 29391 29375 29362 29356 29367 29375 29367 29362 29358 29359 29370 29390 29414 29432 29457 29485 29519 29540 29570 29600
06 29624 29650 29675 29699 29724 29754 29785 29820 29850 29887 29909 29927 29939 29957 29985 30000 30019 30035 30058 30078 30087 30102 30119 30131
07 30132 30150 30164 30165 30179 30190 30188 30205 30223 30242 30245 30248 30247 30250 30260 30276 30295 30307 30319 30330 30337 30342 30350 30354
08 30360 30370 30371 30374 30379 30382 30382 30389 30391 30395 30387 30383 30375 30366 30360 30350 30345 30345 30337 30326 30312 30304 30297 30285
09 30270 30245 30235 30217 30190 30171 30153 30145 30150 30148 30153 30173 30182 30184 30205 30240 30265 30304 30315 30330 30340 30359 30367 30364
10 30375 30382 30394 30393 30394 30392 30399 30404 30407 30417 30420 30415 30410 30410 30404 30404 30406 30400 30402 30400 30397 30387 30396 30389
11 30386 30383 30379 30365 30354 30350 30357 30358 30366 30373 30370 30372 30365 30366 30374 30380 30386 30400 30406 30414 30420 30426 30446 30448
12 30450 30450 30451 30455 30457 30463 30479 30490 30499 30510 30517 30523 30514 30506 30504 30509 30509 30508 30516 30510 30509 30504 30498 30484
13 30475 30473 30464 30446 30440 30430 30422 30414 30413 30401       30367 30341 30329 30307 30291 30276 30271 30267 30259 30241 30218 30196 30182
14 30162 30147 30131 30116 30087 30082 30071 30067 30048 30042 30023 30012 30000 29997 29996 30007 30002 30002 30003 30014 30019 30029 30050 30053
15 30066 30084 30090 30098 30112 30127 30136 30152 30166 30181 30185 30189 30184 30185 30185 30197 30218 30217 30219 30224 30222 30221 30215 30217
16 30197 30192 30182 30172 30162 30157 30151 30144 30152 30155 30152 30122 30082 30076 30076 30056 30064 30067 30091 30090 30129 30151 30131 30166
17 30179 30185 30211 30223 30242 30276 30291 30322 30337 30355 30358 30379 30381 30389 30413 30427 30435 30441 30448 30468 30474 30474 30479 30480
18 30484 30489 30484 30483 30483 30489 30484 30499 30501 30503 30500 30492 30487 30479 30475 30467 30466 30484 30485 30486 30491 30489 30485 30475
19 30478 30476 30474 30466 30470 30485 30485 30478 30486 30500 30499 30504 30502 30510 30522 30535 30544 30554 30557 30564 30559 30555 30541 30540
20 30545 30537 30523 30509 30494 30489 30482 30477 30470 30459 30435 30421 30401 30384 30361 30338 30310 30302 30289 30271 30246 30238 30224 30214
21 30199 30176 30151 30145 30124 30116 30106 30090 30075 30061 30044 30022 30012 29981 29964 29935 29934 29894 29900 29878 29846 29849 29827 29820
22 29821 29819 29834 29864 29900 29940 29981 30014 30065 30112 30126 30154 30170 30169 30162 30168 30149 30140 30119 30102 30118 30120 30131 30132
23 30132 30171 30179 30186 30189 30195 30205 30212 30196 30188 30189 30185 30165 30156 30139 30125 30101 30108 30095 30080 30052 30023 30018 30008
24 29949 29927 29901 29851 29814 29807 29831 29841 29866 29885 29888 29887 29891 29895 29918 29924 29928 29947 29971 29988 30009 30023 30051 30088
25 30108 30144 30160 30181 30200 30210 30238 30256 30280 30314 30342 30346 30351 30345 30346 30345 30339 30346 30348 30351 30357 30359 30342 30327
26 30319 30307 30297 30278 30258 30243 30237 30228 30231 30220 30215 30204 30205 30193 30201 30186 30179 30152 30167 30163 30147 30139 30124 30112
27 30069 30039 30007 29982 29967 29956 29925 29885 29872 29849 29807 29784 29752 29717 29654 29588 29533 29485 29412 29378 29328 29295 29252 29225
28 29179 29183 29205 29313 29383 29418 29465 29491 29513 29543 29554 29517 29482 29447 29393 29268 29140 28993 28878 28763 28695 28848 29022 29128
29 29205 29259 29291 29306 29322 29334 29335 29345 29362 29370 29367 29352 29328 29306 29296 29280 29256 29248 29214 29210 29211 29220 29221 29231
30 29239 29239 29253 29277 29271 29268 29241 29233 29180 29131 29052 29020 28972 28953 28945 28957 28964 28992 29034 29042 29094 29116 29156 29192
31 29236 29264 29279 29276 29273 29275 29265 29260 29232 29224 29210 29187 29166 29153 29135 29164 29172 29169 29177 29172 29171 29180 29172 29194
