01 29453 29420 29384 29349 29313 29291 29267 29245 29229 29219 29216 29226 29230 29258 29274 29299 29314 29332 29349 29362 29374 29390 29394 29400
02 29398 29394 29393 29390 29378 29378 29372 29372 29367 29374 29363 29369 29359 29349 29355 29357 29361 29389 29405 29433 29454 29479 29499 29512
03 29533 29539 29553 29561 29569 29583 29591 29585 29581 29577 29555 29531 29519 29515 29513 29523 29530 29547 29567 29575 29581 29597 29601 29603
04 29615 29615 29625 29643 29659 29691 29725 29745 29767 29785 29779 29789 29801 29817 29819 29821 29825 29839 29843 29851 29853 29857 29849 29841
05 29831 29833 29833 29832 29835 29851 29865 29879 29877 29879 29879 29878 29871 29870 29867 29871 29873 29887 29903 29925 29933 29937 29931 29929
06 29935 29937 29939 29943 29947 29952 29963 29975 29985 29989 29991 29982 29973 29969 29955 29951 29953 29961 29968 29981 29995 29995 29995 29993
07 29997 29994 29991 29998 29998 30009 30015 30025 30037 30039 30039 30039 30031 30029 30025 30029 30031 30045 30063 30077 30086 30091 30099 30097
08 30101 30099 30094 30091 30095 30101 30113 30125 30123 30129 30133 30129 30121 30119 30117 30119 30135 30141 30143 30143 30151 30153 30153 30155
09 30147 30145 30129 30126 30117 30119 30119 30119 30123 30123 30125 30111 30095 30083 30073 30067 30067 30075 30067 30070 30073 30068 30066 30073
10 30061 30053 30040 30039 30043 30051 30061 30067 30069 30075 30071 30066 30057 30047 30055 30055 30059 30065 30077 30076 30081 30085 30085 30085
11 30085 30089 30085 30087 30087 30099 30111 30115 30125 30129 30130 30128 30118 30118 30108 30108 30112 30120 30122 30126 30126 30130 30130 30124
12 30124 30116 30116 30120 30116 30120 30128 30132 30142 30144 30150 30143 30133 30131 30119 30111 30111 30117 30119 30115 30103 30095 30087 30079
13 30069 30059 30043 30029 30017 30014 30015 30017 30013 30003 30002 29992 29974 29956 29948 29930 29918 29920 29906 29904 29894 29888 29876 29868
14 29848 29826 29812 29804 29786 29781 29790 29778 29766 29762 29740 29715 29688 29672 29666 29662 29708 29748 29780 29788 29810 29822 29842 29844
15 29840 29836 29838 29850 29854 29856 29858 29860 29866 29868 29870 29856 29846 29844 29834 29826 29840 29852 29869 29866 29874 29884 29874 29880
16 29880 29876 29872 29866 29870 29876 29878 29890 29892 29896 29894 29876 29844 29846 29812 29810 29795 29782 29759 29724 29697 29662 29624 29588
17 29532 29490 29439 29400 29368 29350 29334 29352 29356 29356 29362 29357 29341 29366 29368 29370 29376 29390 29400 29407 29442 29454 29466 29480
18 29484 29492 29500 29512 29526 29538 29546 29564 29566 29570 29569 29561 29545 29527 29504 29485 29461 29447 29409 29381 29351 29315 29281 29245
19 29217 29201 29161 29117 29097 29051 29029 29019 28997 28977 28977 28977 28969 28959 28949 28951 28939 28934 28925 28909 28893 28881 28857 28847
20 28829 28811 28808 28807 28807 28811 28817 28831 28845 28867 28890 28929 28943 28971 28997 29031 29058 29099 29129 29161 29205 29243 29261 29299
21 29329 29347 29367 29377 29387 29403 29420 29439 29445 29459 29476 29486 29488 29488 29490 29512 29518 29526 29546 29548 29552 29550 29545 29546
22 29532 29514 29504 29492 29478 29464 29454 29458 29454 29456 29458 29464 29463 29466 29474 29490 29510 29536 29550 29564 29574 29576 29576 29576
23 29578 29572 29574 29570 29580 29586 29586 29586 29590 29590 29587 29579 29569 29557 29547 29543 29535 29535 29523 29513 29497 29481 29461 29437
24 29409 29387 29369 29357 29345 29327 29321 29317 29305 29305 29292 29290 29282 29282 29280 29274 29280 29282 29274 29270 29264 29260 29246 29246
25 29238 29234 29220 29224 29230 29234 29244 29264 29278 29296 29308 29318 29316 29332 29340 29352 29374 29403 29424 29446 29466 29492 29504 29522
26 29544 29556 29572 29588 29598 29618 29634 29658 29670 29688 29692 29701 29689 29691 29693 29701 29731 29748 29751 29763 29779 29789 29791 29789
27 29783 29783 29779 29775 29789 29805 29815 29831 29843 29849 29853 29841 29838 29835 29837 29848 29853 29877 29883 29897 29895 29903 29905 29911
28 29915 29912 29907 29903 29903 29907 29911 29927 29917 29923 29928 29917 29910 29902 29894 29888 29892 29894 29893 29902 29898 29898 29904 29906
29 29906 29896 29886 29876 29877 29876 29886 29900 29889 29896 29894 29884 29868 29860 29862 29872 29886 29896 29896 29896 29914 29924 29927 29926
30 29922 29920 29918 29920 29924 29930 29944 29957 29964 29964 29963 29955 29955 29953 29951 29963 29967 29971 29969 29971 29977 29978 29971 29971
31 29953 29949 29933 29925 29911 29907 29913 29923 29921 29925 29913 29895 29875 29863 29853 29853 29855 29847 29833 29827 29833 29823 29810 29799
