01 29740 29705 29674 29634 29609 29590 29577 29555 29529 29502 29481 29463 29425 29415 29412 29423 29440 29463 29494 29511 29528 29538 29549 29546
02 29547 29544 29523 29523 29512 29516 29521 29518 29509 29505 29513 29509 29489 29492 29483 29485 29494 29511 29530 29532 29537 29556 29563 29559
03 29566 29564 29564 29569 29575 29574 29583 29596 29591 29584 29578 29577 29579 29576 29580 29584 29595 29616 29633 29655 29669 29682 29691 29706
04 29720 29741 29757 29781 29803 29845 29878 29917 29946 29937 29954 29969 29992 30002 30006 30012 30020 30037 30043 30046 30051 30046 30047 30046
05 30058 30069 30074 30075 30085 30093 30116 30127 30136 30142 30146 30146 30142 30146 30159 30165 30168 30179 30194 30197 30199 30206 30207 30202
06 30197 30206 30202 30211 30213 30218 30237 30239 30249 30248 30249 30245 30244 30240 30237 30239 30242 30245 30254 30270 30276 30276 30280 30281
07 30279 30276 30277 30275 30275 30284 30291 30305 30310 30319 30322 30327 30326 30325 30337 30351 30362 30380 30392 30406 30417 30427 30436 30437
08 30439 30437 30432 30430 30436 30445 30452 30462 30462 30462 30461 30459 30452 30448 30438 30429 30430 30422 30411 30416 30407 30406 30395 30378
09 30367 30343 30329 30316 30311 30321 30306 30322 30322 30344 30333 30330 30331 30331 30325 30316 30331 30336 30347 30357 30362 30354 30351 30349
10 30342 30330 30325 30320 30322 30314 30312 30315 30307 30297 30293 30290 30277 30276 30280 30283 30288 30290 30290 30300 30309 30314 30317 30319
11 30320 30341 30337 30344 30345 30345 30344 30355 30352 30361 30360 30365 30364 30367       30376 30385 30396 30400 30407 30412 30416 30412 30418
12 30408 30400 30393 30384 30387 30387 30387 30393 30395 30400 30399 30399 30393 30379 30366 30355 30349 30344 30334 30325 30311 30306 30294 30286
13 30276 30256 30238 30225 30209 30203 30191 30183 30162 30156 30144 30128 30111 30096 30081 30061 30048 30026 30023 30018 30018 30003 29996 30016
14 30034 30046 30046 30045 30049 30051 30054 30058 30071 30082 30084 30069 30066 30076 30081 30085 30104 30121 30139 30149 30169 30169 30163 30168
15 30160 30160 30147 30139 30127 30128 30119 30131 30154 30144 30140 30152 30144 30141 30124 30129 30138 30151 30160 30167 30175 30170 30167 30179
16 30178 30170 30154 30151 30154 30144 30141 30145 30140 30117 30098 30067 30026 29993 29953 29907 29842 29807 29740 29672 29640 29567 29540 29515
17 29470 29409 29388 29367 29347 29335 29349 29381 29419 29449 29483 29521 29552 29597 29610 29616 29632 29664 29677 29685 29709 29719 29725 29737
18 29745 29755 29761 29762 29761 29765 29772 29787 29782 29785 29767 29762 29740 29714 29686 29664 29629 29600 29552 29530 29475 29429 29384 29332
19 29275 29224 29145 29085 29050 28972 28934 28957 28959 28957 28940 28941 28924 28932 28934 28936 28942 28929 28919 28900 28867 28854 28820 28800
20 28777 28765 28776 28794 28822 28854 28898 28937 28960 28977 28991 29005 29079 29134 29189 29235 29275 29329 29358 29387 29428 29457 29467 29479
21 29506 29517 29523 29546 29562 29582 29607 29618 29632 29659 29669 29687 29693 29710 29728 29747 29753 29763 29772 29773 29766 29760 29742 29730
22 29703 29673 29638 29615 29586 29573 29568 29560 29553 29547 29561 29569 29568 29590 29608 29640 29653 29678 29681 29710 29728 29724 29740 29752
23 29748 29742 29733 29726 29717 29705 29685 29675 29668 29675 29682 29689 29681 29685 29686 29662 29663 29655 29634 29624 29599 29576 29536 29507
24 29485 29461 29448 29426 29392 29411 29402 29422 29437 29442 29457 29461 29457 29456 29463 29455 29457 29454 29459 29453 29454 29450 29443 29444
25 29444 29441 29440 29447 29457 29460 29467 29484 29492 29511 29527 29530 29539 29561 29578 29600 29629 29662 29690 29722 29754 29781 29805 29825
26 29852 29881 29907 29924 29937 29969 30002 30029 30042 30069 30095 30096 30097 30110 30113 30126 30138 30155 30172 30182 30191 30202 30206 30210
27 30206 30206 30202 30205 30211 30218 30229 30240 30241 30246 30242 30239 30234 30230 30236 30239 30239 30242 30247 30248 30247 30244 30242 30234
28 30223 30221 30209 30199 30199 30198 30201 30203 30205 30201 30195 30181 30169 30159 30141 30139 30132 30137 30140 30140 30139 30135 30129 30135
29 30137 30131 30122 30127 30132 30145 30164 30199 30221 30239 30248 30256 30264 30264 30280 30284 30288 30305 30318 30318 30325 30323 30321 30328
30 30324 30322 30323 30325 30322 30327 30331 30344 30352 30355 30355 30353 30349 30344 30341 30344 30344 30347 30351 30351 30351 30343 30338 30333
31 30316 30311 30288 30274 30260 30249 30245 30239 30227 30219 30197 30175 30155 30130 30106 30084 30080 30073 30060 30040 30018 30005 29996 30007
