01 29444 29432 29430 29427 29434 29444 29452 29456 29456 29458 29455 29441 29437 29429 29433 29433 29435 29425 29429 29431 29435 29435 29431 29429
02 29423 29415 29411 29401 29397 29405 29407 29407 29394 29394 29386 29386 29382 29382 29388 29388 29396 29399 29406 29414 29421 29420 29422 29418
03 29422 29413 29408 29404 29404 29411 29424 29428 29430 29424 29447 29452 29453 29457 29463 29469 29489 29507 29523 29533 29543 29547 29547 29553
04 29552 29561 29559 29559 29557 29563 29569 29575 29583 29597 29603 29609 29609 29613 29619 29623 29631 29639 29645 29657 29657 29656 29643 29636
05 29617 29599 29591 29571 29555 29545 29535 29517 29511 29503 29494 29470 29480 29480 29482 29468 29476 29470 29464 29456 29449 29430 29419 29389
06 29368 29316 29276 29234 29168 29096 29062 29056 29049 29052 29060 29052 29049 29051 29026 29004 28978 28954 28924 28890 28852 28800 28776 28700
07 28659 28606 28570 28564 28554 28556 28568 28586 28589 28592 28629 28639 28657 28680 28695 28711 28739 28767 28775 28797 28823 28833 28851 28877
08 28879 28884 28903 28915 28947 28969 29001 29025 29035 29067 29088 29108 29116 29128 29154 29170 29196 29221 29230 29241 29248 29246 29251 29251
09 29256 29260 29266 29269 29274 29271 29282 29286 29290 29294 29298 29300 29306 29304 29302 29314 29326 29336 29348 29356 29365 29370 29374 29380
10 29386 29388 29386 29388 29394 29402 29420 29438 29453 29475 29488 29505 29508 29520 29524 29540 29550 29575 29610 29638 29662 29684 29704 29740
11 29758 29762 29782 29788 29805 29836 29847 29862 29876 29886 29893 29893 29900 29903 29903 29905 29914 29924 29934 29946 29953 29944 29938 29928
12 29922 29904 29894 29878 29863 29853 29846 29830 29816 29792 29770 29736 29708 29682 29657 29630 29608 29590 29564 29537 29518 29506 29478 29456
13 29434 29414 29397 29390 29376 29372 29370 29362 29352 29344 29342 29328 29312 29304 29286 29281 29269 29268 29254 29276 29259 29254 29246 29239
14 29222 29206 29188 29174 29168 29161 29162 29162 29152 29156 29155 29155 29158 29165 29170 29171 29187 29198 29208 29225 29235 29231 29227 29225
15 29217 29209 29205 29201 29201 29213 29219 29219 29225 29231 29242 29239 29242 29245 29247 29254 29262 29275 29297 29312 29322 29326 29340 29345
16 29345 29344 29350 29352 29357 29369 29383 29400 29406 29424 29430 29427 29434 29426 29432 29434 29442 29452 29462 29477 29477 29476 29476 29476
17 29474 29467 29462 29454 29452 29466 29477 29489 29502 29520 29525 29527 29538 29544 29554 29564 29574 29586 29605 29637 29644 29654 29650 29654
18 29655 29656 29656 29660 29666 29672 29677 29692 29692 29696 29696 29690 29687 29679 29676 29674 29669 29666 29670 29674 29667 29649 29642 29628
19 29612 29589 29567 29554 29537 29530 29524 29512 29492 29470 29457 29421 29397 29359 29331 29311 29279 29252 29222 29201 29189 29167 29159 29155
20 29161 29157 29155 29169 29175 29187 29199 29209 29211 29211 29211 29211 29207 29201 29191 29187 29191 29189 29202 29209 29212 29202 29211 29207
21 29191 29192 29205 29203 29213 29237 29250 29261 29277 29281 29299 29302 29301 29307 29315 29321 29331 29337 29349 29355 29367 29355 29350 29338
22 29325 29313 29303 29295 29292 29291 29285 29290 29297 29297 29299 29299 29297 29287 29279 29277 29265 29267 29261 29252 29245 29229 29219 29204
23 29187 29179 29165 29157 29165 29169 29181 29191 29202 29207 29225 29237 29255 29257 29265 29269 29285 29307 29335 29357 29381 29415 29431 29447
24 29472 29489 29513 29537 29559 29599 29625 29651 29685 29712 29735 29757 29787 29817 29836 29862 29882 29899 29913 29925 29944 29947 29945 29941
25 29940 29929 29911 29883 29871 29863 29843 29817 29797 29771 29743 29709 29697 29691 29683 29687 29683 29665 29669 29671 29671 29657 29643 29628
26 29613 29598 29583 29563 29543 29533 29525 29511 29500 29491 29487 29463 29441 29409 29387 29369 29349 29319 29305 29296 29285 29275 29269 29265
27 29264 29267 29277 29289 29305 29325 29351 29381 29414 29431 29461 29475 29495 29509 29519 29525 29539 29543 29563 29587 29611 29617 29635 29646
28 29649 29661 29673 29689 29713 29731 29751 29775 29795 29815 29838 29852 29870 29878 29884 29904 29912 29926 29940 29966 29990 30004 30020 30032
29 30043 30046 30050 30058 30074 30084 30098 30110 30126 30138 30153 30159 30163 30155 30149 30139 30143 30145 30145 30151 30147 30141 30135 30128
30 30119 30107 30097 30081 30077 30081 30071 30065 30061 30041 30029 30012 30007 29991 29977 29965 29961 29945 29940 29927 29921 29911 29903 29901
