01 30174 30172 30173 30172 30179 30188 30200 30208 30214 30215 30222 30229 30287 30243 30248 30247 30252 30265 30272 30287 30289 30293 30299 30299
02 30300 30306 30302 30302 30313 30324 30327 30329 30332 30336 30333 30333 30335 30384 30333 30336 30333 30337 30343 30349 30349 30350 30352 30351
03 30350 30350 30346 30345 30344 30353 30353 30352 30357 30352 30348 30348 30344 30344 30340 30337 30325 30325 30328 30331 30337 30347 30355 30357
04 30356 30359 30365 30368 30382 30387 30387 30390 30385 30384 30379 30369 30367 30371 30365 30361 30362 30363 30374 30381 30393 30392 30387 30384
05 30379 30373 30357 30347 30341 30325 30320 30300 30282 30257 30228 30200 30178 30163 30138 30090 30044 30009 29975 29974 29950 29953 29941 29958
06 29971 30000 30009 30014 30016 30021 30025 30054 30067 30069 30081 30095 30110 30116 30104 30107 30107 30097 30104 30105 30112 30107 30096 30096
07 30087 30089 30084 30077 30070 30072 30077 30080 30089 30082 30087 30080 30073 30072 30073 30069 30065 30054 30054 30053 30047 30043 30022 29997
08 29978 29944 29916 29874 29844 29804 29771 29725 29687 29651 29634 29612 29605 29605 29585 29595 29600 29610 29618 29632 29631 29642 29654 29662
09 29658 29661 29672 29672 29683 29693 29707 29723 29737 29744 29765 29766 29776 29791 29793 29801 29797 29798 29801 29806 29816 29821 29820 29821
10 29826 29823 29821 29825 29826 29833 29840 29845 29850 29853 29859 29863 29856 29849 29839 29827 29810 29793 29783 29772 29763 29747 29727 29708
11 29693 29677 29667 29650 29643 29634 29636 29633 29632 29627 29629 29625 29624 29622 29621 29639 29660 29684 29712 29739 29760 29784 29795 29797
12 29800 29812 29816 29827 29841 29859 29873 29884 29897 29905 29920 29931 29936 29937 29942 29948 29957 29961 29969 29977 29980 29979 29980 29980
13 29976 29966 29961 29955 29950 29945 29941 29937 29929 29923 29915 29902 29883 29885 29875 29869 29874 29862 29850 29855 29854 29851 29843 29842
14 29838 29833 29832 29833 29830 29832 29839 29851 29851 29853 29861 29866 29875 29884 29892 29897 29902 29909 29923 29941 29958 29959 29959 29966
15 29967 29968 29979 29986 30002 30019 30036 30049 30062 30074 30085 30101 30110 30126 30140 30151 30158 30160 30167 30169 30173 30177 30178 30170
16 30166 30156 30145 30137 30141 30133 30118 30105 30086 30074 30065 30051 30030 30016 30005 29997 29992 29991 29991 29988 29983 29980 29977 29971
17 29962 29957 29940 29930 29928 29924 29917 29921 29911 29905 29899 29896 29886 29880 29871 29858 29848 29843 29840 29840 29838 29831 29821 29813
18 29794 29785 29778 29776 29772 29777 29782 29784 29786 29784 29784 29787 29789 29789 29788 29786 29787 29790 29793 29802 29808 29811 29808 29806
19 29799 29801 29795 29793 29795 29798 29802 29804 29807 29803 29808 29800 29795 29784 29779 29775 29770 29769 29772 29772 29770 29771 29773 29775
20 29774 29767 29761 29760 29756 29755 29762 29767 29767 29783 29798 29813 29827 29830 29847 29863 29875 29903 29926 29949 29963 29975 29992 29996
21 30007 30012 30016 30018 30020 30023 30027 30030 30032 30030 30023 30015 30007 29999 29984 29976 29966 29948 29956 29954 29940 29931 29916 29913
22 29908 29903 29899 29888 29891 29886 29884 29883 29884 29887 29891 29885 29887 29886 29883 29882 29880 29893 29907 29924 29934 29937 29932 29946
23 29954 29969 29975 29985 30007 30019 30037 30057 30064 30076 30089 30089 30080 30080 30081 30076 30068 30056 30049 30042 30028 29999 29979 29947
24 29934 29903 29875 29859 29856 29860 29856 29839 29824 29806 29777 29771 29756 29743 29737 29736 29734 29723 29729 29729 29726 29718 29716 29706
25 29707 29696 29679 29672 29666 29664 29661 29655 29644 29636 29622 29607 29593 29570 29577 29565 29554 29559 29548 29545 29547 29541 29534 29522
26 29505 29490 29482 29471 29465 29463 29448 29442 29444 29445 29447 29435 29420 29421 29416 29409 29410 29415 29423 29435 29446 29447 29456 29459
27 29467 29472 29491 29505 29577 29540 29560 29580 29597 29613 29640 29649 29649 29664 29667 29676 29685 29697 29707 29717 29726 29724 29727 29734
28 29741 29741 29740 29737 29741 29735 29727 29728 29729 29725 29711 29694 29674 29664 29652 29633 29611 29612 29607 29621 29620 29637 29636 29624
29 29640 29663 29664 29652 29681 29677 29672 29674 29670 29680 29688 29685 29685 29689 29670 29657 29641 29622 29612 29594 29583 29563 29531 29517
30 29512 29503 29492 29481 29478 29492 29495 29502 29506 29513 29578 29523 29527 29534 29550 29534 29544 29548 29560 29570 29568 29570 29570 29568
31 29559 29555 29550 29554 29555 29554 29552 29552 29549 29555 29553 29541 29534 29530 29525 29510 29509 29502 29491 29488 29483 29466 29462 29448
