01 29438 29437 29420 29414 29412 29414 29430 29454 29448 29458 29469 29467 29472 29479 29483 29501 29507 29515 29521 29523 29529 29529 29533 29541
02 29531 29533 29523 29509 29509 29505 29499 29495 29495 29489 29482 29480 29458 29452 29440 29442 29454 29450 29452 29458 29458 29460 29460 29464
03 29474 29494 29482 29484 29478 29480 29474 29484 29490 29496 29484 29474 29468 29462 29442 29441 29442 29442 29444 29438 29428 29421 29416 29406
04 29396 29388 29384 29378 29365 29366 29360 29356 29352 29352 29343 29329 29311 29293 29287 29283 29291 29295 29291 29289 29279 29273 29261 29253
05 29253 29247 29247 29243 29227 29229 29217 29215 29209 29221 29214 29204 29176 29160 29146 29140 29130 29136 29146 29168 29192 29226 29254 29296
06 29326 29370 29402 29432 29460 29494 29538 29572 29610 29656 29674 29694 29706 29723 29756 29780 29806 29832 29864 29882 29904 29918 29935 29944
07 29949 29964 29972 29984 29986 29992 30008 30018 30028 30048 30046 30049 30037 30033 30041 30043 30055 30053 30063 30064 30067 30079 30075 30073
08 30069 30075 30079 30079 30083 30093 30102 30107 30125 30139 30131 30131 30129 30131 30140 30153 30153 30159 30163 30161 30173 30174 30177 30177
09 30175 30169 30150 30147 30131 30123 30119 30103 30099 30096 30083 30067 30049 30043 30033 30031 30013 30011 30009 30007 30007 30009 30007 30007
10 30010 30023 30027 30037 30045 30054 30063 30075 30089 30102 30114 30111 30112 30110 30110 30118 30124 30130 30132 30138 30142 30148 30150 30147
11 30146 30146 30138 30128 30126 30122 30130 30139 30142 30154 30156 30152 30150 30145 30145 30152 30153 30166 30171 30178 30188 30192 30196 30198
12 30200 30206 30202 30206 30210 30216 30228 30248 30264 30281 30282 30280 30276 30280 30282 30284 30296 30308 30316 30334 30338 30338 30342 30340
13 30338 30336 30330 30330 30330 30330 30324 30322 30320 30328 30314 30301 30282 30263 30244 30232 30218 30209 30202 30186 30176 30166 30146 30130
14 30112 30102 30082 30070 30050 30046 30030 30034 30036 30036 30028 30014 29984 29980 29982 29982 29984 29996 29994 29996 29996 29996 30000 30004
15 30002 30008 30008 30004 30004 30018 30024 30032 30042 30051 30055 30051 30045 30048 30049 30053 30053 30055 30061 30063 30067 30069 30051 30051
16 30053 30051 30045 30037 30027 30023 30025 30025 30031 30037 30028 30018 30012 30007 30004 30010 30008 30010 30024 30024 30028 30042 30050 30056
17 30062 30070 30087 30094 30106 30112 30120 30138 30158 30182 30192 30190 30187 30182 30194 30198 30212 30230 30238 30244 30244 30242 30244 30248
18 30258 30250 30248 30244 30247 30248 30257 30260 30264 30276 30274 30270 30252 30250 30242 30238 30246 30256 30254 30260 30262 30260 30263 30262
19 30258 30252 30256 30252 30250 30258 30254 30262 30266 30274 30271 30267 30253 30247 30249 30249 30249 30251 30241 30235 30232 30233 30225 30211
20 30195 30177 30169 30143 30141 30135 30133 30132 30121 30113 30095 30083 30075 30065 30047 30051 30037 30032 30019 30001 30003 30005 29987 29975
21 29967 29961 29933 29929 29911 29897 29887 29888 29878 29877 29868 29852 29836 29828 29808 29796 29783 29772 29762 29758 29750 29752 29738 29734
22 29743 29766 29780 29808 29840 29886 29914 29970 30014 30056 30079 30091 30115 30137 30153 30169 30181 30203 30202 30211 30223 30225 30227 30229
23 30243 30243 30245 30247 30247 30239 30235 30237 30247 30255 30249 30235 30205 30193 30171 30165 30143 30121 30097 30083 30065 30059 30057 30021
24 29987 29965 29931 29901 29877 29869 29851 29841 29839 29842 29849 29848 29851 29861 29883 29895 29919 29939 29955 29967 29990 30009 30029 30053
25 30059 30067 30075 30077 30083 30093 30111 30121 30139 30155 30155 30151 30143 30135 30125 30131 30129 30123 30125 30119 30127 30123 30118 30121
26 30107 30085 30077 30067 30051 30041 30031 30029 30033 30037 30032 30018 30009 30006 30008 30006 30000 29986 29986 29992 29998 30008 29986 29964
27 29958 29960 29959 29908 29910 29898 29884 29878 29864 29853 29813 29790 29753 29719 29677 29643 29621 29581 29544 29507 29483 29455 29423 29415
28 29381 29383 29387 29415 29439 29461 29470 29467 29453 29491 29471 29433 29409 29361 29317 29287 29253 29233 29233 29239 29269 29285 29309 29321
29 29341 29351 29363 29365 29371 29391 29403 29396 29395 29390 29364 29345 29320 29306 29286 29286 29284 29290 29288 29322 29345 29369 29388 29402
30 29400 29400 29390 29392 29352 29298 29238 29134 29048 29039 28969 28924 28904 28912 28920 28950 28980 29018 29072 29132 29172 29206 29242 29270
31 29276 29282 29276 29254 29220 29162 29118 29082 29054 29036 29002 29002 29000 29006 29026 29060 29088 29096 29108 29110 29110 29116 29130 29122
