01 29898 29908 29920 29930 29948 29972 29990 30009 30018 30030 30033 30037 30031 30031 30019 30019 30023 30029 30021 30023 30019 30021 30017 29997
02 29976 29965 29961 29945 29929 29917 29921 29919 29915 29907 29902 29892 29868 29864 29834 29816 29814 29826 29824 29820 29818 29808 29796 29790
03 29770 29760 29746 29734 29726 29726 29724 29714 29714 29700 29685 29663 29647 29627 29611 29607 29597 29599 29603 29625 29619 29617 29623 29633
04 29643 29643 29661 29669 29679 29703 29723 29733 29749 29759 29758 29758 29755 29746 29732 29726 29724 29722 29732 29736 29738 29740 29738 29734
05 29724 29708 29698 29692 29686 29682 29682 29680 29676 29672 29660 29644 29632 29618 29596 29574 29560 29546 29544 29548 29546 29532 29514 29500
06 29484 29464 29446 29430 29418 29412 29410 29404 29398 29394 29373 29352 29335 29321 29309 29299 29295 29285 29287 29282 29283 29279 29269 29257
07 29245 29231 29205 29187 29177 29183 29175 29158 29145 29123 29087 29075 29059 29037 29009 28993 28992 28993 29009 29039 29057 29071 29077 29075
08 29087 29099 29113 29129 29145 29151 29155 29159 29161 29173 29175 29153 29129 29115 29079 29061 29049 29041 29031 29009       28963 28929 28906
09 28883 28865 28845 28835 28827 28815 28817 28831       28883       28980       29056 29084 29126 29156 29194 29234 29272 29290 29312 29333 29364
10 29380 29398 29409 29426 29450 29484 29504 29519 29536 29556 29565 29581 29591 29593 29599 29601 29599 29601 29599 29599 29597 29589 29588 29575
11 29561 29547 29529 29515 29501 29497 29493 29479 29467 29459 29462 29454 29428 29408 29384 29364 29344 29330 29314 29290 29260 29234 29204 29178
12 29154 29136 29128 29120 29110 29118 29128 29132 29126 29118 29111 29104 29102 29096 29092 29096 29112 29117 29134 29146 29158 29170 29178 29188
13 29194 29196 29206 29220 29222 29248 29258 29280 29298 29306 29309 29313 29315 29313 29311 29321 29329 29340 29341 29347 29347 29349 29345 29340
14 29347 29349 29351 29353 29363 29391 29399 29421 29433 29437 29446 29454 29471 29480 29484 29497 29511 29528 29542 29556 29558 29570 29572 29572
15 29572 29564 29558 29562 29566 29580 29590 29594 29604 29604 29603 29607 29605 29601 29593 29589 29599 29605 29613 29619 29629 29631 29637 29637
16 29637 29635 29625 29631 29631 29641 29651 29665 29673 29675 29674 29668 29660 29656 29646 29644 29642 29648 29654 29660 29658 29660 29656 29650
17 29646 29638 29632 29626 29626 29634 29636 29634 29630 29628 29627 29613 29599 29587 29583 29573 29571 29579 29590 29595 29599 29600 29591 29577
18 29585 29575 29575 29573 29565 29571 29579 29591 29593 29591 29583 29577 29577 29571 29571 29579 29585 29597 29611 29621 29628 29639 29645 29651
19 29661 29669 29675 29677 29683 29701 29716 29739 29753 29759 29758 29756 29756 29750 29746 29752 29758 29760 29772 29784 29774 29764 29752 29750
20 29734 29716 29702 29684 29666 29658 29645 29642 29628 29618 29606 29597 29580 29574 29554 29540 29524 29527 29528 29538 29537 29536 29552 29546
21 29553 29554 29560 29566 29570 29580 29586 29570 29566 29556 29546 29538 29510 29500 29473 29438 29412 29398 29374 29358 29350 29342 29346 29344
22 29350 29362 29359 29362 29368 29389 29404 29428 29428 29434 29453 29451 29453 29444 29443 29431 29421 29402 29383 29355 29315 29268 29216 29155
23 29093 29015 28967 28935 28913 28943 28957 28967 28984 28997 29024 29030 29032 29038 29036 29032 29047 29054 29062 29074 29068 29059 29052 29044
24 29046 29044 29040 29036 29030 29042 29050 29057 29078 29101 29111 29127 29138 29149 29159 29179 29202 29235 29259 29291 29309 29331 29351 29371
25 29389 29411 29433 29465 29483 29509 29535 29559 29569 29585 29583 29604 29613 29628 29643 29664 29678 29690 29710 29728 29738 29746 29760 29762
26 29768 29771 29766 29756 29748 29756 29770 29764 29776 29778 29789 29785 29781 29783 29783 29801 29811 29831 29845 29867 29883 29883 29884 29889
27 29901 29897 29891 29891 29895 29899 29899 29905 29899 29895 29883 29875 29869 29847 29833 29798 29791 29777 29769 29761 29739 29719 29697 29687
28 29665 29643 29629 29601 29579 29575 29570 29563 29543 29535 29518 29514 29508 29498 29492 29502 29528 29555 29564 29568 29583 29606 29608 29622
29 29630 29644 29646 29654 29670 29685 29698 29718 29726 29728 29731 29744 29751 29759 29763 29765 29771 29787 29803 29815 29819 29829 29827 29823
30 29819 29811 29801 29799 29794 29801 29805 29794 29785 29775 29745 29729 29707 29689 29673 29651 29627 29607 29583 29571 29545 29525 29501 29479
