01 29323 29315 29293 29285 29285 29295 29327 29371 29407 29441 29462 29498 29518 29542 29558 29572 29588 29610 29624 29648 29668 29688 29706 29718
02 29718 29736 29746 29752 29762 29778 29786 29796 29800 29785 29786 29778 29776 29758 29742 29736 29718 29720 29724 29726 29714 29730 29732 29730
03 29698 29638 29666 29626 29554 29558 29556 29610 29598 29522 29522 29526 29532 29514 29493 29490 29484 29494 29494 29486 29484 29482 29480 29466
04 29464 29452 29432 29430 29430 29430 29426 29442 29462 29482 29494 29505 29517 29535 29537 29543 29537 29541 29543 29551 29557 29551 29535 29517
05 29501 29477 29451 29437 29431 29423 29421 29427 29419 29411 29404 29388 29364 29342 29318 29298 29263 29250 29228 29214 29188 29168 29162 29152
06 29138 29118 29102 29090 29064 29042 29060 29088 29108 29132 29152 29166 29172 29188 29200 29222 29228 29248 29257 29270 29274 29280 29284 29284
07 29280 29282 29286 29282 29296 29304 29312 29318 29328 29344 29352 29366 29374 29382 29392 29390 29388 29392 29390 29396 29402 29414 29426 29424
08 29418 29422 29430 29432 29432 29436 29440 29444 29444 29450 29457 29457 29459 29461 29455 29453 29449 29453 29455 29463 29465 29463 29453 29453
09 29451 29447 29445 29451 29459 29479 29487 29499 29513 29521 29535 29541 29541 29553 29559 29565 29565 29571 29573 29583 29595 29593 29595 29591
10 29595 29597 29597 29601 29599 29607 29623 29625 29621 29623 29619 29619 29619 29611 29608 29609 29596 29605 29608 29615 29619 29621 29621 29619
11 29615 29611 29603 29599 29603 29607 29605 29609 29605 29605 29598 29595 29589 29582 29576 29576 29562 29560 29568 29576 29585 29586 29588 29586
12 29584 29580 29580 29568 29566 29562 29560 29556 29548 29537 29526 29516 29511 29500 29480 29472 29464 29454 29445 29458 29472 29468 29462 29448
13 29450 29438 29432 29422 29422 29392 29390 29394 29398 29410 29405 29427 29439 29437 29439 29429 29435 29435 29445 29461 29471 29495 29497 29521
14 29533 29549 29555 29565 29579 29603 29621 29635 29647 29663 29669 29677 29685 29687 29687 29689 29689 29685 29690 29699 29695 29693 29691 29683
15 29667 29655 29639 29621 29613 29605 29601 29599 29587 29571 29545 29529 29507 29495 29479 29469 29463 29443 29441 29447 29435 29425 29415 29397
16 29387 29363 29343 29323 29311 29305 29299 29299 29293 29283 29269 29255 29235 29219 29207 29199 29183 29165 29159 29157 29149 29137 29127 29117
17 29093 29077 29079 29043 29051 29039 29041 29045 29037 29041 29039 29054 29056 29062 29060 29062 29066 29074 29104 29122 29132 29152 29160 29166
18 29168 29172 29172 29176 29176 29192 29196 29210 29213 29220 29219 29223 29221 29237 29255 29265 29269 29267 29287 29295 29309 29337 29347 29349
19 29353 29355 29342 29347 29361 29373 29379 29391 29397 29393 29393 29379 29375 29368 29357 29355 29349 29349 29349 29347 29339 29327 29319 29299
20 29275 29253 29229 29211 29199 29192 29185 29177 29179 29163 29158 29156 29154 29154 29168 29170 29180 29192 29208 29222 29232 29248 29256 29258
21 29256 29260 29254 29248 29248 29252 29254 29254 29234 29236 29239 29233 29213 29199 29181 29157 29129 29117 29115 29107 29105 29100 29097 29109
22 29113 29103 29091 29081 29073 29063 29059 29055 29061 29081 29097 29117 29121 29133 29158 29171 29197 29207 29231 29257 29267 29281 29287 29305
23 29315 29325 29329 29335 29349 29361 29369 29385 29391 29395 29393 29387 29387 29389 29387 29395 29403 29417 29429 29447 29463 29469 29481 29495
24 29509 29509 29523 29525 29533 29541 29559 29569 29579 29591 29591 29596 29587 29573 29561 29541 29521 29517 29487 29479 29455 29435 29395 29367
25 29335 29301 29261 29243 29225 29217 29219 29221 29229 29227 29218 29203 29191 29191 29185 29179 29167 29165 29143 29137 29135 29115 29093 29079
26 29063 29035 29013 28991 29005 29023 29033 29053 29073 29089 29105 29127 29143 29163 29179 29183 29191 29199 29207 29225 29235 29239 29249 29251
27 29248 29243 29229 29223 29205 29191 29149 29119 29065 29021 28982 28944 28890 28874 28854 28853 28848 28864 28876 28914 28938 28964 28978 29006
28 28998 29004 28996 28982 28990 28978 28968 28958 28954 28942 28922 28908 28902 28906 28898 28890 28890 28872 28840 28818 28808 28818 28828 28858
29 28890 28932 28956 28982 28992 29018 29030 29062 29100 29128 29163 29201 29217 29239 29255 29283 29301 29321 29333 29365 29385 29405 29418 29429
30 29435 29445 29449 29455 29463 29481 29489 29499 29505 29503 29501 29491 29479 29461 29445 29433 29429 29415 29425 29427 29423 29421 29421 29434
31 29415 29415 29421 29431 29439 29463 29493 29519 29539 29571 29586 29618 29640 29670 29696 29724 29742 29768 29802 29826 29844 29862 29878 29890
