01 29900 29860 29826 29785 29751 29714 29684 29670 29659 29646 29660 29677 29698 29725 29730 29751 29767 29789 29821 29841 29853 29865 29873 29876
02 29885 29879 29876 29880 29877 29876 29878 29869 29861 29840 29828 29833 29855 29865 29872 29889 29901 29921 29931 29947 29956 29983 29991 30010
03 30031 30047 30058 30089 30100 30121 30133 30149 30158 30151 30147 30145 30137 30132 30131 30128 30133 30137 30143 30148 30163 30165 30169 30165
04 30163 30157 30155 30156 30157 30173 30191 30206 30212 30215 30214 30213 30213 30210 30209 30207 30208 30215 30217 30225 30234 30240 30238 30225
05 30228 30223 30223 30226 30225 30225 30233 30248 30255 30263 30265 30265 30257 30251 30247 30248 30249 30262 30263 30265 30277 30285 30291 30291
06 30295 30287 30279 30279 30285 30297 30309 30323 30326 30333 30331 30321 30309 30304 30303 30306 30307 30311 30316 30322 30326 30330 30336 30338
07 30336 30329 30332 30338 30338 30349 30360 30372 30389 30385 30384 30382 30380 30376 30370 30374 30384 30394 30407 30421 30420 30434 30440 30443
08 30449 30446 30444 30444 30444 30453 30458 30467 30471 30474 30475 30473 30473 30473 30473 30470 30463 30470 30477 30485 30490 30496 30489 30484
09 30485 30482 30477 30473 30459 30463 30465 30469 30470 30471 30465 30451 30437 30430 30420 30415 30416 30419 30421 30418 30409 30413 30411 30408
10 30402 30401 30394 30396 30393 30411 30423 30421 30426 30439 30435 30420 30414 30409 30407 30410 30417 30428 30426 30442 30454 30455 30452 30460
11 30460 30462 30458 30465 30467 30480 30495 30510 30510 30511 30508 30496 30487 30478 30471 30464 30466 30480 30483 30490 30499 30506 30505 30503
12 30497 30496 30487 30495 30494 30504 30513 30525 30528 30530 30525 30514 30503 30501 30491 30493 30489 30493 30491 30487 30483 30477 30476 30462
13 30454 30441 30427 30420 30416 30409 30414 30412 30400 30395 30395 30375 30357 30339 30321 30307 30305 30298 30295 30299 30292 30273 30273 30258
14 30241 30229 30215 30205 30203 30193 30190 30187 30179 30169 30165 30140 30115 30091 30076 30055 30044 30040 30025 30021 30061 30079 30108 30116
15 30119 30122 30109 30121 30126 30133 30142 30149 30153 30149 30154 30144 30130 30118 30117 30115 30129 30133 30143 30158 30180 30177 30172 30178
16 30172 30169 30166 30170 30172 30177 30185 30202 30210 30214 30215 30206 30195 30177 30180 30182 30181 30193 30204 30196 30185 30170 30165 30142
17 30122 30082 30054 30012 29973 29940 29915 29886 29844 29834 29804 29770 29751 29746 29747 29756 29764 29776 29776 29786 29796 29806 29807 29817
18 29822 29839 29841 29859 29873 29888 29906 29933 29950 29958 29966 29967 29962 29957 29944 29938 29936 29930 29914 29898 29882 29848 29816 29774
19 29739 29698 29678 29662 29648 29639 29636 29624 29614 29602 29588 29573 29550 29533 29516 29496 29486 29476 29480 29473 29466 29453 29433 29426
20 29413 29402 29383 29354 29343 29335 29340 29351 29355 29357 29350 29351 29355 29357 29388 29423 29457 29501 29529 29558 29590 29619 29643 29664
21 29687 29698 29713 29731 29752 29780 29795 29815 29836 29851 29848 29854 29851 29863 29873 29883 29890 29915 29927 29946 29954 29965 29967 29968
22 29965 29969 29959 29957 29955 29950 29944 29952 29948 29941 29938 29926 29911 29910 29908 29905 29920 29936 29946 29948 29956 29967 29970 29974
23 29977 29976 29970 29977 29985 29989 29992 30009 30020 30026 30025 30016 30009 29999 29988 29979 29976 29979 29979 29977 29968 29954 29935 29921
24 29904 29887 29863 29852 29839 29831 29830 29831 29823 29815 29809 29785 29766 29739 29723 29717 29703 29704 29694 29684 29669 29651 29647 29647
25 29649 29647 29645 29637 29647 29667 29684 29706 29713 29725 29741 29750 29747 29755 29767 29779 29795 29823 29833 29850 29863 29879 29893 29903
26 29909 29920 29931 29945 29950 29965 29980 29999 30005 30009 30003 29998 29995 29986 29990 29996 29996 30008 30010 30010 30011 30018 30022 30033
27 30030 30036 30048 30033 30042 30048 30061 30074 30088 30094 30106 30103 30104 30102 30109 30130 30141 30166 30178 30183 30195 30197 30206 30200
28 30203 30202 30195 30200 30200 30216 30228 30224 30225 30235 30236 30232 30221 30211 30197 30189 30179 30190 30191 30189 30192 30184 30185 30181
29 30171 30161 30149 30149 30147 30135 30145 30151 30157 30159 30161 30150 30144 30135 30138 30136 30140 30144 30146 30155 30159 30158 30154 30163
30 30161 30159 30161 30164 30166 30164 30176 30199 30206 30207 30209 30205 30202 30195 30184 30181 30190 30201 30199 30197 30199 30199 30201 30199
31 30191 30181 30171 30159 30155 30157 30165 30175 30172 30175 30168 30164 30153 30141 30127 30123 30127 30123 30121 30113 30107 30104 30100 30093
