01 29558 29607 29615 29614 29619 29635 29656 29674 29715 29732 29741 29734 29733 29741 29754 29767 29783 29789 29798 29804 29818 29825 29833 29828
02 29841 29839 29840 29834 29827 29825 29821 29806 29798 29775 29744 29690 29671 29664 29633 29601 29586 29574 29569 29571 29569 29590 29591 29605
03 29626 29627 29631 29647 29650 29663 29675 29688 29708 29729 29730 29735 29741 29746 29762 29768 29784 29790 29794 29812 29824 29844 29844 29850
04 29852 29867 29864 29876 29870 29872 29882 29901 29922 29930 29940 29933 29937 29928 29939 29950 29947 29957 29967 29972 29975 29980 29975 29965
05 29963 29964 29960 29963 29959 29967 29975 29998 29996 30023 30033 30034 30036 30042 30056 30062 30065 30082 30094 30098 30102 30123 30118 30126
06 30131 30143 30143 30144 30146 30145 30158 30181 30191 30200 30211 30205 30209 30213 30227 30235 30253 30283 30305 30329 30348 30363 30361 30383
07 30389 30401 30403 30408 30407 30421 30417 30417 30417 30415 30406 30380 30364 30353 30341 30324 30312 30300 30284 30262 30256 30243 30228 30208
08 30182 30169 30146 30123 30096 30083 30069 30052 30045 30016 29989 29937 29881 29853 29841 29834 29818 29821 29828 29846 29852 29877 29889 29905
09 29921 29950 29966 29977 29984 30014 30037 30065 30075 30093 30107 30105 30102 30099 30102 30103 30104 30110 30118 30122 30141 30147 30153 30173
10 30192 30198 30192 30196 30204 30226 30250 30264 30272 30277 30274 30270 30264 30262 30261 30257 30249 30256 30253 30244 30233 30225 30214 30213
11 30201 30194 30188 30169 30148 30144 30144 30145 30139 30130 30128 30101 30092 30079 30070 30060 30048 30036 30024 30012 30001 29975 29956 29926
12 29902 29894 29868 29836 29812 29799 29795 29807 29816 29824 29819 29809 29817 29845 29855 29891 29921 29925 29969 29987 30016 30020 30029 30059
13 30077 30099 30130 30139 30150 30160 30186 30210 30229 30241 30247 30247 30253 30255 30277 30290 30296 30315 30326 30345 30347 30352 30356 30357
14 30359 30364 30355 30369 30369 30373 30385 30399 30414 30412 30411 30393 30387 30374 30375 30371 30367 30376 30375 30383 30384 30383 30372 30369
15 30365 30359 30355 30347 30389 30342 30344 30349 30356 30356 30344 30325 30319 30303 30291 30273 30258 30251 30247 30244 30231 30207 30179 30140
16 30140 30131 30123 30083 30039 30041 30029 30023 30028 30049 30050 30041 30035 30031 30040 30050 30055 30081 30083 30099 30098 30101 30099 30107
17 30083 30070 30069 30053 30043 30031 30026 30008 29995 29972 29938 29891 29841 29784 29733 29681 29621 29561 29525 29473 29435 29417 29399 29405
18 29421 29441 29491 29523 29541 29591 29607 29631 29651 29701 29727 29736 29740 29765 29776 29770 29807 29819 29822 29826 29818 29810 29790 29781
19 29758 29745 29719 29680 29654 29630 29594 29566 29553 29530 29516 29472 29439 29408 29385 29362 29334 29303 29290 29281 29283 29260 29246 29222
20 29214 29206 29199 29198 29208 29236 29243 29258 29287 29296 29317 29316 29329 29337 29355 29365 29384 29390 29428 29442 29464 29491 29509 29532
21 29557 29576 29593 29606 29620 29632 29651 29673 29694 29713 29730 29724 29729 29730 29748 29775 29780 29803 29810 29828 29848 29862 29866 29881
22 29900 29901 29909 29915 29914 29919 29928 29926 29939 29943 29944 29916 29888 29890 29880 29852 29816 29827 29796 29772 29758 29750 29752 29759
23 29757 29804 29828 29826 29843 29828 29822 29811 29804 29794 29801 29792 29753 29752 29738 29735 29719 29698 29666 29653 29653 29650 29644 29646
24 29659 29676 29672 29670 29717 29730 29775 29838 29893 29946 30090 30028 30045 30061 30084 30100 30114 30128 30147 30153 30145 30138 30125 30104
25 30085 30056 30060 30061 30052 30049 30033 30022 30014 30007 30033 30027 30007 29991 29991 29984 29975 29975 29964 29956 29946 29947 29931 29920
26 29902 29899 29877 29867 29854 29855 29854 29869 29854 29859 29862 29871 29878 29881 29872 29871 29881 29889 29896 29901 29913 29915 29903 29896
27 29895 29895 29896 29884 29893 29887 29882 29891 29881 29885 29896 29876 29872 29869 29855 29840 29844 29852 29859 29862 29871 29876 29877 29886
28 29884 29879 29883 29883 29882 29886 29888 29897 29913 29922 29934 29932 29938 29945 29944 29959 29974 29984 29992 29997 29996 30000 30006 29986
29 29989 29957 29952 29948 29940 29932 29932 29934 29934 29932 29941 29926 29909 29902 29903 29891 29895 29903 29902 29871 29879 29881 29881 29881
30 29874 29864 29850 29838 29831 29827 29819 29821 29825 29835 29838 29841 29837 29838 29846 29859 29869 29873 29881 29870 29878 29874 29861 29843
31 29829 29832 29841 29832 29840 29839 29846 29871 29862 29871 29884 29867 29854 29839 29817 29807 29790 29759 29750 29744 29737 29737 29725 29723
