01 29258 29261 29263 29280 29285 29301 29311 29328 29336 29349 29381 29356 29351 29361 29370 29378 29393 29408 29430 29461 29469 29487 29489 29505
02 29508 29517 29526 29535 29545 29561 29581 29595 29605 29607 29612 29612 29607 29600 29599 29602 29600 29616 29629 29652 29663 29678 29685 29693
03 29703 29707 29706 29721 29726 29738 29748 29752 29754 29762 29762 29768 29771 29778 29794 29770 29775 29788 29800 29809 29822 29821 29828 29836
04 29843 29875 29873 29880 29896 29918 29937 29941 29944 29955 29976 29980 29987 29988 29991 30001 30003 30007 30014 30028 30028 30021 30031 30028
05 30030 30028 30034 30037 30047 30048 30055 30059 30059 30069 30062 30060 30056 30047 30044 30040 30034 30034 30039 30043 30041 30041 30041 30041
06 30039 30033 30023 30026 30030 30040 30049 30052 30054 30055 30054 30049 30046 30028 30022 30017 30012 30009 30014 30026 30023 30024 30018 30009
07 29999 29986 29982 29975 29974 29989 29998 30008 29998 29991 29973 29949 29928 29908 29892 29879 29868 29857 29856 29863 29853 29848 29832 29820
08 29805 29790 29769 29751 29731 29715 29697 29673 29652 29631 29596 29566 29531 29498 29471 29445 29426 29414 29407 29413 29407 29388       29355
09 29326 29302 29292 29274 29264 29287 29287 29292 29294 29301 29292 29290 29289 29278 29257 29253 29243 29231 29211 29203 29188 29181 29172 29155
10 29139 29118 29102 29078 29045 29028 29000 28971 28932 28897 28863 28830 28808 28789 28782 28789 28797 28829 28848 28878 28885 28899 28909 28921
11 28936 28951 28958 28964 28957 28955 28972 28992 29013 29073 29115 29168 29208 29247 29266 29287 29302 29316 29325 29342 29350 29358 29376 29386
12 29377 29370 29365 29368 29371 29389 29411 29435 29453 29470 29466 29471 29478 29477 29477 29485 29483 29485 29476 29473 29461 29444 29423 29402
13 29375 29348 29333 29331 29328 29334 29341 29354 29348 29349 29351 29363 29372 29381 29379 29380 29400 29422 29446 29466 29476 29485 29496 29513
14 29513 29541 29541 29554 29569 29591 29604 29627 29641 29673 29698 29721 29723 29756 29773 29785 29792 29824 29843 29873 29885 29893 29903 29910
15 29915 29913 29913 29913 29916 29923 29928 29933 29921 29917 29908 29900 29892 29886 29871 29858 29854 29858 29863 29871 29870 29868 29868 29869
16 29867 29863 29857 29849 29848 29851 29854 29846 29836 29820 29811 29792 29771 29744 29717 29701 29689 29691 29683 29685 29659 29625 29602 29582
17 29532 29488 29453 29414 29391 29353 29331 29303 29274 29232 29202 29168 29134 29116 29091 29070 29052 29047 29027 29027 29004 28990 28975 28953
18 28939 28913 28906 28884 28864 28853 28847 28841 28833 28827 28814 28791 28768 28759 28724 28715 28688 28679 28671 28667 28664 28647 28633 28613
19 28598 28582 28566 28555 28543 28548 28542 28536 28529 28527 28518 28508 28498 28510 28503 28509 28513 28532 28541 28562 28580 28596 28614 28633
20 28642 28644 28654 28660 28667 28681 28688 28702 28716 28734 28739 28740 28749 28747 28741 28766 28763 28785 28807 28840 28862 28882 28897 28917
21 28927 28944 28953 28964 28978 28998 29018 29039 29054 29076 29081 29093 29106 29133 29138 29147 29163 29192 29223 29254 29272 29303 29317 29332
22 29337 29357 29378 29389 29400 29431 29451 29471 29481 29500 29502 29500 29509 29524 29530 29533 29534 29544 29555 29572 29580 29584 29577 29573
23 29572 29572 29564 29557 29555 29562 29563 29564 29562 29564 29554 29553 29553 29550 29545 29541 29540 29536 29541 29547 29549 29559 29561 29555
24 29541 29539 29529 29519 29519 29533 29537 29547 29546 29552 29549 29541 29537 29527 29507 29496 29465 29439 29463 29461 29466 29459 29450 29439
25 29434 29426 29439 29458 29472 29490 29499 29516 29529 29545 29561 29574 29575 29579 29583 29590 29602 29615 29623 29645 29652 29655 29662 29668
26 29669 29678 29677 29676 29678 29687 29698 29704 29704 29710 29719 29716 29707 29707 29696 29696 29695 29696 29696 29697 29696 29682 29617 29670
27 29656 29638 29632 29607 29589 29575 29562 29544 29521 29499 29489 29469 29442 29417 29396 29361 29338 29313 29292 29274 29257 29226 29206 29179
28 29153 29126 29100 29070 29051 29038 29028 29009 29006 29007 29014 29013 29015 29021 29022 29025 29021 29030 29035 29056 29064 29074 29080 29079
29 29083 29083 29077 29084 29097 29109 29120 29132 29143 29158 29162 29176 29182 29196 29208 29223 29222 29249 29259 29280 29299 29315 29319 29323
30 29329 29339 29344 29358 29368 29382 29392 29402 29410 29428 29435 29445 29444 29449 29446 29449 29457 29481 29495 29519 29540 29554 29559 29564
