01 29465 29450 29455 29469 29500 29536 29558 29590 29611 29631 29653 29656 29666 29681 29703 29725 29734 29760 29768 29779 29781 29786 29780 29775
02 29763 29747 29732 29715 29705 29687 29678 29652 29641 29611 29583 29544 29497 29442 29395 29333 29265 29214 29171 29130 29096 29059 29022 28986
03 28947 28901 28843 28800 28789 28811 28843 28880 28949 28996 29035 29087 29129 29167 29205 29245 29274 29320 29342 29376 29413 29447 29465 29473
04 29489 29503 29508 29524 29536 29552 29563 29584 29590 29605 29608 29615 29619 29623 29631 29638 29653 29661 29678 29693 29717 29733 29746 29757
05 29764 29778 29789 29798 29808 29829 29849 29862 29870 29876 29882 29888 29901 29901 29903 29903 29906 29910 29918 29925 29926 29932 29933 29924
06 29918 29911 29894 29883 29877 29867 29866 29860 29853 29845 29836 29830 29816 29801 29795 29789 29784 29789 29787 29776 29779 29782 29784 29784
07 29784 29783 29773 29774 29779 29792 29794 29797 29791 29800 29793 29802 29808 29809 29818 29821 29817 29825 29842 29860 29862 29859 29854 29856
08 29863 29868 29871 29864 29872 29875 29888 29887 29881 29879 29876 29864 29857 29858 29852 29844 29838 29830 29830 29822 29828 29824 29813 29802
09 29800 29792 29785 29767 29755 29752 29738 29734 29717 29711 29714 29710 29773 29797 29804 29812 29828 29853 29877 29910 29932 29948 29960 29973
10 29981 29999 30008 30020 30039 30054 30065 30079 30088 30091 30091 30098 30098 30092 30090 30081 30072 30072 30075 30086 30095 30098 30090 30082
11 30071 30070 30065 30063 30066 30065 30069 30082 30079 30076 30068 30059 30052 30043 30036 30027 30021 30016 30010 30007 30010 30013 30007 30001
12 29996 29990 29980 29979 29986 29982 29983 29981 29981 29976 29955 29944 29932 29913 29900 29884 29872 29859 29856 29853 29848 29837 29826 29814
13 29800 29789 29764 29755 29750 29754 29745 29742 29746 29782 29724 29717 29717 29701 29689 29680 29676 29679 29687 29687 29698 29701 29702 29704
14 29705 29703 29703 29704 29707 29711 29712 29710 29714 29714 29706 29709 29707 29707 29698 29687 29684 29689 29697 29695 29700 29704 29713 29714
15 29705 29707 29708 29697 29703 29710 29719 29731 29734 29747 29741 29746 29744 29746 29747 29748 29753 29751 29759 29764 29767 29771 29785 29782
16 29786 29778 29766 29763 29767 29775 29776 29782 29781 29781 29767 29762 29755 29753 29747 29743 29740 29729 29731 29733 29735 29727 29724 29727
17 29725 29725 29706 29710 29713 29710 29713 29724 29725 29721 29720 29712 29699 29681 29668 29664 29662 29656 29656 29637 29639 29647 29643 29645
18 29661 29647 29674 29653 29645 29672 29663 29674 29680 29695 29690 29730 29730 29730 29730 29740 29730 29740 29740 29750 29760 29780 29780 29780
19 29780 29780 29780 29780 29770 29780 29760 29740 29770 29770 29770 29760 29740 29740 29750 29740 29740 29740 29730 29720 29710 29700 29710 29710
20 29700 29700 29690 29690 29690 29690 29690 29700 29700 29690 29701 29695 29698 29693 29686 29680 29674 29672 29674 29693 29694 29691 29685 29684
21 29683 29678 29684 29688 29691 29692 29694 29713 29714 29719 29722 29710 29708 29711 29704 29699 29705 29706 29711 29723 29728 29744 29737 29735
22 29730 29731 29728 29735 29738 29743 29749 29751 29746 29742 29741 29734 29737 29729 29725 29724 29733 29728 29736 29760 29777 29781 29783 29774
23 29770 29767 29761 29740 29733 29722 29719 29715 29714 29719 29711 29717 29712 29707 29706 29709 29713 29713 29730 29747 29759 29768 29772 29774
24 29767 29752 29740 29728 29713 29702 29706 29706 29702 29689 29707 29709 29710 29709 29723 29723 29739 29752 29768 29789 29803 29810 29826 29831
25 29838 29838 29838 29850 29859 29894 29886 29893 29901 29912 29800 29899 29892 29901 29906 29896 29904 29910 29914 29935 29932 29920 29914 29889
26 29876 29848 29835 29805 29773 29735 29712 29691 29669 29630 29592 29553 29522 29481 29464 29448 29452 29440 29449 29448 29456 29473 29470 29476
27 29475 29484 29502 29502 29509 29528 29539 29566 29581 29597 29612 29634 29655 29660 29669 29690 29716 29723 29742 29751 29754 29760 29752 29741
28 29716 29702 29667 29634 29619 29610 29607 29607 29602 29605 29615 29612 29614 29600 29588 29574 29560 29540 29516 29484 29453 29414 29377 29330
29 29286 29295 29313 29341 29358 29385 29402 29420 29442 29456 29476 29494 29507 29520 29528 29533 29538 29545 29547 29552 29550 29539 29534 29515
30 29503 29491 29472 29452 29426 29403 29374 29350 29312 29280 29219 29152 29071 29030 29004 29015 29010 29001 28994 28988 28987 28992 28981 28970
31 28952 28943 28931 28933 28936 28970 29004 29050 29085 29120 29146 29169 29178 29212 29223 29242 29253 29267 29289 29308 29328 29354 29372 29390
