01 29947 29949 29949 29951 29958 29961 29966 29981 29985 29983 29979 29980 29974 29968 29966 29958 29960 29966 29958 29948 29944 29945 29940 29938
02 29933 29926 29922 29919 29908 29909 29915 29918 29915 29917 29922 29916 29910 29904 29896 29895 29890 29878 29876 29876 29873 29862 29839 29832
03 29820 29808 29789 29772 29770 29762 29768 29769 29763 29761 29762 29751 29743 29735 29726 29718 29724 29724 29731 29725 29728 29740 29731 29746
04 29747 29762 29769 29786 29802 29812 29840 29856 29878 29901 29915 29918 29926 29928 29937 29942 29956 29959 29963 29965 29964 29954 29954 29952
05 29943 29938 29919 29915 29905 29900 29888 29883 29878 29883 29869 29864 29851 29838 29828 29822 29811 29814 29818 29816 29813 29811 29811 29813
06 29812 29820 29817 29819 29827 29842 29850 29864 29878 29895 29903 29908 29898 29890 29888 29886 29900 29908 29906 29904 29899 29900 29892 29898
07 29887 29880 29871 29865 29869 29871 29879 29884 29881 29886 29875 29875 29873 29858 29850 29857 29862 29867 29865 29864 29864 29864 29865 29856
08 29857 29846 29835 29817 29805 29793 29787 29795 29791 29793 29784 29764 29750 29731 29726 29718 29724 29712 29714 29705 29700 29699 29696 29682
09 29666 29658 29641 29630 29622 29618 29624 29641 29659 29664 29662 29660 29657 29661 29668 29680 29694 29700 29711 29728 29740 29741 29752 29754
10 29752 29758 29761 29759 29769 29775 29780 29794 29795 29804 29790 29782 29774 29758 29746 29756 29754 29758 29753 29748 29741 29718 29701 29688
11 29674 29657 29642 29621 29607 29598 29578 29571 29560 29552 29535 29504 29469 29453 29428 29405 29377 29368 29349 29321 29302 29281 29251 29226
12 29192 29163 29111 29078 29074 29065 29039 29016 29010 29004 28995 28990 28977 28953 28952 28966 28972 28968 28959 28958 28956 28943 28936 28946
13 28959 28984 29001 29011 29016 29024 29049 29077 29101 29135 29166 29169 29153 29162 29166 29157 29197 29207 29214 29219 29231 29238 29235 29237
14 29241 29250 29245 29234 29229 29220 29221 29213 29196 29184 29176 29152 29125 29094 29067 29059 29048 29029 29000 29006 28995 29000 29007 29008
15 28999 29027 29024 29027 29034 29010 29025 29043 29054 29073 29088 29089 29093 29099 29107 29139 29139 29149 29165 29154 29165 29173 29170 29157
16 29133 29118 29101 29082 29052 29034 28998 28973 28979 28975 28965 28959 28952 28941 28955 28963 28973 28978 28977 28981 28987 29001 29010 29019
17 29017 29029 29052 29093 29132 29171 29206 29240 29277 29313 29338 29353 29374 29398 29416 29438 29459 29478 29484 29503 29514 29528 29545 29549
18 29551 29554 29559 29555 29551 29553 29545 29545 29545 29541 29533 29514 29493 29463 29441 29417 29392 29368 29355 29332 29315 29293 29291 29283
19 29273 29272 29267 29267 29267 29275 29290 29293 29287 29291 29289 29289 29273 29265 29251 29236 29219 29190 29176 29159 29143 29125 29112 29157
20 29214 29235 29252 29267 29271 29277 29284 29293 29321 29349 29379 29398 29416 29428 29450 29463 29485 29504 29515 29537 29548 29566 29577 29588
21 29603 29616 29625 29636 29648 29661 29671 29690 29704 29715 29717 29719 29721 29730 29721 29723 29741 29754 29757 29776 29781 29774 29782 29774
22 29775 29774 29778 29780 29791 29789 29788 29795 29796 29807 29805 29807 29798 29784 29783 29784 29793 29797 29790 29791 29792 29801 29794 29792
23 29777 29780 29775 29767 29770 29744 29744 29740 29742 29723 29710 29691 29673 29649 29640 29632 29624 29620 29609 29606 29608 29614 29612 29594
24 29583 29575 29572 29560 29552 29536 29522 29522 29520 29514 29506 29496 29479 29465 29469 29463 29457 29455 29451 29441 29436 29429 29412 29393
25 29381 29357 29340 29305 29281 29256 29237 29205 29166 29121 29056 29009 28971 28951 28932 28929 28939 28955 28977 28991 29017 29031 29043 29055
26 29072 29083 29099 29105 29118 29118 29127 29125 29123 29109 29075 29063 29051 29050 29051 29059 29061 29055 29047 29041 29043 29029 29024 29005
27 28993 28982 28969 28955 28949 28941 28927 28925 28923 28918 28905 28890 28881 28865 28863 28865 28867 28883 28884 28897 28900 28912 28920 28923
28 28930 28944 28947 28955 28965 28972 28983 28997 29006 29018 29019 29008 29002 29001 29007 29012 29021 29022 29019 29016 29015 29015 29017 29013
29 29002 28997 28993 28991 28995 29013 29019 29037 29053 29064 29067 29077 29078 29087 29099 29107 29121 29135 29139 29161 29169 29193 29209 29223
30 29225 29237 29246 29239 29248 29256 29256 29258 29261 29265 29268 29254 29247 29220 29222 29222 29220 29217 29210 29193 29174 29158 29140 29113
