01 29414 29416 29419 29442 29456 29478 29495 29511 29524 29540 29549 29556 29571 29596 29632 29651 29663 29682 29700 29714 29724 29731 29739 29744
02 29758 29761 29771 29783 29796 29809 29814 29819 29817 29809 29799 29790 29781 29771 29753 29721 29699 29662 29637 29609 29584 29534 29494 29430
03 29387 29351 29309 29269 29224 29173 29124 29083 29047 29009 28974 28939 28912 28894 28895 28912 28934 28959 28990 29035 29077 29134 29186 29235
04 29254 29290 29334 29357 29386 29416 29433 29446 29450 29467 29484 29509 29517 29529 29553 29566 29564 29584 29604 29623 29641 29653 29672 29682
05 29684 29701 29704 29714 29730 29753 29770 29793 29819 29840 29860 29885 29904 29920 29932 29950 29960 29969 29980 29996 30005 30006 30009 30004
06 29992 29987 29976 29969 29964 29959 29956 29947 29936 29927 29916 29897 29874 29866 29853 29828 29813 29803 29773 29771 29764 29756 29753 29751
07 29749 29742 29733 29734 29727 29741 29753 29758 29759 29773 29769 29775 29776 29776 29772 29768 29767 29778 29773 29790 29808 29816 29835 29848
08 29865 29880 29889 29911 29917 29926 29938 29943 29936 29940       29917       29873       29879       29886 29886 29886 29889 29883 29880 29868
09 29851 29833 29828 29825 29819 29809 29814 29789 29764 29746 29763 29744 29736 29709 29708 29731 29755 29803 29821 29846 29873 29898 29906 29928
10 29934 29944 29953 29974 29986 30001 30026 30043 30061 30075       30093       30099       30082       30093 30099 30103 30102 30101 30092 30073
11 30076 30061 30056 30055 30043 30046 30060 30059 30063 30066 30053 30051 30046 30052 30046 30059 30061 30064 30068 30080 30085 30099 30102 30109
12 30109 30101 30102 30101 30108 30113 30117 30118 30116 30105 30100 30091 30090 30077 30065 30067 30059 30056 30058 30069 30069 30066 30061 30060
13 30055 30050 30044 30033 30030 30028 30027 30024 30014 30009 29998 29991 29984 29966 29951 29934 29916 29919 29914 29914 29911 29909 29901 29894
14 29876 29874 29864 29868 29869 29867 29868 29871 29867 29867 29865 29865 29861 29856 29847 29844 29847 29842 29853 29859 29872 29879 29883 29886
15 29889 29889 29894 29892 29905 29908 29912 29921 29929 29939 29947 29951 29952 29957 29959 29958 29960 29965 29969 29982 29992 29999 29995 30002
16 29997 29995 29995 29992 29997 30002 30011 30016 30025 30027 30024 30023 30021 30026 30022 30019 30018 30022 30024 30033 30039 30036 30036 30041
17 30036 30034 30031 30027 30029 29936 30041 30042 30047 30042 30040 30037 30037 30040 30034 30033 30038 30041 30053 30065 30072 30077 30083 30083
18 30097 30096 30089 30089 30097 30102 30102 30105 30107 30105 30097 30101 30104 30101 30097 30092 30079 30083 30078 30090 30084 30095 30096 30091
19 30083 30078 30069 30067 30062 30064 30068 30064 30063 30061 30064 30062 30057 30052 30045 30036 30021 30017 30019 30022 30017 30007 29994 29984
20 29979 29975 29957 29951 29948 29949 29952 29958 29952 29949 29947 29946 29942 29931 29918 29914 29905 29890 29887 29894 29895 29890 29877 29860
21 29854 29845 29837 29834 29830 29822 29815 29810 29800 29787 29774 29762 29746 29739 29730 29714 29700 29719 29734 29754 29753 29754 29747 29740
22 29729 29722 29723 29717 29719 29706 29696 29692 29677 29672 29664 29645 29647 29645 29651 29662 29665 29652 29654 29659 29657 29659 29663 29656
23 29634 29629 29609 29594 29576 29565 29552 29557 29582 29585 29592 29598 29603 29607 29623 29643 29633 29651 29670 29693 29693 29694 29701 29695
24 29682 29685 29679 29676 29666 29663 29669 29674 29676 29676 29690 29686 29698 29699 29710 29719 29719 29721 29735 29746 29751 29755 29758 29760
25 29761 29759 29755 29755 29766 29779 29793 29801 29819 29826 29825 29821 29814 29818 29814 29815 29823 29827 29830 29837 29834 29832 29818 29810
26 29785 29765 29742 29731 29708 29695 29678 29658 29623 29600 29571 29532 29482 29439 29394 29324 29284 29251 29247 29260 29257 29267 29264 29268
27 29284 29311 29334 29359 29386 29417 29444 29487 29524 29556 29586 29617 29637 29667 29678 29703 29727 29744 29769 29781 29787 29793 29799 29799
28 29799 29794 29773 29769 29762 29751 29747 29724 29716 29700 29681 29656 29629 29613 29606 29581 29564 29548 29544 29541 29538 29524 29511 29491
29 29477 29467 29449 29433 29430 29427 29424 29422 29421 29425 29429 29440 29440 29441 29446 29452 29453 29468 29468 29486 29483 29481 29477 29482
30 29471 29468 29453 29445 29436 29423 29406 29402 29386 29367 29352 29327 29310 29289 29257 29237 29220 29202 29185 29167 29151 29135 29119 29102
31 29088 29082 29069 29069 29062 29067 29072 29085 29089 29100 29109 29129 29157 29173 29192 29214 29232 29252 29274 29294 29317 29337 29361 29386
