01 29996 30005 29987 29985 29983 29986 29985 29976 29971 29969 29964 29954 29939 29935 29925 29925 29916 29916 29917 29917 29924 29924 29920 29912
02 29900 29888 29885 29884 29882 29879 29877 29866 29856 29846 29836 29815 29800 29783 29762 29732 29713 29697 29697 29691 29692 29679 29643 29618
03 29587 29565 29547 29508 29476 29455 29433 29414 29377 29331 29305 29282 29240 29188 29131 29094 29142 29166 29181 29202 29234 29267 29286 29297
04 29302 29305 29303 29323 29338 29357 29389 29413 29418 29435 29435 29442 29438 29440 29432 29437 29442 29431 29411 29395 29362 29335 29270 29212
05 29134 29078 29060 29104 29166 29222 29260 29308 29339 29399 29405 29435 29458 29494 29516 29538 29563 29595 29614 29635 29647 29665 29678 29677
06 29672 29670 29670 29677 29677 29675 29681 29689 29685 29677 29673 29661 29651 29643 29635 29624 29609 29612 29591 29579 29570 29563 29551 29540
07 29527 29525 29511 29515 29517 29521 29537 29545 29551 29547 29553 29557 29565 29573 29575 29575 29573 29574 29581 29585 29591 29592 29590 29583
08 29578 29576 29567 29567 29569 29569 29575 29575 29581 29587 29585 29582 29575 29569 29559 29549 29537 29533 29522 29519 29521 29523 29521 29521
09 29519 29516 29520 29530 29541 29557 29577 29599 29623 29662 29690 29713 29714 29720 29744 29764 29773 29788 29806 29840 29864 29894 29898 29931
10 29939 29950 29972 29977 29996 30012 30019 30024 30026 30021 30015 30017 30009 30003 29994 29995 29997 29997 29999 30001 30001 30001 29995 29981
11 29976 29959 29949 29935 29929 29924 29912 29903 29887 29869 29857 29848 29842 29849 29843 29832 29823 29822 29821 29831 29833 29833 29839 29833
12 29839 29831 29818 29813 29809 29806 29813 29815 29799 29791 29786 29780 29779 29778 29768 29766 29763 29761 29760 29764 29762 29760 29762 29758
13 29748 29736 29726 29720 29727 29725 29732 29739 29747 29752 29749 29755 29757 29762 29765 29769 29761 29769 29773 29781 29777 29776 29778 29770
14 29761 29759 29741 29739 29725 29719 29717 29709 29694 29675 29668 29664 29650 29634 29612 29596 29573 29559 29544 29526 29506 29485 29469 29404
15 29418 29392 29370 29350 29336 29336 29380 29394 29407 29433 29444 29457 29455 29457 29466 29471 29487 29500 29503 29513 29519 29522 29522 29522
16 29520 29519 29515 29516 29516 29519 29519 29517 29510 29513 29512 29512 29507 29500 29498 29491 29491 29496 29498 29508 29512 29506 29502 29494
17 29491 29486 29478 29474 29464 29464 29456 29446 29432 29412 29402 29381 29346 29306 29262 29224 29204 29195 29207 29224 29239 29237 29231 29240
18 29268 29313 29348 29392 29415 29468 29500 29553 29575 29597 29621 29656 29668 29696 29708 29716 29716 29728 29732 29736 29734 29732 29721 29720
19 29714 29706 29694 29694 29692 29696 29697 29704 29710 29710 29706 29718 29730 29735 29730 29732 29741 29751 29756 29758 29772 29783 29784 29789
20 29786 29787 29787 29791 29790 29793 29792 29794 29780 29779 29778 29775 29773 29765 29749 29741 29734 29742 29747 29767 29785 29797 29795 29805
21 29803 29790 29799 29791 29784 29787 29783 29773 29754 29723 29702 29685 29662 29644 29628 29610 29603 29618 29649 29692 29712 29724 29740 29740
22 29743 29744 29747 29748 29748 29764 29770 29782 29780 29784 29795 29791 29795 29807 29805 29803 29807 29817 29819 29841 29843 29853 29858 29859
23 29853 29843 29835 29825 29803 29791 29799 29789 29799 29775 29772 29798 29775 29791 29785 29797 29809 29821 29829 29847 29851 29857 29871 29873
24 29875 29880 29867 29877 29880 29878 29886 29883 29883 29869 29864 29862 29860 29859 29861 29867 29862 29867 29880 29904 29917 29927 29944 29952
25 29965 29977 29981 29988 29994 30002 29997 30007 30007 29994 29992 29986 29983 29976 29970 29961 29949 29942 29939 29938 29955 29956 29954 29948
26 29944 29946 29940 29934 29936 29932 29926 29928 29922 29915 29906 29898 29898 29890 29884 29881 29877 29886 29892 29913 29936 29952 29968 29972
27 29968 29965 29961 29962 29967 29976 29972 29972 29969 29965 29953 29947 29940 29937 29937 29936 29933 29935 29937 29944 29947 29956 29958 29958
28 29955 29945 29939 29945 29941 29941 29937 29935 29929 29926 29924 29920 29908 29909 29893 29885 29877 29872 29863 29873 29868 29871 29867 29856
29 29843 29835 29830 29823 29817 29811 29811 29805 29796 29799 29789 29781 29777 29773 29762 29754 29745 29737 29737 29743 29744 29749 29746 29748
30 29735 29728 29708 29709 29703 29705 29708 29700 29697 29691 29684 29684 29672 29660 29658 29652 29650 29653 29645 29652 29645 29647 29634 29620
