01 29334 29337 29344 29352 29351 29354 29364 29372 29387 29414 29452 29480 29509 29538 29554 29557 29574 29589 29596 29613 29627 29628 29631 29637
02 29635 29626 29616 29609 29602 29601 29591 29579 29567 29552 29542 29527 29525 29494 29460 29430 29391 29366 29345 29324 29302 29270 29223 29176
03 29111 29039 28972 28900 28829 28767 28724 28712 28744 28809 28863 28913 28971 29019 29048 29084 29113 29168 29193 29234 29251 29262 29289 29309
04 29321 29342 29356 29378 29391 29416 29423 29449 29456 29473 29475 29490 29506 29508 29505 29501 29498 29504 29510 29516 29528 29528 29532 29541
05 29547 29561 29566 29584 29599 29629 29648 29667 29694 29715 29732 29746 29765 29781 29786 29788 29790 29800 29810 29813 29820 29827 29827 29815
06 29809 29812 29806 29803 29802 29799 29801 29802 29802 29807 29801 29792 29784 29775 29770 29759 29750 29737 29723 29722 29725 29716 29702 29693
07 29690 29683 29671 29676 29683 29688 29689 29693 29690 29693 29695 29703 29697 29698 29697 29694 29687 29697 29702 29719 29723 29724 29728 29726
08 29730 29719 29717 29727 29730 29725 29736 29747 29751 29760 29759 29764 29762 29757 29752 29737 29737 29730 29730 29735 29734 29732 29732 29737
09 29729 29725 29712 29703 29699 29697 29696 29693 29682 29670 29654 29645 29627 29621 29620 29639 29642 29656 29666 29687 29719 29745 29761 29772
10 29789 29799 29798 29822 29830 29860 29874 29892 29912 29933 29940 29934 29934 29946 29947 29953 29951 29952 29945 29957 29958 29968 29963 29965
11 29957 29958 29950 29948 29944 29950 29951 29943 29937 29941 29936 29933 29928 29916 29907 29899 29886 29881 29881 29885 29888 29890 29890 29888
12 29883 29873 29869 29870 29875 29873 29871 29865 29857 29845 29836 29824 29805 29785 29765 29748 29736 29733 29736 29740 29735 29731 29724 29712
13 29695 29677 29654 29641 29629 29627 29617 29615 29600 29592 29572 29574 29571 29554 29536 29535 29529 29531 29532 29545 29552 29555 29557 29562
14 29553 29551 29544 29545 29547 29551 29550 29557 29554 29556 29558 29554 29546 29537 29529 29533 29536 29546 29556 29564 29568 29582 29581 29576
15 29575 29578 29577 29578 29582 29581 29593 29598 29601 29609 29608 29610 29606 29611 29606 29601 29604 29611 29613 29623 29625 29628 29627 29630
16 29622 29629 29621 29619 29633 29640 29648 29650 29645 29642 29640 29635 29632 29620 29618 29605 29599 29606 29611 29620 29631 29628 29630 29629
17 29623 29613 29606 29610 29611 29619 29613 29617 29621 29620 29611 29601 29587 29580 29568 29559 29545 29545 29552 29559 29553 29561 29572 29563
18 29559 29565 29559 29580 29575 29600 29591 29576 29573 29561 29591 29587 29591 29595 29595 29592 29592 29604 29619 29627 29628 29631 29641 29636
19 29628 29622 29608 29611 29602 29604 29602 29593 29585 29565 29572 29555 29554 29547 29539 29538 29528 29530 29528 29537 29530 29533 29521 29521
20 29501 29491 29467 29446 29438 29441 29434 29449 29433 29414 29433 29431 29418 29412 29410 29414 29410 29416 29429 29440 29455 29460 29461 29459
21 29458 29459 29467 29472 29479 29486 29500 29503 29507 29504 29500 29493 29486 29478 29465 29454 29449 29454 29459 29466 29474 29476 29474 29473
22 29464 29453 29454 29454 29452 29456 29459 29468 29476 29473 29481 29471 29475 29469 29469 29468 29467 29465 29464 29474 29480 29487 29487 29483
23 29475 29475 29474 29457 29447 29441 29435 29417 29420 29420 29414 29407 29404 29393 29388 29387 29386 29390 29402 29425 29440 29461 29469 29477
24 29475 29474 29460 29447 29438 29452 29445 29435 29439 29431 29428 29412 29400 29405 29423 29430 29429 29443 29468 29477 29492 29505 29512 29519
25 29522 29532 29529 29538 29550 29564 29578 29601 29607 29612 29615 29615 29614 29619 29614 29621 29611 29620 29625 29638 29644 29651 29647 29641
26 29628 29614 29613 29601 29590 29580 29568 29557 29541 29525 29513 29487 29445 29413 29391 29354 29308 29269 29234 29198 29169 29175 29177 29177
27 29186 29189 29199 29202 29205 29207 29223 29241 29251 29263 29289 29314 29331 29347 29371 29397 29422 29454 29479 29506 29512 29523 29525 29536
28 29536 29540 29535 29537 29528 29522 29520 29521 29496 29474 29487 29443 29421 29403 29401 29401 29379 29381 29383 29380 29363 29337 29311 29289
29 29259 29223 29187 29158 29125 29121 29115 29154 29146 29165 29176 29204 29224 29252 29266 29293 29298 29314 29322 29346 29347 29348 29343 29338
30 29328 29320 29306 29299 29280 29269 29260 29247 29226 29200 29175 29147 29107 29056 29019 28943 28869 28801 28750 28759 28749 28751 28727 28708
31 28708 28687 28663 28636 28637 28617 28593 28584 28581 28591 28612 28648 28664 28652 28696 28750 28779 28796 28832 28858 28899 28956 28988 29020
