01 29951 29937 29927 29923 29919 29916 29911 29906 29907 29903 29904 29895 29888 29895 29886 29888 29891 29893 29897 29900 29906 29914 29912 29916
02 29914 29915 29920 29934 29950 29968 29980 30005 30024 30036 30042 30046 30050 30062 30073 30073 30074 30075 30076 30073 30084 30089 30092 30085
03 30065 30048 30052 30043 30028 30010 30005 29990 29989 29979 29974 29962 29953 29938 29928 29921 29918 29940 29956 29970 29992 30008 30016 30034
04 30037 30033 30033 30035 30042 30044 30046 30048 30033 30018 29997 29980 29953 29939 29886 29858 29829 29788 29762 29732 29720 29699 29666 29664
05 29676 29688 29708 29720 29730 29756 29780 29786 29806 29830 29854 29871 29877 29885 29891 29903 29913 29917 29929 29941 29949 29956 29951 29949
06 29942 29950 29955 29933 29941 29934 29931 29917 29909 29899 29888 29868 29853 29834 29803 29796 29775 29758 29750 29742 29737 29717 29724 29702
07 29696 29680 29654 29638 29619 29607 29598 29590 29588 29587 29578 29568 29572 29559 29544 29525 29525 29512 29518 29529 29538 29544 29544 29550
08 29548 29555 29568 29598 29634 29676 29702 29738 29766 29798 29810 29842 29873 29896 29918 29931 29950 29966 29984 29996 30000 29998 29993 29983
09 29974 29938 29911 29878 29860 29859 29889 29904 29942 29973 29999 30028 30048 30052 30061 30064 30070 30069 30073 30068 30064 30066 30064 30064
10 30063 30062 30054 30056 30063 30073 30090 30110 30118 30137 30151 30163 30174 30185 30192 30204 30211 30223 30241 30253 30261 30277 30287 30294
11 30295 30297 30291 30297 30307 30316 30327 30339 30347 30352 30360 30352 30357 30357 30360 30357 30360 30363 30364 30372 30384 30388 30391 30386
12 30382 30378 30362 30369 30368 30372 30377 30378 30388 30397 30393 30393 30402 30398 30401 30397 30391 30399 30401 30405 30414 30415 30414 30410
13 30399 30390 30386 30383 30379 30378 30377 30385 30385 30386 30384 30374 30373 30374 30374 30370 30372 30368 30371 30365 30366 30367 30368 30365
14 30361 30359 30362 30358 30367 30369 30372 30377 30373 30373 30374 30372 30370 30366 30362 30361 30358 30352 30356 30355 30361 30361 30366 30366
15 30362 30356 30354 30350 30342 30344 30345 30340 30332 30322 30310 30303 30296 30287 30276 30274 30278 30280 30278 30278 30285 30292 30287 30280
16 30273 30262 30259 30259 30251 30247 30249 30252 30259 30259 30262 30267 30268 30267 30269 30279 30277 30273 30277 30279 30280 30288 30290 30289
17 30291 30281 30289 30292 30293 30293 30300 30315 30319 30338 30337 30333 30337 30341 30339 30324 30328 30326 30331 30331 30341 30355 30351 30353
18 30345 30337 30325 30321 30320 30327 30335 30334 30327 30320 30313 30312 30318 30321 30313 30302 30295 30283 30285 30284 30292 30291 30293 30287
19 30281 30273 30271 30265 30269 30271 30275 30277 30275 30272 30273 30267 30263 30263 30259 30252 30255 30255 30262 30261 30267 30275 30272 30263
20 30259 30250 30239 30229 30228 30221 30225 30230 30226 30220 30226 30231 30220 30217 30218 30207 30195 30191 30180 30180 30176 30177 30171 30170
21 30157 30150 30138 30122 30112 30104 30108 30105 30107 30103       30096 30085 30086 30080 30073 30059 30061 30056 30059 30077 30076 30071 30069
22 30067 30057 30057 30051 30049 30038 30039 30061 30074 30067 30067 30064 30061 30060 30063 30064 30063 30065 30080 30088 30095 30103 30111 30111
23 30107 30111 30107 30099 30101 30110 30116 30124 30136 30140 30147 30148 30148 30140 30148 30150 30148 30149 30159 30170 30182 30193 30195 30192
24 30199 30195 30196 30202 30209 30228 30240 30253 30257 30267 30268 30264 30273 30282 30279 30277 30285 30295 30298 30315 30321 30324 30329 30313
25 30313 30299 30295 30287 30285 30289 30284 30287 30287 30284 30276 30268 30263 30261 30255 30243 30230 30217 30211 30202 30197 30175 30168 30137
26 30121 30097 30083 30071 30053 30041 30032 30030 30021 30022 30011 29996 29979 29965 29951 29930 29938 29953 29984 29995 30019 30033 30059 30073
27 30070 30069 30071 30069 30095 30101 30111 30117 30118 30108 30099 30085 30075 30053 30030 30007 29992 29955 29929 29891 29866 29819 29775 29726
28 29706 29691 29662 29635 29637 29644 29648 29659 29658 29659 29681 29680 29692 29704 29716 29735 29752 29763 29787 29802 29822 29842 29854 29858
29 29863 29876 29885 29885 29894 29909 29938 29946 29950 29950 29949 29951 29955 29956 29955 29948 29945 29930 29916 29915 29913 29894 29873 29841
30 29822 29803 29776 29765 29761       29740 29731 29732 29736 29727 29726 29709 29705 29707 29711 29692 29692 29670 29677 29673 29673 29664 29641
31 29629 29620 29618 29619 29628 29645 29661 29689 29707 29736 29754 29780 29803 29817 29831 29843 29851 29860 29866 29870 29876 29891 29893 29895
