01 29398 29411 29422 29429 29436 29451 29460 29465 29473 29491 29494 29500 29508 29519 29526 29528 29540 29548 29559 29568 29581 29584 29593 29606
02 29608 29615 29613 29619 29627 29641 29657 29668 29675 29688 29694 29699 29700 29701 29706 29709 29709 29722 29731 29729 29740 29743 29746 29745
03 29741 29736 29737 29734 29735 29745 29751 29747 29750 29749 29743 29728 29710 29691 29669 29656 29647 29621 29598 29579 29555 29506 29451 29372
04 29336 29301 29268 29241 29238 29253 29267 29291 29299 29301 29306 29304 29291 29277 29260 29236 29218 29198 29180 29165 29150 29112 29081 29054
05 29029 29020 29007 29020 29038 29050 29063 29091 29110 29122 29141 29159 29177 29175 29176 29183 29172 29176 29171 29173 29160 29152 29160 29149
06 29137 29125 29118 29114 29120 29135 29152 29168 29191 29212 29215 29236 29243 29262 29271 29282 29287 29286 29292 29303 29303 29305 29300 29292
07 29291 29295 29298 29309 29312 29314 29320 29325 29333 29338 29337 29339 29356 29345 29350 29347 29361 29358 29359 29371 29382 29396 29408 29421
08 29430 29447 29463 29471 29482 29500 29510 29525 29526 29530 29526 29523 29537 29535 29536 29543 29546 29553 29554 29553 29553 29553 29539 29534
09 29528 29526 29528 29528 29541 29555 29571 29596 29604 29613 29622 29637 29641 29649 29647 29653 29664 29662 29664 29660 29661 29658 29652 29644
10 29634 29627 29625 29629 29633 29658 29667 29676 29676 29684 29690 29692 29690 29688 29692 29684 29683 29687 29696 29704 29705 29716 29724 29712
11 29710 29709 29707 29702 29700 29701 29703 29708 29710 29703 29697 29697 29699 29711 29712 29717 29719 29731 29738 29749 29758 29763 29781 29790
12 29785 29784 29789 29787 29794 29801 29807 29809 29807 29815 29811 29809 29810 29815 29812 29800 29797 29799 29798 29801 29800 29783 29780 29783
13 29782 29777 29772 29758 29745 29742 29741 29748 29752 29739 29735 29729 29724 29724 29713 29706 29709 29716 29727 29724 29717 29712 29701 29692
14 29683 29674 29666 29652 29646 29653 29646 29652 29649 29642 29634 29631 29620 29611       29596 29596 29608 29603 29621 29619 29616 29608 29599
15 29589 29576 29557 29549 29549 29541 29542 29543 29536 29515 29501 29489 29482 29474 29466 29460 29456 29453 29453 29453 29446 29436 29427 29419
16 29409 29394 29390 29379 29368 29360 29362 29361 29360 29352 29340 29338 29330 29331 29331 29327 29338 29346 29359 29370 29379 29383 29391 29403
17 29406 29408 29407 29405 29410 29414 29420 29425 29421 29435 29434 29423 29424 29410 29403 29395 29405 29416 29412 29428 29433 29433 29437 29451
18 29455 29462 29469 29477 29486 29502 29514 29535 29553 29569 29590 29619 29635 29656 29670 29691 29713 29749 29773 29809 29829 29846 29864 29882
19 29904 29929 29935 29947 29954 29982 29985 30002 30011 30029 30033 30034 30035 30033 30036 30028 30033 30047 30051 30067 30069 30071 30073 30073
20 30066 30056 30060 30049 30052 30053 30058 30066 30073 30084 30071 30056 30041 30027 30024 30017 30009 29995 30004 30002 29996 29972 29957 29953
21 29944 29925 29917 29902 29890 29880 29878 29878 29869 29866 29856 29843 29830 29810 29796 29775 29764 29752 29747 29738 29727 29724 29719 29707
22 29692 29681 29670 29653 29652 29632 29626 29617 29574 29593 29588 29571 29565 29561 29545 29525 29508 29512 29518 29501 29504 29489 29492 29483
23 29483 29483 29489 29493 29497 29500 29518 29527 29529 29534 29545 29545 29551 29545 29538 29527 29532 29535 29536 29544 29545 29534 29532 29520
24 29512 29495 29473 29448 29427 29395 29383 29357 29323 29287 29261 29226 29208 29195 29189 29196 29200 29236 29267 29308 29345 29385 29419 29447
25 29465 29484 29502 29520 29545 29554 29576 29596 29617 29629 29644 29663 29675 29673 29666 29670 29673 29662 29661 29653 29648 29626 29617 29604
26 29589 29566 29537 29527 29503 29487 29478 29475 29478 29490 29483 29483 29491 29502 29497 29503 29508 29535 29538 29550 29551 29555 29553 29555
27 29551 29557 29550 29558 29551 29546 29542 29540 29536 29541 29529 29526 29509 29485 29472 29464 29458 29449 29447 29443 29436 29430 29415 29406
28 29391 29376 29364 29356 29347 29336 29336 29338 29331 29330 29328 29317 29312 29309 29306 29306 29313 29324 29341 29351 29356 29364 29373 29373
29 29379 29385 29390 29398 29412 29421 29436 29458 29473 29488 29494 29505 29518 29511 29508 29522 29522 29534 29548 29556 29552 29552 29556 29550
30 29551 29544 29530 29523 29510 29510 29501 29503 29490 29502 29468 29461 29441 29432 29445 29422 29426 29445 29454 29470 29479 29490 29509 29530
