01 29922 29916 29920 29924 29924 29929 29922 29924 29929 29928 29930 29922 29921 29919 29914 29907 29902 29900 29894 29899 29908 29910 29916 29917
02 29912 29918 29919 29930 29939 29950 29966 29977 29988 29990 29989 29990 29992 29994 29998 30001 30005 30020 30034 30043 30057 30065 30070 30074
03 30076 30079 30087 30090 30096 30101 30104 30109 30106 30100 30095 30089 30082 30075 30070 30065 30061 30059 30054 30059 30066 30069 30072 30069
04 30062 30059 30053 30048 30054 30053 30055 30055 30042 30039 30032 30014 30016 30011 30006 30000 29997 29998 29998 30000 30002 30000 29995 29986
05 29972 29965 29954 29953 29946 29940 29944 29944 29940 29942 29936 29930 29930 29915 29912 29916 29916 29922 29928 29939 29942 29960 29969 29978
06 29970 29976 29976 29988 30005 30010 30008 30001 30003 30004 29997 29992 29984 29970 29957 29946 29929 29925 29914 29908 29898 29880 29876 29859
07 29840 29825 29808 29804 29798 29796 29801 29800 29797 29798 29801 29798 29789 29784 29780 29768 29762 29771 29762 29758 29760 29768 29762 29762
08 29757 29745 29732 29722 29711 29706 29717 29727 29721 29710 29711 29732 29750 29755 29754 29760 29769 29782 29796 29825 29845 29878 29897 29912
09 29931 29940 29942 29949 29960 29965 29978 29982 29984 29982 29971 29962 29956 29951 29948 29943 29944 29948 29965 29966 29966 29968 29960 29956
10 29959 29961 29955 29964 29965 29976 29983 29983 29986 29988 29989 29987 29987 29989 29995 30000 30011 30022 30034 30053 30071 30087 30093 30104
11 30107 30113 30116 30124 30139 30163 30179 30192 30207 30217 30228 30237 30248 30258 30269 30279 30289 30297 30324 30341 30356 30364 30373 30377
12 30382 30383 30391 30393 30403 30412 30415 30417 30417 30411 30398 30397 30391 30386 30380 30368 30362 30355 30352 30358 30367 30368 30368 30366
13 30366 30366 30372 30376 30376 30377 30378 30380 30378 30374 30369 30359 30351 30338 30333 30327 30324 30324 30326 30331 30347 30359 30361 30362
14 30362 30365 30366 30380 30392 30392 30393 30391 30392 30391 30381 30372 30368 30358 30351 30344 30345 30347 30352 30361 30371 30381 30377 30382
15 30379 30382 30384 30385 30387 30394 30397 30395 30390 30383 30380 30366 30355 30341 30331 30317 30317 30319 30325 30344 30354 30365 30367 30363
16 30358 30355 30351 30349 30349 30350 30355 30353 30348 30337 30326 30311 30308 30283 30264 30249 30246 30242 30249 30256 30243 30227 30233 30229
17 30217 30205 30201 30193 30200 30211 30209 30204 30197 30187 30188 30181 30176 30161 30161 30158 30156 30165 30184 30195 30226 30245 30245 30248
18 30243 30237 30233 30236 30241 30252 30249 30244 30233 30225 30217 30191 30175 30159 30137 30119 30115 30106 30101 30079 30095 30093 30085 30087
19 30084 30075 30061 30056 30053 30047 30050 30059 30054 30059 30073 30066 30070 30081 30085 30095 30106 30120 30123 30141 30161 30175 30178 30196
20 30185 30188 30184 30181 30189 30195 30194 30205 30194 30189 30187 30180 30174 30168 30160 30147 30143 30142 30148 30156 30168 30176 30178 30172
21 30152 30152 30154 30153 30152 30162 30166 30168 30162 30148 30136 30116 30110 30096 30093 30080 30079 30082 30084 30090 30095 30098 30098 30092
22 30086 30074 30065 30060 30057 30052 30049 30042 30037 30014 29999 29983 29963 29948 29928 29921 29913 29905 29905 29907 29909 29909 29899 29888
23 29877 29868 29856 29860 29865 29873 29876 29881 29897 29910 29909 29905 29895 29890 29884 29882 29883 29879 29889 29896 29912 29923 29928 29937
24 29932 29934 29940 29931 29940 29955 29970 29972 29968 29972 29981 29996 29997 30003 30004 30014 30022 30041 30048 30072 30095 30110 30113 30117
25 30120 30125 30132 30149 30154 30167 30171 30170 30173 30170 30159 30136 30132 30122 30117 30108 30101 30095 30092 30095 30094 30098 30098 30098
26 30089 30080 30067 30058 30060 30050 30049 30061 30051 30038 30015 30006 29990 29977 29965 29947 29929 29923 29920 29921 29919 29917 29905 29897
27 29885 29883 29879 29891 29912 29939 29967 29994 30011 30026 30032 30036 30038 30034 30025 30012 30008 30002 30001 30001 29994 29976 29965 29942
28 29921 29909 29870 29852 29832 29801 29764 29747 29724 29700 29667 29644 29633 29616 29599 29589 29578 29570 29584 29612 29637 29674 29695 29706
29 29719 29733 29754 29769 29795 29836 29868 29886 29898 29916 29928 29934 29937 29944 29939 29946 29948 29950 29969 29994 30015 30029 30027 30019
30 30017 30013 30005 30006 30009 30015 30015 30018 30003 29995 29987 29980 29960 29956 29944 29933 29918 29920 29921 29919 29910 29876 29902 29870
31 29844 29807 29785 29759 29730 29714 29700 29649 29670 29642 29650 29634 29637 29622 29624 29640 29651 29655 29676 29707 29740 29785 29825 29855
