1879 05 01 08 00  36.75    3.06 1014.0          ALGIERS
1879 05 02 08 00  36.75    3.06 1005.2          ALGIERS
1879 05 03 08 00  36.75    3.06 1007.9          ALGIERS
1879 05 04 08 00  36.75    3.06 1011.6          ALGIERS
1879 05 05 08 00  36.75    3.06 1010.7          ALGIERS
1879 05 06 08 00  36.75    3.06 1012.0          ALGIERS
1879 05 07 08 00  36.75    3.06 1001.6          ALGIERS
1879 05 08 08 00  36.75    3.06  997.2          ALGIERS
1879 05 09 08 00  36.75    3.06 1003.6          ALGIERS
1879 05 10 08 00  36.75    3.06 1008.7          ALGIERS
1879 05 11 08 00  36.75    3.06 1010.0          ALGIERS
1879 05 12 08 00  36.75    3.06 1012.7          ALGIERS
1879 05 13 08 00  36.75    3.06 1016.5          ALGIERS
1879 05 14 08 00  36.75    3.06 1013.3          ALGIERS
1879 05 15 08 00  36.75    3.06 1010.7          ALGIERS
1879 05 16 08 00  36.75    3.06 1011.3          ALGIERS
1879 05 17 08 00  36.75    3.06 1014.9          ALGIERS
1879 05 18 08 00  36.75    3.06 1011.1          ALGIERS
1879 05 19 08 00  36.75    3.06 1006.3          ALGIERS
1879 05 20 08 00  36.75    3.06 1009.3          ALGIERS
1879 05 21 08 00  36.75    3.06 1011.3          ALGIERS
1879 05 22 08 00  36.75    3.06 1008.0          ALGIERS
1879 05 23 08 00  36.75    3.06 1008.8          ALGIERS
1879 05 24 08 00  36.75    3.06 1004.0          ALGIERS
1879 05 25 08 00  36.75    3.06 1005.3          ALGIERS
1879 05 26 08 00  36.75    3.06 1004.7          ALGIERS
1879 05 27 08 00  36.75    3.06 1001.6          ALGIERS
1879 05 28 08 00  36.75    3.06 1000.2          ALGIERS
1879 05 29 08 00  36.75    3.06 1004.5          ALGIERS
1879 05 30 08 00  36.75    3.06 1005.3          ALGIERS
1879 05 31 08 00  36.75    3.06 1008.0          ALGIERS
1879 05 01 08 00  30.51   47.78 1020.1            BASRA
1879 05 02 08 00  30.51   47.78 1018.8            BASRA
1879 05 03 08 00  30.51   47.78 1016.1            BASRA
1879 05 04 08 00  30.51   47.78 1013.5            BASRA
1879 05 05 08 00  30.51   47.78 1013.5            BASRA
1879 05 06 08 00  30.51   47.78 1014.8            BASRA
1879 05 07 08 00  30.51   47.78 1018.8            BASRA
1879 05 09 08 00  30.51   47.78 1017.5            BASRA
1879 05 10 08 00  30.51   47.78 1017.5            BASRA
1879 05 11 08 00  30.51   47.78 1017.5            BASRA
1879 05 12 08 00  30.51   47.78 1018.8            BASRA
1879 05 13 08 00  30.51   47.78 1020.1            BASRA
1879 05 15 08 00  30.51   47.78 1018.8            BASRA
1879 05 16 08 00  30.51   47.78 1014.8            BASRA
1879 05 17 08 00  30.51   47.78 1014.8            BASRA
1879 05 18 08 00  30.51   47.78 1018.8            BASRA
1879 05 19 08 00  30.51   47.78 1017.5            BASRA
1879 05 20 08 00  30.51   47.78 1017.5            BASRA
1879 05 21 08 00  30.51   47.78 1018.8            BASRA
1879 05 22 08 00  30.51   47.78 1018.8            BASRA
1879 05 23 08 00  30.51   47.78 1014.8            BASRA
1879 05 24 08 00  30.51   47.78 1012.1            BASRA
1879 05 25 08 00  30.51   47.78 1013.5            BASRA
1879 05 27 08 00  30.51   47.78 1013.5            BASRA
1879 05 28 08 00  30.51   47.78 1013.5            BASRA
1879 05 29 08 00  30.51   47.78 1013.5            BASRA
1879 05 30 08 00  30.51   47.78 1012.1            BASRA
1879 05 31 08 00  30.51   47.78 1014.8            BASRA
1879 05 01 08 00  31.51   -9.76 1014.0          MOGADOR
1879 05 02 08 00  31.51   -9.76 1010.8          MOGADOR
1879 05 03 08 00  31.51   -9.76 1009.9          MOGADOR
1879 05 04 08 00  31.51   -9.76 1007.1          MOGADOR
1879 05 05 08 00  31.51   -9.76 1012.4          MOGADOR
1879 05 06 08 00  31.51   -9.76 1012.8          MOGADOR
1879 05 07 08 00  31.51   -9.76 1012.4          MOGADOR
1879 05 08 08 00  31.51   -9.76 1009.7          MOGADOR
1879 05 09 08 00  31.51   -9.76 1016.4          MOGADOR
1879 05 10 08 00  31.51   -9.76 1018.2          MOGADOR
1879 05 11 08 00  31.51   -9.76 1019.8          MOGADOR
1879 05 12 08 00  31.51   -9.76 1016.9          MOGADOR
1879 05 13 08 00  31.51   -9.76 1017.1          MOGADOR
1879 05 14 08 00  31.51   -9.76 1015.7          MOGADOR
1879 05 15 08 00  31.51   -9.76 1018.2          MOGADOR
1879 05 16 08 00  31.51   -9.76 1018.0          MOGADOR
1879 05 17 08 00  31.51   -9.76 1019.2          MOGADOR
1879 05 18 08 00  31.51   -9.76 1018.1          MOGADOR
1879 05 19 08 00  31.51   -9.76 1015.1          MOGADOR
1879 05 20 08 00  31.51   -9.76 1014.5          MOGADOR
1879 05 21 08 00  31.51   -9.76 1009.7          MOGADOR
1879 05 22 08 00  31.51   -9.76 1012.5          MOGADOR
1879 05 23 08 00  31.51   -9.76 1016.5          MOGADOR
1879 05 24 08 00  31.51   -9.76 1016.0          MOGADOR
1879 05 25 08 00  31.51   -9.76 1015.1          MOGADOR
1879 05 26 08 00  31.51   -9.76 1015.3          MOGADOR
1879 05 27 08 00  31.51   -9.76 1017.8          MOGADOR
1879 05 28 08 00  31.51   -9.76 1011.5          MOGADOR
1879 05 29 08 00  31.51   -9.76 1013.7          MOGADOR
1879 05 30 08 00  31.51   -9.76 1014.0          MOGADOR
1879 05 31 08 00  31.51   -9.76 1017.1          MOGADOR
1879 05 01 08 00  45.80   24.13 1010.9            SIBIU
1879 05 02 08 00  45.80   24.13 1011.9            SIBIU
1879 05 03 08 00  45.80   24.13 1012.7            SIBIU
1879 05 04 08 00  45.80   24.13 1015.2            SIBIU
1879 05 05 08 00  45.80   24.13 1015.3            SIBIU
1879 05 06 08 00  45.80   24.13 1014.4            SIBIU
1879 05 07 08 00  45.80   24.13 1004.5            SIBIU
1879 05 08 08 00  45.80   24.13 1008.7            SIBIU
1879 05 09 08 00  45.80   24.13 1011.5            SIBIU
1879 05 10 08 00  45.80   24.13  998.6            SIBIU
1879 05 11 08 00  45.80   24.13  994.0            SIBIU
1879 05 12 08 00  45.80   24.13 1000.8            SIBIU
1879 05 13 08 00  45.80   24.13 1007.3            SIBIU
1879 05 14 08 00  45.80   24.13 1008.3            SIBIU
1879 05 15 08 00  45.80   24.13 1012.1            SIBIU
1879 05 16 08 00  45.80   24.13 1015.2            SIBIU
1879 05 17 08 00  45.80   24.13 1016.0            SIBIU
1879 05 18 08 00  45.80   24.13 1012.3            SIBIU
1879 05 19 08 00  45.80   24.13 1005.7            SIBIU
1879 05 20 08 00  45.80   24.13 1010.8            SIBIU
1879 05 21 08 00  45.80   24.13 1013.2            SIBIU
1879 05 23 08 00  45.80   24.13 1013.9            SIBIU
1879 05 24 08 00  45.80   24.13 1010.8            SIBIU
1879 05 25 08 00  45.80   24.13 1010.7            SIBIU
1879 05 26 08 00  45.80   24.13 1009.6            SIBIU
1879 05 27 08 00  45.80   24.13 1008.5            SIBIU
1879 05 28 08 00  45.80   24.13 1007.2            SIBIU
1879 05 29 08 00  45.80   24.13 1014.3            SIBIU
1879 05 30 08 00  45.80   24.13 1018.6            SIBIU
1879 05 31 08 00  45.80   24.13 1017.1            SIBIU
1879 05 01 08 00  38.72   -9.14 1023.6           LISBON
1879 05 02 08 00  38.72   -9.14 1018.0           LISBON
1879 05 03 08 00  38.72   -9.14 1014.9           LISBON
1879 05 04 08 00  38.72   -9.14 1013.7           LISBON
1879 05 05 08 00  38.72   -9.14 1015.9           LISBON
1879 05 06 08 00  38.72   -9.14 1016.1           LISBON
1879 05 07 08 00  38.72   -9.14 1006.9           LISBON
1879 05 08 08 00  38.72   -9.14 1008.9           LISBON
1879 05 09 08 00  38.72   -9.14 1017.2           LISBON
1879 05 10 08 00  38.72   -9.14 1021.0           LISBON
1879 05 11 08 00  38.72   -9.14 1023.8           LISBON
1879 05 12 08 00  38.72   -9.14 1023.4           LISBON
1879 05 13 08 00  38.72   -9.14 1020.5           LISBON
1879 05 14 08 00  38.72   -9.14 1018.6           LISBON
1879 05 15 08 00  38.72   -9.14 1017.5           LISBON
1879 05 16 08 00  38.72   -9.14 1019.8           LISBON
1879 05 17 08 00  38.72   -9.14 1024.9           LISBON
1879 05 18 08 00  38.72   -9.14 1023.6           LISBON
1879 05 19 08 00  38.72   -9.14 1021.0           LISBON
1879 05 20 08 00  38.72   -9.14 1016.1           LISBON
1879 05 21 08 00  38.72   -9.14 1015.1           LISBON
1879 05 22 08 00  38.72   -9.14 1014.4           LISBON
1879 05 23 08 00  38.72   -9.14 1016.9           LISBON
1879 05 24 08 00  38.72   -9.14 1017.1           LISBON
1879 05 25 08 00  38.72   -9.14 1014.5           LISBON
1879 05 26 08 00  38.72   -9.14 1016.4           LISBON
1879 05 27 08 00  38.72   -9.14 1015.3           LISBON
1879 05 28 08 00  38.72   -9.14 1010.8           LISBON
1879 05 29 08 00  38.72   -9.14 1012.8           LISBON
1879 05 30 08 00  38.72   -9.14 1017.3           LISBON
1879 05 31 08 00  38.72   -9.14 1020.8           LISBON
1879 05 01 08 00  45.94   -0.96 1023.7        ROCHEFORT
1879 05 02 08 00  45.94   -0.96 1013.9        ROCHEFORT
1879 05 03 08 00  45.94   -0.96 1022.4        ROCHEFORT
1879 05 04 08 00  45.94   -0.96 1024.7        ROCHEFORT
1879 05 05 08 00  45.94   -0.96 1025.1        ROCHEFORT
1879 05 06 08 00  45.94   -0.96 1023.4        ROCHEFORT
1879 05 07 08 00  45.94   -0.96 1014.2        ROCHEFORT
1879 05 08 08 00  45.94   -0.96 1011.2        ROCHEFORT
1879 05 09 08 00  45.94   -0.96 1015.6        ROCHEFORT
1879 05 10 08 00  45.94   -0.96 1010.8        ROCHEFORT
1879 05 11 08 00  45.94   -0.96 1017.3        ROCHEFORT
1879 05 12 08 00  45.94   -0.96 1022.7        ROCHEFORT
1879 05 13 08 00  45.94   -0.96 1024.7        ROCHEFORT
1879 05 14 08 00  45.94   -0.96 1023.7        ROCHEFORT
1879 05 15 08 00  45.94   -0.96 1023.0        ROCHEFORT
1879 05 16 08 00  45.94   -0.96 1023.7        ROCHEFORT
1879 05 17 08 00  45.94   -0.96 1024.0        ROCHEFORT
1879 05 18 08 00  45.94   -0.96 1017.3        ROCHEFORT
1879 05 19 08 00  45.94   -0.96 1008.8        ROCHEFORT
1879 05 20 08 00  45.94   -0.96 1013.9        ROCHEFORT
1879 05 21 08 00  45.94   -0.96 1020.0        ROCHEFORT
1879 05 22 08 00  45.94   -0.96 1019.3        ROCHEFORT
1879 05 23 08 00  45.94   -0.96 1018.3        ROCHEFORT
1879 05 24 08 00  45.94   -0.96 1023.4        ROCHEFORT
1879 05 25 08 00  45.94   -0.96 1019.6        ROCHEFORT
1879 05 26 08 00  45.94   -0.96 1014.2        ROCHEFORT
1879 05 27 08 00  45.94   -0.96 1014.2        ROCHEFORT
1879 05 28 08 00  45.94   -0.96 1003.7        ROCHEFORT
1879 05 29 08 00  45.94   -0.96 1003.0        ROCHEFORT
1879 05 30 08 00  45.94   -0.96 1011.9        ROCHEFORT
1879 05 31 08 00  45.94   -0.96 1014.2        ROCHEFORT
1879 05 01 08 00  50.38   -4.14 1018.3         PLYMOUTH
1879 05 02 08 00  50.38   -4.14 1028.4         PLYMOUTH
1879 05 03 08 00  50.38   -4.14 1031.2         PLYMOUTH
1879 05 04 08 00  50.38   -4.14 1032.2         PLYMOUTH
1879 05 05 08 00  50.38   -4.14 1033.5         PLYMOUTH
1879 05 06 08 00  50.38   -4.14 1022.7         PLYMOUTH
1879 05 07 08 00  50.38   -4.14 1018.6         PLYMOUTH
1879 05 08 08 00  50.38   -4.14 1020.3         PLYMOUTH
1879 05 09 08 00  50.38   -4.14 1009.1         PLYMOUTH
1879 05 10 08 00  50.38   -4.14 1017.6         PLYMOUTH
1879 05 11 08 00  50.38   -4.14 1018.6         PLYMOUTH
1879 05 12 08 00  50.38   -4.14 1021.0         PLYMOUTH
1879 05 13 08 00  50.38   -4.14 1021.3         PLYMOUTH
1879 05 14 08 00  50.38   -4.14 1013.5         PLYMOUTH
1879 05 15 08 00  50.38   -4.14 1021.7         PLYMOUTH
1879 05 16 08 00  50.38   -4.14 1022.7         PLYMOUTH
1879 05 17 08 00  50.38   -4.14 1017.3         PLYMOUTH
1879 05 18 08 00  50.38   -4.14 1001.0         PLYMOUTH
1879 05 19 08 00  50.38   -4.14 1009.8         PLYMOUTH
1879 05 20 08 00  50.38   -4.14 1015.6         PLYMOUTH
1879 05 21 08 00  50.38   -4.14 1019.6         PLYMOUTH
1879 05 22 08 00  50.38   -4.14 1020.7         PLYMOUTH
1879 05 23 08 00  50.38   -4.14 1025.7         PLYMOUTH
1879 05 24 08 00  50.38   -4.14 1025.4         PLYMOUTH
1879 05 25 08 00  50.38   -4.14 1013.2         PLYMOUTH
1879 05 26 08 00  50.38   -4.14 1012.2         PLYMOUTH
1879 05 27 08 00  50.38   -4.14 1003.0         PLYMOUTH
1879 05 28 08 00  50.38   -4.14  995.9         PLYMOUTH
1879 05 29 08 00  50.38   -4.14 1000.7         PLYMOUTH
1879 05 30 08 00  50.38   -4.14 1007.8         PLYMOUTH
1879 05 31 08 00  50.38   -4.14 1004.4         PLYMOUTH
1879 05 01 08 00  41.90   12.50 1010.3             ROME
1879 05 02 08 00  41.90   12.50 1010.7             ROME
1879 05 03 08 00  41.90   12.50 1003.8             ROME
1879 05 04 08 00  41.90   12.50 1007.5             ROME
1879 05 05 08 00  41.90   12.50 1012.5             ROME
1879 05 06 08 00  41.90   12.50 1009.9             ROME
1879 05 07 08 00  41.90   12.50 1006.9             ROME
1879 05 08 08 00  41.90   12.50 1009.7             ROME
1879 05 09 08 00  41.90   12.50 1004.9             ROME
1879 05 10 08 00  41.90   12.50 1001.6             ROME
1879 05 11 08 00  41.90   12.50 1003.1             ROME
1879 05 12 08 00  41.90   12.50 1006.4             ROME
1879 05 13 08 00  41.90   12.50 1012.7             ROME
1879 05 14 08 00  41.90   12.50 1017.1             ROME
1879 05 15 08 00  41.90   12.50 1017.6             ROME
1879 05 16 08 00  41.90   12.50 1018.5             ROME
1879 05 17 08 00  41.90   12.50 1014.7             ROME
1879 05 18 08 00  41.90   12.50 1011.1             ROME
1879 05 19 08 00  41.90   12.50 1009.5             ROME
1879 05 20 08 00  41.90   12.50 1009.2             ROME
1879 05 21 08 00  41.90   12.50 1012.3             ROME
1879 05 22 08 00  41.90   12.50 1018.2             ROME
1879 05 23 08 00  41.90   12.50 1020.6             ROME
1879 05 24 08 00  41.90   12.50 1016.8             ROME
1879 05 25 08 00  41.90   12.50 1008.8             ROME
1879 05 26 08 00  41.90   12.50 1004.8             ROME
1879 05 27 08 00  41.90   12.50 1005.1             ROME
1879 05 28 08 00  41.90   12.50 1011.5             ROME
1879 05 29 08 00  41.90   12.50 1015.2             ROME
1879 05 30 08 00  41.90   12.50 1020.4             ROME
1879 05 31 08 00  41.90   12.50 1014.4             ROME
1879 05 01 08 00  48.39   -4.49 1024.7            BREST
1879 05 02 08 00  48.39   -4.49 1019.0            BREST
1879 05 03 08 00  48.39   -4.49 1028.4            BREST
1879 05 04 08 00  48.39   -4.49 1031.2            BREST
1879 05 05 08 00  48.39   -4.49 1032.5            BREST
1879 05 06 08 00  48.39   -4.49 1029.5            BREST
1879 05 07 08 00  48.39   -4.49 1020.3            BREST
1879 05 08 08 00  48.39   -4.49 1018.6            BREST
1879 05 09 08 00  48.39   -4.49 1019.3            BREST
1879 05 10 08 00  48.39   -4.49 1012.2            BREST
1879 05 11 08 00  48.39   -4.49 1022.7            BREST
1879 05 12 08 00  48.39   -4.49 1022.7            BREST
1879 05 13 08 00  48.39   -4.49 1026.1            BREST
1879 05 14 08 00  48.39   -4.49 1022.7            BREST
1879 05 15 08 00  48.39   -4.49 1022.0            BREST
1879 05 16 08 00  48.39   -4.49 1027.4            BREST
1879 05 17 08 00  48.39   -4.49 1027.4            BREST
1879 05 18 08 00  48.39   -4.49 1010.8            BREST
1879 05 19 08 00  48.39   -4.49 1010.5            BREST
1879 05 20 08 00  48.39   -4.49 1016.6            BREST
1879 05 21 08 00  48.39   -4.49 1019.3            BREST
1879 05 22 08 00  48.39   -4.49 1022.7            BREST
1879 05 23 08 00  48.39   -4.49 1024.7            BREST
1879 05 24 08 00  48.39   -4.49 1031.2            BREST
1879 05 25 08 00  48.39   -4.49 1024.0            BREST
1879 05 26 08 00  48.39   -4.49 1020.0            BREST
1879 05 27 08 00  48.39   -4.49 1011.9            BREST
1879 05 28 08 00  48.39   -4.49 1003.4            BREST
1879 05 29 08 00  48.39   -4.49  997.3            BREST
1879 05 30 08 00  48.39   -4.49 1004.1            BREST
1879 05 31 08 00  48.39   -4.49 1007.5            BREST
1879 05 01 08 00  31.20   29.91 1009.5       ALEXANDRIA
1879 05 02 08 00  31.20   29.91 1011.6       ALEXANDRIA
1879 05 03 08 00  31.20   29.91 1013.9       ALEXANDRIA
1879 05 04 08 00  31.20   29.91 1012.7       ALEXANDRIA
1879 05 05 08 00  31.20   29.91 1010.8       ALEXANDRIA
1879 05 06 08 00  31.20   29.91 1008.1       ALEXANDRIA
1879 05 07 08 00  31.20   29.91 1005.3       ALEXANDRIA
1879 05 08 08 00  31.20   29.91 1015.2       ALEXANDRIA
1879 05 09 08 00  31.20   29.91 1016.3       ALEXANDRIA
1879 05 10 08 00  31.20   29.91 1010.9       ALEXANDRIA
1879 05 11 08 00  31.20   29.91 1005.6       ALEXANDRIA
1879 05 12 08 00  31.20   29.91 1009.1       ALEXANDRIA
1879 05 13 08 00  31.20   29.91 1010.3       ALEXANDRIA
1879 05 14 08 00  31.20   29.91 1015.3       ALEXANDRIA
1879 05 15 08 00  31.20   29.91 1014.8       ALEXANDRIA
1879 05 16 08 00  31.20   29.91 1016.7       ALEXANDRIA
1879 05 17 08 00  31.20   29.91 1018.8       ALEXANDRIA
1879 05 18 08 00  31.20   29.91 1016.3       ALEXANDRIA
1879 05 19 08 00  31.20   29.91 1009.9       ALEXANDRIA
1879 05 20 08 00  31.20   29.91 1011.6       ALEXANDRIA
1879 05 21 08 00  31.20   29.91 1015.2       ALEXANDRIA
1879 05 22 08 00  31.20   29.91 1015.5       ALEXANDRIA
1879 05 23 08 00  31.20   29.91 1013.7       ALEXANDRIA
1879 05 24 08 00  31.20   29.91 1012.0       ALEXANDRIA
1879 05 25 08 00  31.20   29.91 1014.0       ALEXANDRIA
1879 05 26 08 00  31.20   29.91 1014.1       ALEXANDRIA
1879 05 27 08 00  31.20   29.91 1013.1       ALEXANDRIA
1879 05 28 08 00  31.20   29.91 1012.3       ALEXANDRIA
1879 05 29 08 00  31.20   29.91 1012.5       ALEXANDRIA
1879 05 30 08 00  31.20   29.91 1011.3       ALEXANDRIA
1879 05 31 08 00  31.20   29.91 1010.0       ALEXANDRIA
1879 05 01 08 00  34.84    5.75 1004.5           BISKRA
1879 05 02 08 00  34.84    5.75  999.4           BISKRA
1879 05 03 08 00  34.84    5.75  993.8           BISKRA
1879 05 04 08 00  34.84    5.75 1002.3           BISKRA
1879 05 05 08 00  34.84    5.75  998.4           BISKRA
1879 05 06 08 00  34.84    5.75  999.8           BISKRA
1879 05 07 08 00  34.84    5.75  997.8           BISKRA
1879 05 08 08 00  34.84    5.75  991.8           BISKRA
1879 05 09 08 00  34.84    5.75  991.6           BISKRA
1879 05 10 08 00  34.84    5.75 1000.0           BISKRA
1879 05 11 08 00  34.84    5.75  999.5           BISKRA
1879 05 12 08 00  34.84    5.75 1002.8           BISKRA
1879 05 13 08 00  34.84    5.75 1005.5           BISKRA
1879 05 14 08 00  34.84    5.75  996.8           BISKRA
1879 05 15 08 00  34.84    5.75 1002.6           BISKRA
1879 05 16 08 00  34.84    5.75  999.1           BISKRA
1879 05 17 08 00  34.84    5.75  995.4           BISKRA
1879 05 18 08 00  34.84    5.75 1003.6           BISKRA
1879 05 19 08 00  34.84    5.75  998.8           BISKRA
1879 05 20 08 00  34.84    5.75  995.4           BISKRA
1879 05 21 08 00  34.84    5.75 1003.1           BISKRA
1879 05 22 08 00  34.84    5.75 1004.0           BISKRA
1879 05 23 08 00  34.84    5.75 1000.6           BISKRA
1879 05 24 08 00  34.84    5.75  990.3           BISKRA
1879 05 25 08 00  34.84    5.75  987.9           BISKRA
1879 05 26 08 00  34.84    5.75  995.1           BISKRA
1879 05 27 08 00  34.84    5.75  996.2           BISKRA
1879 05 28 08 00  34.84    5.75  993.5           BISKRA
1879 05 29 08 00  34.84    5.75  994.2           BISKRA
1879 05 30 08 00  34.84    5.75  994.6           BISKRA
1879 05 31 08 00  34.84    5.75  989.8           BISKRA
1879 05 01 08 00  45.76    4.84 1016.9            LYONS
1879 05 02 08 00  45.76    4.84 1010.8            LYONS
1879 05 03 08 00  45.76    4.84 1014.0            LYONS
1879 05 04 08 00  45.76    4.84 1017.5            LYONS
1879 05 05 08 00  45.76    4.84 1016.9            LYONS
1879 05 06 08 00  45.76    4.84 1016.8            LYONS
1879 05 07 08 00  45.76    4.84 1003.2            LYONS
1879 05 08 08 00  45.76    4.84 1006.9            LYONS
1879 05 09 08 00  45.76    4.84 1001.6            LYONS
1879 05 10 08 00  45.76    4.84 1006.1            LYONS
1879 05 11 08 00  45.76    4.84 1014.5            LYONS
1879 05 12 08 00  45.76    4.84 1019.3            LYONS
1879 05 13 08 00  45.76    4.84 1021.6            LYONS
1879 05 14 08 00  45.76    4.84 1018.6            LYONS
1879 05 15 08 00  45.76    4.84 1019.2            LYONS
1879 05 16 08 00  45.76    4.84 1019.3            LYONS
1879 05 17 08 00  45.76    4.84 1018.1            LYONS
1879 05 18 08 00  45.76    4.84 1009.6            LYONS
1879 05 19 08 00  45.76    4.84 1005.6            LYONS
1879 05 20 08 00  45.76    4.84 1012.3            LYONS
1879 05 21 08 00  45.76    4.84 1016.4            LYONS
1879 05 22 08 00  45.76    4.84 1017.6            LYONS
1879 05 23 08 00  45.76    4.84 1018.1            LYONS
1879 05 24 08 00  45.76    4.84 1018.9            LYONS
1879 05 25 08 00  45.76    4.84 1013.6            LYONS
1879 05 26 08 00  45.76    4.84 1007.5            LYONS
1879 05 27 08 00  45.76    4.84 1003.4            LYONS
1879 05 28 08 00  45.76    4.84 1001.5            LYONS
1879 05 29 08 00  45.76    4.84 1010.5            LYONS
1879 05 30 08 00  45.76    4.84 1013.5            LYONS
1879 05 31 08 00  45.76    4.84 1014.9            LYONS
1879 05 01 08 00  43.12    5.93 1012.5           TOULON
1879 05 02 08 00  43.12    5.93 1012.9           TOULON
1879 05 03 08 00  43.12    5.93 1009.1           TOULON
1879 05 04 08 00  43.12    5.93 1011.9           TOULON
1879 05 05 08 00  43.12    5.93 1013.9           TOULON
1879 05 06 08 00  43.12    5.93 1019.3           TOULON
1879 05 07 08 00  43.12    5.93 1009.5           TOULON
1879 05 08 08 00  43.12    5.93 1006.8           TOULON
1879 05 09 08 00  43.12    5.93 1003.4           TOULON
1879 05 10 08 00  43.12    5.93 1004.1           TOULON
1879 05 12 08 00  43.12    5.93 1009.8           TOULON
1879 05 13 08 00  43.12    5.93 1013.5           TOULON
1879 05 14 08 00  43.12    5.93 1018.6           TOULON
1879 05 15 08 00  43.12    5.93 1018.6           TOULON
1879 05 16 08 00  43.12    5.93 1019.6           TOULON
1879 05 17 08 00  43.12    5.93 1015.6           TOULON
1879 05 18 08 00  43.12    5.93 1013.2           TOULON
1879 05 19 08 00  43.12    5.93 1010.8           TOULON
1879 05 20 08 00  43.12    5.93 1009.5           TOULON
1879 05 21 08 00  43.12    5.93 1016.3           TOULON
1879 05 22 08 00  43.12    5.93 1017.3           TOULON
1879 05 24 08 00  43.12    5.93 1019.3           TOULON
1879 05 25 08 00  43.12    5.93 1012.9           TOULON
1879 05 26 08 00  43.12    5.93 1008.5           TOULON
1879 05 27 08 00  43.12    5.93 1004.1           TOULON
1879 05 28 08 00  43.12    5.93 1007.5           TOULON
1879 05 29 08 00  43.12    5.93 1006.8           TOULON
1879 05 30 08 00  43.12    5.93 1020.0           TOULON
1879 05 31 08 00  43.12    5.93 1013.2           TOULON
1879 05 01 08 00  58.20   -6.30 1024.0        STORNOWAY
1879 05 02 08 00  58.20   -6.30 1028.4        STORNOWAY
1879 05 03 08 00  58.20   -6.30 1024.4        STORNOWAY
1879 05 04 08 00  58.20   -6.30 1028.1        STORNOWAY
1879 05 05 08 00  58.20   -6.30 1026.1        STORNOWAY
1879 05 06 08 00  58.20   -6.30 1026.8        STORNOWAY
1879 05 07 08 00  58.20   -6.30 1025.4        STORNOWAY
1879 05 08 08 00  58.20   -6.30 1008.1        STORNOWAY
1879 05 09 08 00  58.20   -6.30 1012.9        STORNOWAY
1879 05 10 08 00  58.20   -6.30 1013.5        STORNOWAY
1879 05 11 08 00  58.20   -6.30 1000.3        STORNOWAY
1879 05 12 08 00  58.20   -6.30 1013.2        STORNOWAY
1879 05 13 08 00  58.20   -6.30 1013.5        STORNOWAY
1879 05 14 08 00  58.20   -6.30 1015.9        STORNOWAY
1879 05 15 08 00  58.20   -6.30 1024.4        STORNOWAY
1879 05 16 08 00  58.20   -6.30 1016.9        STORNOWAY
1879 05 17 08 00  58.20   -6.30 1014.9        STORNOWAY
1879 05 18 08 00  58.20   -6.30 1007.1        STORNOWAY
1879 05 19 08 00  58.20   -6.30 1008.1        STORNOWAY
1879 05 20 08 00  58.20   -6.30 1007.8        STORNOWAY
1879 05 21 08 00  58.20   -6.30 1017.9        STORNOWAY
1879 05 22 08 00  58.20   -6.30 1011.9        STORNOWAY
1879 05 23 08 00  58.20   -6.30 1019.6        STORNOWAY
1879 05 24 08 00  58.20   -6.30 1008.8        STORNOWAY
1879 05 25 08 00  58.20   -6.30 1003.0        STORNOWAY
1879 05 26 08 00  58.20   -6.30  997.6        STORNOWAY
1879 05 27 08 00  58.20   -6.30 1004.7        STORNOWAY
1879 05 28 08 00  58.20   -6.30 1012.5        STORNOWAY
1879 05 29 08 00  58.20   -6.30 1006.8        STORNOWAY
1879 05 30 08 00  58.20   -6.30 1003.7        STORNOWAY
1879 05 31 08 00  58.20   -6.30 1005.4        STORNOWAY
1879 05 01 08 00  32.67  -16.92 1017.6          FUNCHAL
1879 05 02 08 00  32.67  -16.92 1014.4          FUNCHAL
1879 05 03 08 00  32.67  -16.92 1009.6          FUNCHAL
1879 05 04 08 00  32.67  -16.92 1008.0          FUNCHAL
1879 05 05 08 00  32.67  -16.92 1012.9          FUNCHAL
1879 05 06 08 00  32.67  -16.92 1013.7          FUNCHAL
1879 05 07 08 00  32.67  -16.92 1021.8          FUNCHAL
1879 05 08 08 00  32.67  -16.92 1013.5          FUNCHAL
1879 05 09 08 00  32.67  -16.92 1020.1          FUNCHAL
1879 05 10 08 00  32.67  -16.92 1023.7          FUNCHAL
1879 05 11 08 00  32.67  -16.92 1023.3          FUNCHAL
1879 05 12 08 00  32.67  -16.92 1021.4          FUNCHAL
1879 05 13 08 00  32.67  -16.92 1020.6          FUNCHAL
1879 05 14 08 00  32.67  -16.92 1020.5          FUNCHAL
1879 05 15 08 00  32.67  -16.92 1021.6          FUNCHAL
1879 05 16 08 00  32.67  -16.92 1024.0          FUNCHAL
1879 05 17 08 00  32.67  -16.92 1024.2          FUNCHAL
1879 05 18 08 00  32.67  -16.92 1022.9          FUNCHAL
1879 05 19 08 00  32.67  -16.92 1018.4          FUNCHAL
1879 05 20 08 00  32.67  -16.92 1014.8          FUNCHAL
1879 05 21 08 00  32.67  -16.92 1015.1          FUNCHAL
1879 05 22 08 00  32.67  -16.92 1019.2          FUNCHAL
1879 05 23 08 00  32.67  -16.92 1020.5          FUNCHAL
1879 05 24 08 00  32.67  -16.92 1019.6          FUNCHAL
1879 05 25 08 00  32.67  -16.92 1019.2          FUNCHAL
1879 05 26 08 00  32.67  -16.92 1021.4          FUNCHAL
1879 05 27 08 00  32.67  -16.92 1021.8          FUNCHAL
1879 05 28 08 00  32.67  -16.92 1016.9          FUNCHAL
1879 05 29 08 00  32.67  -16.92 1013.9          FUNCHAL
1879 05 30 08 00  32.67  -16.92 1020.2          FUNCHAL
1879 05 31 08 00  32.67  -16.92 1022.0          FUNCHAL
