01 30297 30283 30277 30279 30271 30267 30263 30257 30246 30215 30200 30172 30152 30122 30102 30080 30060 30049 30038 30034 30028 30014 30006 29990
02 29972 29942 29918 29902 29896 29886 29878 29878 29868 29858 29839 29822 29803 29789 29771 29767 29763 29769 29777 29780 29783 29779 29767 29759
03 29743 29731 29711 29707 29697 29705 29701 29703 29699 29693 29699 29689 29673 29659 29651 29653 29661 29675 29687 29709 29729 29745 29758 29763
04 29769 29782 29797 29817 29840 29861 29872 29891 29905 29911 29919 29921 29928 29934 29933 29937 29940 29943 29957 29976 29987 30003 29999 29992
05 29984 29980 29977 29979 29985 29987 29995 30005 30013 30017 30019 30021 30015 30007 30004 29999 29997 29991 29999 30001 30007 30007 30005 29995
06 29985 29985 29981 29973 29974 29987 29997 30005 30001 30005 30010 30004 29994 29986 29972 29966 29970 29978 29979 30002 30020 30037 30054 30052
07 30054 30050 30053 30056 30064 30090 30100 30104 30100 30103 30094 30092 30096 30090 30086 30082 30082 30078 30082 30084 30092 30094 30092 30092
08 30087 30086 30079 30082 30080 30084 30086 30090 30097 30104 30110 30103 30100 30094 30092 30098 30106 30123 30146 30170 30194 30201 30210 30218
09 30220 30223 30230 30234 30248 30260 30268 30271 30274 30279 30267 30261 30249 30243 30231 30221 30217 30213 30214 30227 30225 30223 30215 30205
10 30193 30179 30167 30153 30141 30137 30127 30115 30105 30097 30091 30070 30053 30037 30015 30000 29989 29988 29987 29987 29981 29979 29979 29967
11 29955 29939 29927 29920 29915 29915 29918 29915 29905 29907 29903 29897 29893 29889 29889 29879 29884 29881 29899 29907 29919 29917 29925 29922
12 29919 29919 29927 29943 29947 29953 29968 29974 29975 29977 29981 29985 29990 29993 29989 29983 29986 30006 30029 30054 30066 30081 30085 30082
13 30082 30079 30079 30087 30089 30101 30104 30117 30115 30113 30111 30103 30108 30098 30083 30077 30078 30087 30107 30121 30134 30137 30131 30139
14 30131 30123 30119 30099 30093 30109 30115 30111 30101 30093 30075 30071 30057 30043 30029 30021 30017 30025 30033 30045 30053 30063 30061 30069
15 30077 30073 30071 30067 30065 30067 30073 30073 30071 30063 30043 30025 30015 30005 29993 29989 30002 30014 30033 30063 30084 30100 30103 30099
16 30097 30091 30095 30098 30099 30107 30109 30111 30108 30110 30095 30089 30075 30071 30071 30069 30083 30091 30112 30141 30157 30167 30175 30186
17 30181 30179 30177 30183 30187 30187 30190 30203 30205 30204 30199 30195 30189 30175 30169 30161 30157 30165 30173 30194 30217 30229 30238 30239
18 30231 30226 30219 30219 30229 30233 30233 30233 30239 30241 30238 30223 30220 30210 30204 30202 30206 30214 30217 30240 30254 30258 30260 30268
19 30264 30259 30256 30254 30252 30252 30250 30244 30238 30230 30222 30194 30168 30150 30126 30076 30082 30078 30074 30069 30078 30072 30081 30095
20 30102 30103 30106 30114 30122 30132 30139 30148 30160 30160 30160 30161 30163 30169 30165 30165 30177 30193 30211 30239 30261 30269 30267 30263
21 30259 30242 30237 30233 30232 30231 30227 30213 30209 30189 30178 30160 30144 30126 30100 30082 30074 30060 30050 30058 30058 30054 30031 30006
22 29980 29958 29938 29916 29894 29885 29872 29843 29823 29820 29796 29790 29774 29764 29758 29762 29777 29786 29800 29812 29833 29852 29866 29879
23 29881 29896 29900 29907 29915 29922 29927 29926 29920 29908 29901 29891 29890 29883 29877 29869 29862 29857 29858 29858 29857 29849 29841 29837
24 29832 29825 29813 29810 29805 29817 29828 29828 29829 29845 29860 29882 29890 29902 29908 29920 29928 29941 29950 29960 29990 29997 30000 30005
25 30002 30007 30004 30007 30017 30022 30037 30046 30055 30048 30043 30037 30022 30019 30013 30007 29999 29991 29993 29999 30001 29988 29987 29977
26 29968 29963 29944 29927 29931 29931 29931 29942 29927 29925 29910 29901 29888 29883 29887 29891 29877 29857 29843 29841 29837 29811 29793 29771
27 29744 29709 29689 29658 29664 29649 29652 29687 29700 29707 29724 29770 29776 29776 29788 29818 29862 29904 29936 29972 29986 30019 30040 30053
28 30065 30078 30084 30096 30110 30129 30156 30178 30184 30184 30183 30193 30199 30240 30241 30267 30271 30280 30301 30323 30343 30365 30371 30378
29 30385 30393 30399 30411 30423 30439 30441 30449 30447 30439 30439 30437 30431 30423 30413 30403 30397 30397 30395 30399 30407 30408 30410 30401
30 30393 30383 30380 30371 30375 30373 30368 30359 30345 30319 30305 30289 30271 30257 30231 30205 30191 30191       30201 30203 30197 30185 30169
31 30158 30151 30144 30131 30121 30117 30121 30117 30105 30111 30114 30100 30090 30081 30072 30070 30066 30068 30065 30074 30080 30075 30069 30066
