01 29376 29372 29369 29365 29365 29372 29374 29376 29376 29382 29376 29378 29377 29371 29366 29370 29362 29380 29389 29394 29394 29408 29406 29399
02 29395 29397 29388 29381 29374 29374 29370 29370 29364 29367 29362 29360 29347 29336 29335 29324 29324 29328 29323 29329 29323 29331 29318 29316
03 29318 29313 29311 29311 29318 29324 29340 29346 29345 29354 29355 29377 29385 29411 29417 29434 29447 29479 29508 29553 29578 29623 29636 29665
04 29677 29703 29711 29733 29748 29765 29784 29796 29813 29825 29842 29848 29855 29860 29856 29851 29860 29876 29878 29893 29904 29903 29902 29903
05 29896 29892 29893 29888 29881 29888 29890 29889 29878 29871 29867 29851 29851 29835 29827 29817 29817 29810 29802 29799 29791 29770 29761 29743
06 29720 29703 29679 29660 29637 29619 29601 29579 29551 29527 29519 29526 29520 29506 29503 29494 29492 29492 29487 29489 29485 29476 29465 29447
07 29434 29415 29402 29386 29375 29373 29363 29367 29356 29358 29339 29334 29321 29320 29306 29290 29283 29281 29274 29282 29275 29277 29270 29264
08 29255 29245 29237 29231 29227 29231 29233 29237 29236 29232 29232 29228 29232 29244 29247 29238 29244 29262 29274 29281 29293 29310 29315 29327
09 29332 29338 29343 29356 29371 29389 29398 29418 29418 29422 29416 29419 29425 29422 29432 29444 29444 29450 29453 29472 29482 29498 29498 29502
10 29503 29506 29510 29512 29519 29526 29534 29544 29546 29555 29559 29564 29572 29585 29586 29586 29592 29611 29621 29639 29652 29663 29672 29684
11 29687 29696 29695 29702 29709 29723 29733 29745 29747 29761 29758 29767 29769 29775 29783 29783 29787 29795 29805 29823 29838 29847 29851 29856
12 29853 29855 29853 29856 29861 29866 29877 29881 29883 29886 29885 29879 29879 29882 29879 29873 29874 29885 29893 29913 29919 29940 29943 29945
13 29947 29947 29950 29959 29963 29962 29961 29974 29972 29973 29970 29978 29978 29981 29973             29962 29961 29979 29991 30000 30002 29995
14 29994 29998 29998 29994 29998 30002 30010 30006 30010 30014 30023 30016 30023 30004 29999 30006 30002 30000 29998 29996 30007 30002 30000 29999
15 29989 29978 29964 29960 29949 29949 29950 29939 29936 29943 29933 29910 29894 29895 29917 29913 29908 29903 29915 29921 29934 29943 29941 29940
16 29936 29933 29926 29919 29929 29935 29947 29950 29963 29962 29960 29948 29946 29939 29932 29927 29915 29909 29905 29902 29909 29911 29913 29907
17 29897 29883 29873 29870 29857 29855 29849 29845 29836 29819 29798 29783 29765 29746 29740 29728 29714 29710 29702 29698 29701 29699 29695 29685
18 29679 29665 29650 29644 29629 29624 29628 29623 29621 29619 29626 29621 29619 29613 29610 29617 29612 29608 29606 29608 29611 29617 29618 29622
19 29619 29618 29621 29630 29642 29662 29672 29680 29689 29690 29694 29694 29707 29715 29719 29725 29723 29729 29735 29753 29766 29773 29775 29778
20 29787 29798 29797 29801 29810 29824 29843 29851 29861 29865 29870 29867 29864 29861 29861 29867 29863 29865 29869 29870 29878 29884 29889 29892
21 29892 29891 29889 29892 29894 29895 29895 29893 29896 29891 29892 29882 29882 29868 29863 29858 29855 29850 29852 29848 29856 29860 29862 29863
22 29857 29850 29846 29840 29842 29841 29838 29837 29832 29818 29806 29803 29799 29789 29777 29767 29756 29757 29753 29763 29767 29774 29774 29769
23 29760 29753 29745 29739 29731 29734 29730 29725 29724 29720 29703 29690 29679 29673 29674 29667 29655 29652 29649 29656 29649 29647 29639 29628
24 29615 29609 29601 29586 29584 29579 29575 29569 29569 29568 29566 29551 29543 29539 29535 29527 29529 29528 29533 29546 29551 29554 29559 29562
25 29561 29565 29564 29565 29572 29581 29588 29594 29607 29611 29602 29601 29595 29592 29587 29585 29575 29575 29569 29571 29570 29578 29570 29560
26 29555 29543 29521 29509 29493 29485 29479 29477 29462 29449 29437 29418 29409 29410 29398 29399 29396 29413 29416 29428 29433 29448 29448 29456
27 29462 29452 29451 29448 29447 29452 29458 29458 29464 29466 29470 29475 29480 29484 29484 29487 29483 29490 29492 29497 29492 29492 29480 29470
28 29446 29430 29404 29378 29357 29332 29304 29285 29258 29241 29216 29197 29190 29187 29170 29156 29142 29148 29141 29136 29138 29158 29159 29161
29 29167 29166 29160 29161 29170 29186 29189 29183 29184 29196 29199 29206 29201 29200 29199 29210 29217 29234 29233 29248 29255 29270 29267 29276
30 29279 29273 29271 29270 29271 29275 29285 29290 29290 29293 29297 29295 29286 29294 29297 29302 29303 29326 29336 29363 29374 29388 29395 29400
31 29404 29412 29407 29408 29410 29415 29419 29423 29419 29421 29414 29412 29410 29410 29402 29405 29400 29403 29404 29414 29412 29414 29411 29418
