01 29760 29767 29773 29787 29807 29839 29861 29887 29909 29933 29953 29956 29957 29957 29965 29973 29983 30001 30011 30029 30027 30035 30039 30039
02 30032 30023 30019 30017 30007 30009 30015 30027 30045 30081 30111 30127 30137 30143 30168 30191 30219 30231 30251 30261 30269 30268 30289 30293
03 30287 30291 30294 30311 30328 30353 30369 30391 30411 30434 30439 30447 30445 30443 30443 30447 30449 30465 30479 30474 30469 30469 30473 30483
04 30477 30481 30471 30468 30462 30461 30461 30463 30469 30472 30474 30461 30448 30424 30420 30413 30420 30420 30421 30424 30426 30425 30433 30428
05 30425 30426 30424 30424 30426 30436 30444 30448 30464 30475 30480 30468 30460 30450 30454 30464 30470 30483 30495 30510 30510 30512 30524 30522
06 30518 30524 30528 30528 30528 30532 30532 30546 30562 30578 30584 30576 30570 30565 30564 30566 30577 30585 30588 30586 30594 30608 30608 30604
07 30600 30604 30612 30604 30606 30603 30612 30624 30638 30648 30647 30639 30627 30622 30623 30623 30626 30627 30633 30629 30632 30629 30627 30617
08 30601 30595 30581 30581 30577 30577 30572 30569 30567 30569 30564 30562 30549 30530 30529 30522 30522 30520 30526 30526 30524 30522 30526 30523
09 30526 30526 30526 30520 30514 30512 30512 30518 30526 30532 30534 30524 30512 30502 30504 30505 30506 30504 30512 30508 30504 30504 30507 30512
10 30510 30515 30512 30510 30502 30514 30522 30534 30530 30539 30543 30532 30529 30524 30521 30524 30525 30521 30527 30526 30533 30533 30526 30519
11 30519 30517 30507 30507 30511 30515 30519 30527 30532 30539 30538 30538 30528 30526 30524 30531 30540 30546 30547 30546 30546 30548 30560 30556
12 30550 30550 30544 30538 30540 30545 30547 30552 30567 30590 30591 30571 30569 30548 30546 30550 30554 30563 30561 30557 30573 30572 30566 30558
13 30556 30549 30540 30536 30522 30502 30486 30492 30504 30492 30490 30488 30435 30408 30386 30383 30376 30364 30362 30350 30348 30346 30340 30328
14 30311 30315 30320 30316 30306 30311 30315 30310 30316 30322 30319 30315 30302 30291 30301 30311 30309 30309 30311 30319 30323 30329 30327 30323
15 30316 30321 30321 30317 30312 30309 30309 30309 30296 30299 30296 30275 30264 30242 30226 30222 30208 30198 30192 30167 30140 30122 30104 30093
16 30081 30076 30073 30070 30058 30051 30050 30040 30038 30034 30027 30001 29981 29959 29947 29943 29945 29943 29949 29951 29951 29953 29963 29965
17 29969 29973 29978 29985 29991 30013 30017 30029 30041 30053 30057 30043 30035 30013 30017 30009 30001 29993 29991 29991 29983 29977 29973 29964
18 29957 29957 29948 29939 29933 29937 29946 29951 29962 29977 29983 29984 29976 29982 29988 30000 30018 30036 30052 30076 30088 30112 30130 30150
19 30166 30189 30206 30226 30241 30268 30288 30322 30341 30376 30398 30411 30428 30440 30465 30486 30500 30518 30539 30546 30564 30578 30590 30606
20 30609 30609 30602 30604 30598 30594 30598 30612 30620 30626 30624 30619 30609 30599 30595 30589 30596 30593 30594 30589 30593 30607 30596 30599
21 30602 30599 30594 30599 30587 30592 30593 30604 30615 30619 30620 30612 30596 30578 30580 30570 30560 30560 30556 30547 30534 30524 30522 30504
22 30492 30474 30461 30444 30420 30411 30401 30380 30364 30358 30346 30338 30320 30310 30302 30306 30308 30308 30314 30316 30317 30322 30338 30356
23 30360 30358 30362 30366 30364 30374 30388 30412 30430 30446 30460 30454 30449 30442 30440 30451 30457 30470 30472 30474 30472 30473 30474 30470
24 30464 30461 30452 30448 30442 30434 30434 30438 30439 30438 30429 30411 30389 30369 30356 30345 30339 30329 30319 30303 30291 30279 30265 30257
25 30238 30223 30205 30181 30169 30163 30163 30165 30163 30167 30173 30169 30149 30135 30125 30137 30155 30164 30181 30189 30193 30213 30211 30212
26 30213 30220 30235 30245 30227 30227 30239 30277 30287 30309 30307 30301 30291 30281 30279 30283 30297 30309 30318 30325 30325 30331 30339 30341
27 30337 30337 30325 30315 30317 30331 30345 30354 30355 30364 30361 30343 30331 30309 30299 30301 30307 30309 30313 30320 30321 30327 30323 30320
28 30317 30321 30311 30303 30315 30313 30311 30311 30305 30315 30307 30301 30287 30270 30243 30237 30229 30226 30227 30221       30208            
29                                                       30195 30191 30189 30179 30167 30167 30168 30165 30165 30173 30177 30177 30173 30169 30167
30 30165 30153 30143 30133 30135                         30172 30177 30171 30169 30170 30167 30190 30201 30217 30223 30233 30245 30255 30259      
31                               30298       30323 30337 30351 30356 30338 30326 30307 30313 30318 30317 30322 30324 30336 30340 30347 30337 30334
