01 29715 29693 29690 29666 29656 29632 29617 29616 29606 29586 29599 29593 29578 29576 29565 29558 29568 29600 29626 29671 29714 29741 29774 29794
02 29828 29859 29880 29894 29904 29918 29926 29936 29968 29989 30010 30016 30023 30036 30046 30060 30076 30079 30093 30111 30113 30116 30131 30131
03 30121 30106 30100 30096 30087 30073 30053 30033 30017 30003 29981 29952 29913 29897 29897 29894 29911 29924 29943 29977 30001 30031 30047 30068
04 30088 30104 30131 30138 30142 30142 30159 30174 30179 30182 30188 30177 30173 30167 30167 30173 30179 30181 30180 30181 30168 30165 30149 30135
05 30128 30124 30112 30098 30092 30093 30087 30082 30078 30073 30069 30068 30048 30034 30025 30023 30015 29999 30001 30004 30011 30026 30024 30023
06 30029 30035 30033 30029 30029 30039 30036 30048 30053 30049 30062 30075 30069 30077 30109 30146 30161 30210 30245 30269 30290 30309 30316 30329
07 30329 30324 30321 30309 30302 30292 30270 30249 30265 30259 30230 30205 30202 30219 30192 30167 30149 30149 30144 30127 30131 30127 30101 30097
08 30097 30104 30095 30120 30090 30085 30079 30065 30050 30030 30021 30000 29986 29962 29932 29895 29882 29889 29906 29925 29946 29974 29978 30002
09 30002 30021 30034 30022 30015 29987 29982 29983 29983 29997 29995 29985 29979 29974 29974 29982 29983 29983 29978 29977 29962 29928 29908 29870
10 29843 29819 29791 29787 29765 29762 29795 29795 29804 29811 29795 29798 29794 29803 29808 29808 29817 29821 29854 29871 29890 29893 29891 29906
11 29934 29956 29955 29938 29915 29888 29850 29808 29743 29685 29626 29568 29519 29520 29524 29537 29539 29544 29545 29540 29544 29533 29528 29517
12 29494 29508 29479 29473 29474 29483 29489 29511 29538 29564 29607 29631 29644 29668 29679 29690 29683 29687 29677 29668 29651 29641 29634 29624
13 29615 29604 29594 29583 29574 29573 29573 29594 29601 29600 29604 29596 29597 29632 29636 29623 29600 29539 29495 29540 29549 29565 29584 29620
14 29625 29634 29632 29622 29605 29557 29529 29555 29573 29605 29652 29690 29717 29755 29785 29825 29837 29852 29841 29849 29840 29829 29810 29796
15 29772 29752 29717 29690 29652 29612 29569 29526 29495 29456 29412 29371 29331 29291 29264 29262 29251 29255 29258 29280 29293 29321 29341 29371
16 29393 29418 29448 29470 29493 29521 29539 29564 29591 29624 29650 29665 29672 29689 29698 29707 29727 29741 29747 29756 29743 29754 29752 29739
17 29731 29722 29711 29691 29687 29697 29702 29710 29724 29747 29744 29748 29744 29741 29732 29727 29711 29700 29690 29671 29648 29624 29596 29573
18 29536 29499 29460 29428 29396 29374 29339 29319 29294 29258 29213 29179 29112 29077 29028 28975 28936 28913 28903 28880 28880 28857 28831 28805
19 28748 28713 28722 28676 28644 28618 28617 28622 28623 28653 28690 28707 28730 28741 28735 28739 28758 28784 28810 28834 28864 28910 28967 29005
20 29040 29082 29110 29122 29134 29170 29174 29194 29227 29262 29270 29282 29301 29300 29304 29329 29344 29363 29383 29400 29409 29429 29456 29481
21 29508 29552 29579 29609 29639 29663 29688 29720 29759 29789 29808 29825 29835 29852 29858 29867 29864 29873 29878 29883 29881 29877 29881 29878
22 29868 29858 29846 29835 29808 29792 29777 29768 29753 29752 29731 29706 29678 29663 29628 29603 29581 29551 29516 29485 29435 29376 29338 29283
23 29223 29198 29176 29165 29158 29155 29148 29151 29158 29163 29144 29130 29111 29098 29087 29088 29074 29054 29041 29021 28998 28971 28956 28931
24 28904 28888 28866 28850 28839 28834 28831 28849 28887 28926 28946 28961 28971 28986 29013 29037 29041 29048 29064 29060 29086 29093 29093 29091
25 29096 29099 29116 29115 29118 29119 29119 29128 29145 29141 29148 29162 29162 29203 29192 29205 29205 29222 29225 29237 29248 29262 29273 29272
26 29265 29291 29288 29301 29298 29300 29307 29315 29330 29346 29367 29384 29382 29380 29375 29378 29375 29355 29350 29349 29349 29349 29348 29349
27 29350 29352 29352 29350 29348 29350 29355 29368 29388 29409 29418 29421 29424 29432 29451 29467 29476 29491 29503 29512 29522 29527 29534 29528
28 29526 29523 29522 29520 29511 29510 29517 29521 29522 29530 29523 29520 29512 29497 29493 29492 29483 29482 29484 29482 29480 29468 29458 29452
29 29439 29431 29420 29417 29405 29398 29397 29408 29405 29395 29384 29354 29322 29297 29269 29237 29202 29165 29128 29089 29042 29002 28970 28940
30 28909 28890 28885 28890 28914 28945 28973 29000 29041 29077 29124 29170 29215 29262 29309 29352 29387 29422 29470 29505 29541 29586 29610 29649
31 29671 29695 29748 29749 29765 29790 29795 29789 29802 29810 29844 29858 29858 29860 29875 29900 29917 29937 29944 29982 29987 29984 29982 29980
