01 29171 29175 29181 29191 29216 29230 29244 29273 29291 29312 29342 29361 29383 29396 29407 29419 29439 29466 29485 29497 29498 29497 29489 29478
02 29454 29427 29386 29354 29333 29319 29289 29252 29234 29212 29182 29173 29159 29145 29135 29128 29131 29138 29148 29161 29170 29178 29180 29181
03 29181 29176 29161 29157 29155 29151 29160 29170 29168 29165 29163 29159 29150 29134 29106 29081 29074 29101 29119 29129 29131 29129 29124 29118
04 29119 29097 29080 29077 29070 29071 29067 29061 29062 29057 29047 29037 29032 29016 29004 28983 28988 28989 28984 28986 28978 28973 28974 28971
05 28967 28967 28962 28961 28970 28974 28981 28979 28981 28984 28984 28972 28969 28964 28953 28961 28962 28967 28976 28987 28987 28986 28984 28992
06 28988 28981 28982 28980 28987 28992 28997 29006 29021 29023 29029 29036 29041 29045 29048 29055 29072 29081 29099 29116 29125 29152 29173 29192
07 29212 29229 29247 29272 29293 29319 29343 29379 29412 29431 29465 29486 29505 29524 29545 29559 29581 29605 29627 29657 29677 29700 29719 29732
08 29752 29775 29797 29821 29844 29875 29908 29934 29959 29985 30012 30036 30055 30082 30104 30129 30153 30180 30202 30224 30238 30255 30275 30289
09 30299 30309 30315 30316 30320 30329 30341 30347 30357 30362 30366 30366 30367 30361 30352 30349 30342 30338 30342 30349 30346 30342 30334 30329
10 30322 30319 30309 30300 30294 30293 30289 30289 30274 30270 30263 30257 30237 30221 30209 30187 30166 30159 30149 30147 30139 30133 30122 30102
11 30086 30063 30054 30034 30026 30028 30027 30029 30031 30032 30036 30039 30037 30037 30032 30027 30029 30034 30046 30058 30057 30050 30047 30052
12 30050 30047 30040 30032 30027 30034 30039 30040 30041 30045 30039 30036 30029 30015 30002 29991 29985 29978 29974 29973 29963 29955 29956 29963
13 29961 29959 29959 29958 29959 29964 29968 29969 29973 29971 29956 29952 29927 29912 29895 29877 29852 29826 29813 29795 29774 29744 29721 29699
14 29677 29662 29650 29644 29636 29642 29645 29645 29649 29662 29664 29673 29685 29689 29690 29697 29702 29708 29725 29741 29747 29761 29765 29778
15 29788 29796 29810 29821 29829 29842 29854 29865 29875 29882 29881 29886 29885 29889 29878 29871 29871 29876 29868 29872 29869 29860 29839 29833
16 29813 29781 29764 29741 29731 29721 29724 29704 29676 29654 29632 29619 29600 29583 29541 29530 29517 29516 29517 29519 29530 29532 29546 29554
17 29574 29590 29597 29606 29607 29617 29631 29631 29648 29654 29660 29658 29650 29646 29638 29634 29630 29627 29630 29639 29646 29652 29655 29663
18 29680 29703 29713 29700 29713 29715 29710 29710 29695 29690 29677 29668 29647 29632 29608 29599 29593 29579 29568 29550 29538 29543 29551 29547
19 29540 29547 29532 29520 29546 29560 29573 29580 29573 29574 29564 29546 29540 29524 29523 29538 29553 29564 29571 29582 29599 29604 29596 29603
20 29591 29586 29581 29578 29583 29583 29576 29575 29596 29589 29584 29573 29571 29559 29552 29553 29556 29564 29584 29609 29621 29631 29640 29632
21 29630 29629 29617 29587 29564 29544 29504 29442 29387 29341 29295 29243 29216 29219 29208 29215 29239 29285 29331 29339 29369 29373 29364 29358
22 29341 29319 29308 29286 29284 29296 29309 29339 29373 29412 29436 29464 29482 29512 29538 29572 29567 29581 29596 29616 29629 29638 29637 29638
23 29636 29636 29642 29656 29659 29669 29671 29675 29669 29664 29654 29643 29628 29629 29631 29631 29636 29648 29663 29672 29679 29689 29699 29706
24 29699 29691 29676 29664 29647 29642 29623 29596 29563 29528 29526 29530 29518 29525 29517 29530 29543 29555 29578 29585 29590 29590 29615 29602
25 29595 29606 29638 29663 29685 29710 29743 29762 29774 29795 29813 29823 29827 29833 29842 29858 29879 29887 29897 29913 29931 29940 29950 29960
26 29957 29958 29950 29973 29987 29994 30022 30039 30043 30069 30070 30089 30097 30108 30113 30126 30140 30150 30161 30182 30186 30189 30190 30199
27 30197 30198 30200 30190 30192 30197 30199 30201 30200 30213 30212 30214 30206 30199 30196 30194 30189 30194 30198 30204 30206 30209 30206 30199
28 30187 30183 30175 30161 30166 30174 30179 30186 30184 30185 30190 30195 30194 30192 30193 30193 30198 30211 30227 30250 30263 30278 30290 30293
29 30300 30302 30312 30315 30328 30350 30365 30380 30400 30412 30417 30425 30431 30433 30438 30438 30438 30445 30447 30454 30459 30456 30450 30448
30 30435 30428 30421 30408 30403 30404 30394 30386 30368 30353 30336 30327 30310 30296 30278 30270 30257 30256 30247 30240 30227 30217 30211 30197
