01 30117 30097 30077 30064 30051 30040 30020 30007 29991 29973 29950 29924 29895 29873 29848 29825 29790 29778 29762 29765 29785 29795 29798 29801
02 29800 29799 29778 29783 29792 29793 29801 29805 29808 29795 29794 29804 29779 29776 29764 29759 29744 29733 29728 29734 29728 29727 29736 29728
03 29705 29701 29674 29651 29635 29619 29633 29639 29658 29673 29683 29696 29706 29711 29728 29720 29728 29734 29739 29744 29737 29739 29736 29741
04 29741 29736 29737 29728 29721 29723 29728 29729 29734 29731 29723 29721 29714 29716 29711 29702 29699 29706 29710 29709 29709 29708 29707 29699
05 29693 29676 29669 29649 29639 29634 29626 29612 29604 29591 29577 29562 29532 29518 29492 29477 29474 29469 29463 29462 29456 29449 29445 29446
06 29432 29425 29419 29422 29427 29435 29454 29463 29472 29491 29499 29510 29512 29521 29532 29539 29545 29566 29582 29599 29618 29634 29649 29659
07 29668 29674 29679 29697 29710 29721 29735 29762 29772 29782 29792 29795 29802 29815 29820 29828 29830 29842 29857 29868 29872 29875 29880 29882
08 29880 29872 29872 29868 29865 29872 29882 29892 29896 29896 29902 29900 29897 29898 29894 29895 29900 29917 29926 29939 29944 29950 29959 29969
09 29977 29982 29992 29995 30009 30020 30032 30049 30062 30075 30087 30093 30100 30103 30106 30116 30126 30142 30155 30160 30162 30162 30170 30170
10 30163 30156 30156 30161 30167 30178 30190 30196 30201 30210 30217 30220 30224 30224 30224 30222 30224 30237 30254 30261 30269 30264 30274 30279
11 30286 30291 30291 30294 30307 30321 30341 30348 30361 30364 30363 30362 30357 30349 30347 30351 30352 30363 30369 30377 30378 30367 30368 30363
12 30352 30349 30342 30331 30330 30327 30327 30324 30314 30302 30298 30286 30272 30262 30241 30229 30226 30230 30232 30237 30227 30222 30217 30215
13 30202 30201 30194 30182 30179 30184 30192 30202 30207 30201 30197 30190 30182 30174 30168 30167 30168 30179 30184 30187 30191 30192 30194 30191
14 30191 30198 30192 30194 30207 30207 30216 30227 30239 30244 30244 30251 30248 30249 30233 30225 30227 30229 30228 30225 30223 30219 30212 30207
15 30199 30186 30176 30165 30158 30151 30151 30147 30141 30140 30131 30115 30104 30089 30075 30071 30069 30068 30064 30064 30059 30053 30046 30031
16 30024 30009 29998 29995 29990 29985 29988 29984 29987 29989 29989 29979 29967 29957 29949 29949 29943 29949 29945 29946 29947 29943 29943 29942
17 29927 29915 29902 29899 29894 29895 29892 29891 29889 29889 29886 29877 29871 29866 29859 29861 29863 29873 29864 29858 29849 29832 29819 29802
18 29784 29768 29742 29725 29707 29706 29706 29727 29732 29736 29751 29761 29777 29795 29809 29821 29840 29864 29886 29908 29928 29947 29959 29965
19 29977 29984 29980 30001 29989 30003 29991 29996 29996 30001 30003 29996 29986 29978 29963 29958 29938 29930 29916 29901 29888 29873 29871 29846
20 29835 29816 29790 29765 29751 29738 29722 29716 29709 29693 29680 29683 29661 29646 29647 29643 29651 29674 29678 29678 29693 29708 29721 29736
21 29736 29753 29753 29765 29770 29778 29793 29829 29815 29817 29824 29831 29825 29813 29820 29815 29802 29815 29811 29801 29801 29806 29811 29804
22 29802 29801 29804 29808 29815 29826 29843 29861 29871 29886 29897 29895 29898 29901 29902 29903 29908 29924 29930 29940 29952 29958 29968 29965
23 29968 29967 29969 29963 29965 29971 29987 29995 30005 30012 30013 30008 30007 30007 30002 30006 30011 30015 30018 30018 30028 30031 30034 30038
24 30045 30042 30035 30043 30041 30040 30051 30055 30071 30081 30077 30075 30069 30074 30070 30070 30074 30086 30092 30079 30072 30055 30045 30022
25 29999 29976 29945 29910 29877 29842 29809 29782 29749 29721 29681 29658 29638 29620 29599 29591 29588 29576 29579 29581 29585 29617 29644 29663
26 29673 29695 29694 29704 29719 29716 29719 29701 29684 29683 29697 29672 29672 29640 29622 29604 29589 29585 29564 29563 29554 29542 29535 29514
27 29502 29495 29478 29488 29492 29512 29522 29530 29537 29541 29534 29530 29525 29508 29488 29482 29472 29462 29436 29416 29395 29375 29372 29359
28 29342 29322 29295 29280 29275 29288 29286 29280 29281 29289 29288 29283 29296 29289 29311 29325 29344 29369 29384 29391 29401 29416 29424 29429
29 29438 29449 29458 29468 29481 29513 29520 29544 29574 29604 29624 29648 29665 29682 29700 29739 29756 29780 29798 29803 29806 29819 29824 29829
30 29821 29818 29803 29786 29773 29754 29734 29724 29699 29685 29669 29672 29664 29664 29672 29697 29710 29726 29739 29739 29751 29757 29749 29750
31 29746 29742 29732 29730 29725 29722 29717 29709 29711 29697 29675 29654 29630 29609 29587 29570 29563 29661 29701 29756 29784 29811 29836 29866
