01 29779 29766 29758 29752 29756 29766 29769 29775 29778 29784 29777 29779 29768 29772 29764 29765 29760 29753 29757 29749 29745 29737 29728 29708
02 29695 29675 29653 29647 29637 29641 29641 29629 29621 29628 29628 29631 29634 29629 29630 29621 29615 29614 29616 29627 29637 29649 29653 29657
03 29654 29654 29655 29667 29680 29706 29734 29767 29785 29803 29822 29843 29861 29881 29898 29919 29933 29953 29977 30003 30017 30053 30070 30094
04 30097 30107 30117 30130 30146 30154 30169 30187 30190 30213 30222 30229 30231 30233 30241 30248 30255 30256 30262 30269 30268 30272 30273 30273
05 30262 30259 30246 30235 30235 30244 30246 30241 30242 30242 30236 30238 30229 30222 30211 30199 30195 30184 30174 30162 30156 30144 30122 30104
06 30076 30049 30021 29996 29988 29981 29973 29967 29954 29942 29933 29922 29910 29897 29883 29865 29857 29856 29857 29859 29857 29852 29842 29827
07 29813 29793 29777 29764 29759 29764 29763 29757 29743 29732 29725 29726 29727 29731 29733 29735 29734 29735 29738 29748 29755 29765 29758 29757
08 29749 29737 29724 29715 29703 29705 29708 29716 29717 29715 29719 29717 29718 29724 29712 29714 29707 29709 29707 29711 29711 29711 29709 29703
09 29697 29692 29691 29690 29691 29700 29707 29717 29724 29728 29743 29762 29769 29775 29786 29796 29799 29817 29830 29845 29849 29862 29866 29871
10 29877 29876 29885 29893 29901 29920 29932 29946 29952 29966 29976 29989 29995 30012 30020 30032 30040 30050 30060 30067 30080 30088 30090 30089
11 30090 30093 30092 30092 30095 30109 30113 30123 30123 30124 30124 30133 30136 30138 30131 30130 30127 30121 30118 30115 30111 30113 30103 30092
12 30080 30069 30058 30049 30049 30052 30060 30070 30075 30090 30099 30100 30105 30109 30112 30118 30120 30120 30129 30132 30143 30147 30146 30145
13 30143 30142 30145 30149 30155 30165 30167 30179 30180 30181 30185 30193 30190 30184 30176 30171 30180 30175 30171 30174 30178 30178 30175 30167
14 30163 30161 30155 30141 30137 30139 30143 30137 30131 30121 30117 30106 30096 30083 30074 30060 30053 30053 30050 30037 30033 30022 30023 30011
15 30006 29991 29990 29977 29960 29957 29954 29953 29953 29954 29949 29940 29930 29932 29938 29936 29930 29930 29940 29946 29950 29954 29957 29961
16 29954 29950 29944 29942 29944 29955 29964 29974 29990 30004 30014 30017 30021 30027 30038 30034 30033 30045 30051 30055 30067 30078 30083 30094
17 30084 30068 30066 30060 30061 30061 30062 30057 30044 30030 30025 30016 30010 30005 29990 29982 29974 29961 29955 29952 29950 29945 29937 29924
18 29921 29904 29894 29881 29878 29880 29883 29884 29885 29889 29893 29893 29897 29906 29904 29907 29906 29907 29906 29922 29932 29941 29946 29948
19 29950 29946 29945 29944 29947 29962 29975 29992 29997 30005 30016 30022 30019 30029 30031 30039 30036 30043 30043 30053 30067 30069 30075 30084
20 30086 30083 30081 30081 30084 30093 30103 30104 30108 30111 30108 30104 30099 30091 30091 30086 30073 30077 30070 30069 30071 30078 30077 30079
21 30072 30061 30046 30043 30044 30050 30057 30056 30058 30062 30058 30060 30060 30053 30052 30047 30043 30039 30029 30038 30042 30047 30043 30039
22 30026 30009 30002 29992 29993 29986 29989 29991 29989 29987 29986 29981 29975 29968 29957 29947 29936 29925 29915 29906 29902 29880 29865 29832
23 29819 29799 29772 29768 29780 29781 29778 29782 29788 29789 29795 29791 29795 29795 29797 29795 29796 29795 29796 29801 29808 29811 29807 29802
24 29795 29786 29771 29762 29751 29747 29743 29747 29747 29741 29744 29741 29743 29745 29744 29747 29748 29748 29747 29747 29756 29753 29748 29747
25 29743 29727 29727 29721 29714 29716 29721 29722 29721 29717 29710 29705 29696 29687 29673 29660 29647 29628 29610 29597 29594 29583 29567 29548
26 29532 29507 29493 29481 29480 29481 29484 29495 29504 29522 29542 29548 29559 29576 29588 29595 29603 29608 29614 29631 29645 29655 29666 29674
27 29669 29675 29680 29681 29685 29690 29695 29701 29704 29697 29697 29692 29681 29661 29627 29600 29556 29499 29471 29445 29432 29417 29417 29429
28 29441 29445 29450 29456 29463 29481 29498 29525 29536 29556 29567 29566 29568 29575 29578 29579 29573 29569 29572 29571 29578 29578 29571 29569
29 29562 29556 29551 29548 29545 29551 29562 29572 29581 29585 29590 29601 29604 29605 29613 29618 29622 29626 29633 29641 29653 29655 29662 29666
30 29674 29669 29665 29671 29670 29674 29689 29705 29718 29732 29748 29751 29753 29767 29773 29777 29788 29796 29799 29812 29828 29840 29844 29849
31 29851 29847 29838 29825 29822 29816 29808 29799 29787 29766 29755 29746 29733 29723 29720 29697 29684 29668 29660 29654 29648 29640 29636 29634
