01 29874 29879 29877 29871 29876 29871 29869 29876 29854 29864 29870 29859 29850 29834 29837 29839 29844 29843 29852 29862 29859 29851 29839 29841
02 29833 29826 29823 29810 29792 29782 29777 29785 29797 29812 29832 29841 29859 29869 29891 29915 29930 29942 29969 29972 29994 30001 30019 30023
03 30027 30021 30032 30027 30029 30031 30029 30040 30042 30042 30050 30046 30034 30023 30010 30001 29998 29998 29996 29998 29990 29984 29978 29972
04 29963 29953 29936 29926 29918 29916 29918 29926 29931 29922 29910 29891 29875 29866 29852 29834 29827 29806 29785 29774 29745 29735 29717 29676
05 29641 29611 29569 29531 29503 29483 29511 29532 29551 29574 29603 29623 29633 29633 29655 29662 29676 29664 29663 29672 29686 29680 29666 29661
06 29655 29623 29598 29576 29565 29539 29526 29503 29478 29446 29412 29379 29332 29291 29233 29197 29155 29091 29034 28962 28886 28833 28811 28827
07 28846 28875 28897 28925 28962 28993 29037 29089 29123 29170 29191 29204 29208 29207 29199 29188 29172 29157 29149 29109 29084 29056 29026 29004
08 28975 28965 28957 28963 28986 29000 29028 29078 29109 29137 29158 29178 29186 29187 29198 29215 29231 29253 29269 29267 29274 29279 29288 29287
09 29281 29267 29265 29256 29244 29219 29208 29194 29193 29162 29145 29125 29091 29047 29031 29010 29011 29006 29011 29007 29002 28996 28999 29003
10 29037 29011 29011 29035 29044 29091 29099 29106 29125 29139 29160 29181 29174 29190 29210 29226 29242 29270 29295 29320 29342 29376 29396 29436
11 29422 29440 29464 29472 29484 29493 29504 29510 29517 29527 29535 29532 29522 29511 29496 29477 29469 29464 29448 29417 29403 29389 29348 29316
12 29299 29280 29265 29257 29253 29258 29277 29307 29325 29353 29370 29377 29391 29394 29395 29409 29415 29431 29447 29478 29497 29527 29545 29576
13 29599 29644 29659 29686 29716 29729 29748 29773 29803 29825 29824 29830 29826 29823 29811 29801 29785 29783 29760 29736 29712 29677 29639 29611
14 29575 29516 29451 29413 29374 29346 29325 29325 29312 29296 29289 29304 29313 29326 29343 29355 29377 29401 29440 29449 29462 29483 29484 29490
15 29493 29496 29495 29492 29489 29471 29459 29461 29460 29445 29430 29399 29365 29329 29299 29257 29237 29214 29179 29128 29099 29069 29043 29016
16 29010 28988 28968 28960 28954 28950 28950 28946 28908 28863 28825 28771 28698 28652 28567 28507 28452 28413 28358 28337 28342 28393 28426 28466
17 28480 28524 28559 28590 28614 28628 28623 28636 28628 28647 28645 28645 28654 28671 28672 28697 28715 28735 28744 28751 28745 28759 28745 28746
18 28725 28723 28727 28730 28741 28764 28773 28786 28789 28807 28805 28832 28850 28867 28848 28826 28811 28789 28744 28687 28651 28638 28615 28613
19 28604 28609 28615 28616 28616 28611 28617 28613 28612 28626 28620 28623 28628 28609 28611 28612 28609 28614 28613 28605 28604 28602 28604 28618
20 28632 28661 28671 28673 28688 28699 28710 28724 28742 28763 28785 28818 28833 28858 28867 28903 28921 28962 28986 29017 29041 29066 29091 29124
21 29146 29167 29175 29188 29204 29213 29231 29257 29281 29301 29309 29332 29334 29345 29357 29375 29382 29416 29428 29446 29449 29471 29483 29506
22 29520 29539 29544 29549 29571 29586 29604 29625 29637 29665 29668 29676 29685 29685 29696 29710 29729 29756 29769 29781 29793 29798 29806 29815
23 29827 29835 29839 29839 29847 29862 29875 29885 29889 29906 29915 29912 29912 29913 29912 29910 29914 29928 29938 29945 29960 29968 29981 29996
24 30002 30009 30010 30020 30026 30036 30052 30070 30085 30092 30104 30099 30099 30094 30092 30085 30094 30112 30121 30127 30133 30137 30134 30128
25 30116 30113 30095 30080 30072 30063 30044 30033 30011 29991 29971 29944 29925 29897 29861 29821 29771 29744 29737 29702 29640 29598 29565 29510
26 29441 29373 29342 29394 29399 29425 29457 29483 29503 29535 29560 29573 29570 29552 29563 29571 29571 29574 29585 29589 29609 29625 29623 29619
27 29611 29598 29579 29571 29553 29525 29509 29486 29463 29442 29413 29396 29362 29321 29261 29199 29152 29127 29101 29079 29038 29019 28988 28975
28 28955 28938 28919 28915 28936 28947 28979 29006 29059 29071 29106 29126 29117 29104 29097 29093 29085 29107 29092 29073 29045 29028 29007 29000
29 29000 28998 28987 28987 28988 28994 29000 29011 29021 29028 29024 29026 29013 28993 28971 28985 28975 28953 28945 28931 28894 28856 28802 28737
