01 30131 30136 30142 30142 30158 30176 30196 30216 30220 30229 30241 30239 30241 30241 30239 30234 30241 30243 30259 30271 30289 30295 30300 30308
02 30309 30310 30309 30315 30317 30323 30334 30329 30335 30327 30325 30317 30303 30285 30279 30265 30265 30266 30281 30283 30289 30293 30283 30277
03 30273 30265 30262 30265 30259 30259 30258 30253 30249 30235 30232 30215 30204 30188 30175 30156 30142 30134 30130 30136 30132 30126 30116 30098
04 30082 30068 30048 30028 30028 30024 30023 30010 29998 29985 29981 29969 29962 29941 29936 29940 29943 29945 29955 29967 29971 29983 29982 29981
05 29977 29983 29987 29991 29994 30021 30031 30039 30053 30050 30045 30045 30049 30046 30047 30044 30041 30037 30047 30051 30057 30066 30087 30105
06 30113 30121 30117 30121 30123 30135 30151 30151 30147 30135 30116 30099 30080 30070 30052 30038 30034 30018 30014 30008 30002 29994 29959 29948
07 29947 29934 29927 29920 29932 29956 29974 29980 29997 30006 30019 30023 30029 30023 30023 30022 30027 30031 30041 30049 30057 30059 30055 30051
08 30047 30047 30043 30035 30037 30037 30034 30029 30025 30019 30016 30005 29987 29970 29951 29929 29931 29937 29944 29933 29921 29917 29907 29895
09 29879 29874 29869 29858 29853 29849 29845 29850 29851 29847 29847 29843 29834 29821 29811 29803 29795 29799 29803 29804 29795 29795 29791 29784
10 29777 29763 29749 29747 29743 29741 29735 29735 29734 29719 29708 29702 29698 29690 29692 29690 29691 29698 29704 29712 29712 29708 29698 29684
11 29682 29670 29670 29658 29654 29652 29664 29662 29660 29658 29657 29653 29659 29658 29641 29625 29615 29607 29597 29583 29558 29535 29529 29531
12 29547 29575 29584 29603 29611 29631 29648 29663 29661 29665 29664 29661 29655 29651 29645 29637 29633 29627 29625 29615 29609 29595 29576 29561
13 29555 29554 29549 29547 29554 29564 29589 29605 29622 29639 29653 29663 29675 29691 29703 29720 29735 29753 29777 29797 29813 29808 29801 29797
14 29796 29777 29758 29730 29717 29703 29667 29635 29605 29566 29538 29492 29466 29424 29393 29372 29354 29338 29320 29290 29253 29224 29202 29176
15 29160 29130 29120 29111 29132 29162 29192 29224 29252 29276 29285 29288 29286 29297 29303 29306 29306 29314 29322 29324 29316 29312 29316 29314
16 29306 29300 29288 29270 29292 29348 29402 29434 29466 29494 29527 29549 29561 29579 29589 29607 29623 29651 29671 29697 29709 29723 29725 29735
17 29745 29751 29757 29763 29771 29785 29795 29810 29823 29832 29838 29846 29844 29856 29860 29864 29864 29867 29880 29886 29884 29878 29870 29856
18 29848 29822 29800 29776 29760 29748 29722 29714 29704 29679 29671 29655 29651 29651 29661 29677 29696 29728 29745 29753 29753 29758 29759 29761
19 29759 29755 29753 29745 29741 29739 29731 29713 29703 29707 29675 29653 29647 29639 29637 29653 29661 29685 29699 29717 29727 29733 29737 29747
20 29749 29755 29759 29767 29767 29778 29791 29792 29819 29831 29845 29851 29855 29857 29866 29872 29879 29901 29907 29919 29917 29924 29925 29921
21 29915 29915 29913 29909 29903 29904 29895 29893 29891 29887 29884 29889 29893 29893 29901 29906 29915 29935 29955 29965 29977 29975 29971 29959
22 29957 29955 29951 29955 29945 29956 29953 29953 29962 29969 29981 29969 29961 29962 29963 29970 29981 29999 30013 30019 30019 30032 30033 30033
23 30043 30043 30047 30049 30059 30070 30089 30095 30109 30113 30113 30115 30111 30103 30103 30099 30101 30101 30103 30103 30103 30099 30099 30096
24 30094 30087 30085 30081 30085 30094 30097 30104 30103 30103 30101 30091 30087 30073 30069 30066 30063 30065 30069 30071 30073 30079 30078 30079
25 30073 30069 30063 30063 30063 30070 30071 30071 30073 30070 30074 30075 30069 30063 30057 30057 30062 30067 30075 30077 30085 30093 30094 30095
26 30097 30092 30093 30095 30100 30113 30121 30133 30142 30147 30152 30156 30154 30154 30152 30160 30165 30178 30190 30200 30206 30212 30214 30216
27 30221 30227 30229 30230 30236 30247 30254 30262 30280 30286 30284 30286 30286 30284 30284 30286 30290 30301 30316 30324 30332 30348 30356 30361
28 30362 30364 30366 30372 30380 30394 30415 30430 30438 30439 30430 30425 30425 30415 30411 30405 30413 30417 30428 30439 30441 30446 30447 30450
29 30453 30450 30449 30446 30449 30447 30455 30461 30468 30473 30471 30464 30452 30436 30424 30420 30416 30414 30416 30420 30422 30420 30411 30402
30 30394 30384 30380 30368 30366 30366 30375 30386 30388 30378 30383 30363 30350 30337 30329 30320 30325 30337 30333 30328 30326 30318 30315 30305
