01 29973 29985 29995 30003 30023 30035 30045 30059 30065 30081 30094 30081 30081 30070 30069 30061 30071 30076 30073 30062 30061 30047 30047 30037
02 30024 30005 29999 29987 29975 29957 29944 29947 29940 29937 29925 29910 29894 29879 29861 29856 29859 29854 29858 29858 29868 29878 29895 29909
03 29920 29932 29942 29964 29998 30022 30064 30087 30118 30133 30160 30176 30184 30194 30205 30226 30238 30253 30265 30280 30291 30284 30277 30284
04 30275 30281 30286 30275 30275 30267 30266 30266 30267 30265 30272 30256 30248 30234 30228 30220 30219 30222 30228 30228 30234 30223 30226 30215
05 30208 30206 30197 30188 30192 30180             30187 30190 30194 30182 30181 30176 30172 30168 30172 30180 30180 30178 30180 30168 30166 30167
06 30156 30143 30134 30118 30110 30104 30092 30093 30086 30076 30074 30044 30028 30014 30002 29994 29978 29977 29983 29968 29958 29947 29928 29920
07 29894 29872 29856 29836 29815 29800 29790 29798 29808 29810 29840 29848 29852 29850 29851 29863 29885 29899 29911 29923 29948 29956 29974 29986
08 29995 30014 30024 30032 30047 30078 30110 30140 30170 30194 30212 30224 30229 30235 30240 30251 30256 30265 30266 30257 30252 30235 30215 30196
09 30178 30148 30119 30098 30095 30018 30008 29964 29934 29895 29859 29807 29773 29751 29722 29710 29713 29712 29716 29718 29749 29768 29788 29804
10 29812 29812 29821 29815 29823 29826 29839 29853 29859 29850 29847 29828 29815 29789 29771 29755 29738 29724 29716 29697 29688 29685 29690 29687
11 29691 29686 29691 29691 29692 29692 29705 29705 29715 29703 29714 29702 29687 29683 29668 29659 29654 29654 29642 29621 29612 29617 29636 29656
12 29651 29652 29646 29626 29622 29610 29616 29620 29619 29614 29626 29635 29630 29613 29607 29592 29592 29575 29559 29521 29484 29441 29382 29331
13 29269 29229 29190 29169 29152 29152 29157 29169 29182 29202 29211 29190 29168 29147 29126 29116 29095 29084 29080 29085 29066 29056 29034 29022
14 29006 28981 28960 28950 28929 28917 28915 28904 28893 28881 28870 28859 28880 28909 28926 28963 29005 29062 29120 29167 29227 29270 29316 29356
15 29393 29427 29451 29450 29447 29465 29459 29466 29448 29424 29409 29368 29322 29298 29258 29222 29193 29172 29124 29082 29040 28976 28913 28846
16 28756 28680 28608 28566 28527 28506 28498 28506 28520 28547 28584 28607 28623 28632 28651 28691 28728 28739 28755 28772 28798 28820 28849 28856
17 28878 28896 28902 28906 28911 28930 28944 28956 28963 28978 28997 28994 28996 28991 28997 28997 29017 29022 29034 29046 29050 29069 29077 29085
18 29089 29089 29086 29080 29076 29069 29067 29070 29074 29070 29069 29062 29049 29043 29042 29029 29043 29049 29069 29083 29103 29110 29132 29150
19 29172 29188 29210 29231 29249 29277 29302 29341 29372 29401 29432 29459 29490 29509 29536 29574 29626 29662 29694 29738 29770 29800 29832 29857
20 29886 29902 29928 29951 29976 30000 30020 30050 30077 30096 30113 30114 30124 30128 30139 30156 30168 30173 30181 30189 30187 30181 30191 30190
21 30197 30189 30174 30163 30155 30149 30140 30131 30135 30121 30103 30069 30040 30022 30005 29993 29981 29969 29956 29935 29913 29901 29888 29866
22 29837 29808 29780 29746 29708 29678 29664 29660 29660 29639 29622 29591 29560 29551 29533 29511 29492 29473 29461 29451 29439 29425 29397 29369
23 29334 29277 29233 29243 29263 29271 29279 29287 29307 29316 29328 29321 29302 29295 29270 29269 29249 29208 29187 29197 29231 29241 29258 29270
24 29281 29292 29275 29271 29286 29302 29295 29281 29280 29283 29274 29280 29272 29289 29287 29275 29262 29229 29162 29104 29036 28955 28891 28908
25 28895 28898 28913 28927 28962 28998 29018 29038 29045 29060 29079 29110 29148 29195 29234 29276 29301 29333 29314 29331 29316 29316 29274 29207
26 29105 28977 28896 28832 28774 28714 28650 28628 28649 28737 28815 28865 28912 28941 28974 29008 29044 29070 29087 29101 29103 29111 29140 29184
27 29231 29276 29313 29355 29394 29427 29455 29490 29513 29547 29584 29603 29626 29656 29677 29703 29716 29743 29744 29733 29743 29724 29724 29724
28 29698 29661 29677 29656 29633 29609 29628 29621 29622 29655 29648 29633 29626 29624 29624 29624 29634 29637 29642 29662 29708 29742 29774 29809
29 29831 29854 29863 29878 29893 29912 29925 29935 29961 29994 30001 29993 29984 29986 29991 30004 30011 30025 30029 30035 30042 30049 30065 30064
30 30055 30054 30049 30024 30019 29980 29945 29911 29877 29873 29878 29849 29882 29824 29804 29801 29797 29785 29781 29771 29774 29764 29761 29738
