01 30122 30102 30087 30061 30060 30059 30037 30020 30009 29981 29954 29918 29890 29857 29832 29798 29770 29749 29730 29719 29713 29698 29685 29669
02 29665 29671 29666 29679 29691 29706 29721 29734 29741 29744 29749 29748 29739 29741 29739 29735 29738 29738 29749 29754 29754 29743 29722 29707
03 29685 29667 29649 29650 29649 29656 29656 29666 29669 29658 29669 29660 29668 29657 29659 29658 29677 29691 29710 29731 29750 29767 29785 29799
04 29809 29827 29827 29843 29863 29880 29897 29908 29921 29917 29928 29927 29920 29920 29926 29921 29926 29930 29943 29961 29968 29979 29980 29986
05 29985 29974 29968 29970 29970 29981 29985 29990 29986 29985 29987 29985 29981 29969 29968 29965 29958 29955 29959 29966 29977 29985 29988 29982
06 29981 29977 29972 29977 29975 29974 29978 29981 29977 29969 29968 29957 29965 29958 29958 29955 29958 29963 29968 29979 29988 29991 30005 30003
07 30002 29993 29988 29987 29989 29996 29997 29993 29989 29975 29971 29958 29945 29938 29931 29917 29910 29900 29901 29903 29916 29914 29914 29905
08 29901 29891 29887 29881 29884 29892 29903 29920 29933 29935 29950 29958 29966 29971 29976 29977 29992 30007 30030 30053 30079 30092 30111 30126
09 30138 30142 30151 30159 30164 30173 30187 30194 30197 30195 30194 30185 30180 30164 30153 30141 30131 30135 30141 30144 30149 30144 30147 30131
10 30112 30093 30074 30049 30035 30017 30005 29999 29981 29970 29951 29932 29931 29926 29912 29902 29903 29896 29900 29905 29916 29918 29927 29925
11 29920 29907 29899 29885 29881 29875 29873 29871 29869 29864 29865 29862 29839 29832 29825 29825 29822 29824 29835 29849 29868 29866 29867 29859
12 29862 29860 29857 29849 29853 29869 29888 29901 29923 29945 29957 29960 29969 29973 29968 29979 29975 29983 29989 30006 30025 30030 30039 30045
13 30043 30043 30043 30046 30045 30047 30059 30060 30061 30057 30061 30060 30060 30044 30033 30018 30010 30010 30016 30028 30045 30043 30038 30040
14 30042 30042 30040 30034 30040 30044 30044 30037 30037 30026 30026 30040 30031 30023 30002 29990 29982 29985 29992 30000 30019 30021 30034 30032
15 30036 30031 30033 30032 30040 30046 30049 30056 30058 30058 30078 30065 30056 30047 30042 30030 30030 30031 30034 30036 30053 30058 30062 30068
16 30065 30058 30054 30056 30058 30061 30065 30064 30068 30070 30067 30054 30044 30038 30032 30028 30030 30023 30035 30046 30064 30068 30076 30077
17 30085 30088 30095 30096 30104 30113 30118 30122 30121 30120 30112 30115 30110 30112 30103 30103 30093 30088 30102 30114 30132 30132 30123 30127
18 30136 30140 30138 30138 30146 30150 30147 30147 30146 30146 30146 30137 30125 30098 30080 30068 30075 30071 30086 30102 30125 30119 30116 30108
19 30089 30084 30067 30067 30066 30068 30069 30057 30067 30068 30054 30048 30032 30027 30034 30021 30024 30026 30032 30053 30061 30064 30066 30074
20 30077 30071 30080 30087 30098 30105 30113 30119 30127 30138 30146 30146 30144 30138 30130 30108 30117 30120 30136 30137 30142 30149 30150 30140
21 30130 30126 30106 30094 30086 30092 30078 30075 30073 30060 30049 30032 30021 30007 29991 29969 29927 29899 29862 29827 29809 29777 29746 29715
22 29681 29656 29639 29617 29602 29591 29581 29565 29562 29573 29583 29602 29627 29628 29638 29646 29662 29673 29679 29692 29693 29691 29693 29689
23 29659 29632 29611 29589 29564 29542 29524 29497 29470 29453 29440 29437 29422 29407 29399 29394 29389 29381 29371 29374 29357 29344 29328 29316
24 29299 29278 29271 29270 29309 29340 29370 29420 29442 29474 29497 29518 29532 29546 29555 29570 29570 29584 29601 29611 29625 29633 29638 29639
25 29643 29651 29651 29645 29645 29663 29667 29678 29682 29679 29694 29692 29686 29667 29651 29635 29611 29591 29579 29567 29541 29522 29490 29472
26 29457 29451 29436 29433 29436 29481 29502 29521 29526 29532 29549 29553 29559 29567 29571 29574 29572 29578 29588 29620 29628 29633 29634 29635
27 29629 29612 29615 29611 29613 29618 29617 29622 29630 29619 29628 29623 29647 29653 29674 29683 29688 29711 29732 29741 29767 29785 29796 29824
28 29826 29838 29847 29856 29870 29893 29911 29937 29948 29964 29976 29980 30006 30025 30037 30045 30063 30082 30098 30113 30137 30152 30167 30177
29 30188 30189 30200 30202 30212 30220 30229 30236 30237 30230 30229 30216 30204 30185 30169 30149 30129 30113 30102 30086 30083 30075 30074 30058
30 30043 30021 29996 29966 29938 29927 29923 29907 29882 29853 29838 29821 29807 29801 29788 29785 29769 29772 29775 29781 29796 29793 29797 29791
31 29796 29788 29785 29780 29785 29787 29797 29800 29801 29803       29807       29827       29852       29893 29908 29933 29973 29996 30011 30032
