01 29339 29323 29301 29279 29291 29301 29309 29329 29331 29331 29333 29324 29300 29284 29268 29260 29264 29278 29308 29314 29330 29358 29380 29400
02 29418 29416 29388 29364 29338 29336 29334 29326 29314 29298 29315 29331 29316 29293 29278 29269 29261 29257 29243 29235 29227 29215 29193 29177
03 29179 29187 29179 29191 29205 29217 29227 29255 29267 29281 29284 29304 29310 29306 29312 29316 29326 29324 29340 29356 29376 29410 29432 29452
04 29486 29512 29535 29574 29617 29648 29694 29730 29764 29772 29800 29813 29816 29810 29816 29814 29830 29840 29868 29884 29890 29888 29896 29902
05 29907 29907 29902 29902 29904 29930 29944 29950 29962 29970 29994 30000 30000 29996 29992 29986 29994 29998 30008 30012 30010 30014 30010 30004
06 29998 29986 29970 29964 29952 29936 29932 29932 29920 29914 29912 29892 29870 29838 29820 29810 29797 29798 29810 29810 29808 29805 29802 29796
07 29790 29788 29784 29786 29788 29796 29820 29835 29866 29890 29905 29928 29936 29950 29965 29984 30000 30030 30062 30098 30102 30113 30127 30124
08 30128 30128 30128 30130 30136 30150 30162 30172 30182 30180 30190 30184 30170 30148 30142 30134 30123 30126 30126 30126 30118 30102 30094 30078
09 30062 30043 30018 30000 29983 29972 29978 29986 29992 29993 30002 29996 29990 29974 29968 29962 29962 29974 29974 29974 29973 29972 29968 29962
10 29958 29944 29938 29932 29936 29944 29955 29967 29982 29978 29989 29989 29985 29985 29983 29983 29991 29991 29999 30013 30021 30035 30031 30034
11 30041 30031 30041 30029 30031 30035 30047 30061 30067 30071 30071 30073 30079 30071 30073 30079 30079 30094 30103 30104 30111 30103 30099 30079
12 30079 30067 30055 30051 30049 30049 30055 30064 30059 30053 30060 30056 30058 30068 30074 30076 30080 30096 30110 30122 30125 30132 30132 30130
13 30130 30122 30110 30108 30110 30114 30124 30138 30144 30145 30135 30128 30124 30109 30100 30090 30085 30084 30084 30086 30088 30082 30070 30060
14 30048 30038 30024 30014 30012 30012 30008 30014 30014 30014 30019 30004 29997 29977 29969 29969 29969 29967 29971 29979 29985 29981 29971 29977
15 29971 29963 29954 29945 29941 29941 29951 29951 29944 29941 29936 29930 29924 29910 29900 29898 29896 29890 29882 29874 29868 29874 29870 29850
16 29840 29816 29802 29786 29776 29766 29752 29747 29738 29743 29750 29725 29712 29692 29686 29673 29668 29668 29673 29683 29686 29678 29680 29673
17 29668 29673 29668 29668 29671 29676 29676 29695 29708 29722 29733 29737 29743 29737 29747 29755 29773 29788 29804 29821 29821 29821 29825 29833
18 29843 29849 29849 29847 29856 29863 29869 29885 29901 29923 29939 29931 29927 29919 29919 29911 29913 29927 29929 29931 29941 29951 29953 29959
19 29967 29965 29957 29955 29957 29965 29975 29983 29985 29993 29986 29996 29986 29974 29963 29961 29953 29959 29976 29979 29971 29967 29965 29965
20 29956 29957 29943 29939 29943 29941 29944 29951 29955 29969 29970 29968 29965 29942 29930 29920 29915 29918 29918 29920 29920 29920 29915 29914
21 29920 29912 29912 29912 29914 29920 29926 29940 29947 29960 29958 29948 29946 29942 29942 29930 29936 29946 29950 29950 29970 29978 29984 29990
22 29994 29997 29997 30000 30010 30020 30032 30048 30058 30064 30072 30068 30065 30053 30046 30040 30038 30036 30030 30038 30034 30034 30035 30028
23 30022 30018 30014 30002 30005 30012 30018 30022 30026 30026 30029 30029 30022 30021 30009 30007 30004 30009 30009 30014 30017 30007 29999 29984
24 29971 29959 29941 29935 29926 29919 29919 29911 29904 29887 29895 29891 29871 29841 29833 29823 29807 29811 29787 29777 29761 29747 29737 29713
25 29703 29687 29671 29657 29665 29671 29677 29681 29684 29687 29676 29676 29672 29670 29672 29670 29665 29672 29672 29682 29690 29682 29678 29672
26 29672 29664 29660 29656 29664 29672 29690 29704 29713 29718 29732 29736 29740 29740 29742 29742 29742 29748 29754 29764 29770 29776 29774 29772
27 29768 29762 29762 29766 29772 29776 29786 29797 29810 29818 29838 29842 29842 29846 29848 29852 29854 29872 29886 29900 29907 29916 29920 29928
28 29928 29920 29916 29916 29922 29936 29952 29964 29964 29966 29970 29966 29965 29947 29938 29930 29926 29926 29932 29934 29934 29926 29918 29910
29 29904 29892 29880 29867 29862 29858 29862 29854 29848 29844 29846 29833 29827 29813 29799 29791 29783 29787 29795 29807 29809 29814 29815 29811
30 29805 29798 29789 29791 29797 29806 29809 29811 29809 29805 29792 29768 29764 29736 29715 29708 29700 29678 29664 29650 29622 29612 29574 29558
31 29526 29482 29444 29410 29382 29346 29314 29276 29236 29194 29157 29122 29106 29119 29126 29150 29167 29192 29217 29254 29286 29312 29327 29359
