1876 09 01 08 00  30.51   47.78 1008.1            BASRA
1876 09 02 08 00  30.51   47.78 1008.1            BASRA
1876 09 03 08 00  30.51   47.78 1008.1            BASRA
1876 09 04 08 00  30.51   47.78 1008.1            BASRA
1876 09 05 08 00  30.51   47.78 1005.5            BASRA
1876 09 06 08 00  30.51   47.78 1004.2            BASRA
1876 09 07 08 00  30.51   47.78 1008.1            BASRA
1876 09 08 08 00  30.51   47.78 1009.5            BASRA
1876 09 09 08 00  30.51   47.78 1009.5            BASRA
1876 09 10 08 00  30.51   47.78 1010.8            BASRA
1876 09 11 08 00  30.51   47.78 1010.8            BASRA
1876 09 13 08 00  30.51   47.78 1006.8            BASRA
1876 09 14 08 00  30.51   47.78 1008.1            BASRA
1876 09 16 08 00  30.51   47.78 1010.8            BASRA
1876 09 17 08 00  30.51   47.78 1010.8            BASRA
1876 09 19 08 00  30.51   47.78 1009.5            BASRA
1876 09 20 08 00  30.51   47.78 1013.5            BASRA
1876 09 22 08 00  30.51   47.78 1009.5            BASRA
1876 09 23 08 00  30.51   47.78 1008.1            BASRA
1876 09 25 08 00  30.51   47.78 1012.1            BASRA
1876 09 27 08 00  30.51   47.78 1008.1            BASRA
1876 09 28 08 00  30.51   47.78 1010.8            BASRA
1876 09 29 08 00  30.51   47.78 1018.8            BASRA
1876 09 30 08 00  30.51   47.78 1016.1            BASRA
1876 09 01 08 00  38.66  -27.23 1013.5            ANGRA
1876 09 02 08 00  38.66  -27.23 1013.5            ANGRA
1876 09 03 08 00  38.66  -27.23 1012.1            ANGRA
1876 09 04 08 00  38.66  -27.23 1009.5            ANGRA
1876 09 05 08 00  38.66  -27.23 1013.5            ANGRA
1876 09 06 08 00  38.66  -27.23 1017.5            ANGRA
1876 09 07 08 00  38.66  -27.23 1018.8            ANGRA
1876 09 08 08 00  38.66  -27.23 1017.5            ANGRA
1876 09 09 08 00  38.66  -27.23 1014.8            ANGRA
1876 09 10 08 00  38.66  -27.23 1013.5            ANGRA
1876 09 11 08 00  38.66  -27.23 1014.8            ANGRA
1876 09 12 08 00  38.66  -27.23 1014.8            ANGRA
1876 09 13 08 00  38.66  -27.23 1016.1            ANGRA
1876 09 14 08 00  38.66  -27.23 1014.8            ANGRA
1876 09 15 08 00  38.66  -27.23 1008.1            ANGRA
1876 09 16 08 00  38.66  -27.23 1008.1            ANGRA
1876 09 17 08 00  38.66  -27.23 1009.5            ANGRA
1876 09 18 08 00  38.66  -27.23  993.5            ANGRA
1876 09 19 08 00  38.66  -27.23  993.5            ANGRA
1876 09 20 08 00  38.66  -27.23  998.8            ANGRA
1876 09 21 08 00  38.66  -27.23 1005.5            ANGRA
1876 09 22 08 00  38.66  -27.23 1008.1            ANGRA
1876 09 23 08 00  38.66  -27.23 1002.8            ANGRA
1876 09 24 08 00  38.66  -27.23 1005.5            ANGRA
1876 09 25 08 00  38.66  -27.23 1005.5            ANGRA
1876 09 26 08 00  38.66  -27.23 1008.1            ANGRA
1876 09 27 08 00  38.66  -27.23 1010.8            ANGRA
1876 09 28 08 00  38.66  -27.23 1004.2            ANGRA
1876 09 29 08 00  38.66  -27.23 1006.8            ANGRA
1876 09 30 08 00  38.66  -27.23  997.5            ANGRA
1876 09 01 08 00  38.72   -9.14 1001.5           LISBON
1876 09 02 08 00  38.72   -9.14 1004.2           LISBON
1876 09 03 08 00  38.72   -9.14 1005.5           LISBON
1876 09 04 08 00  38.72   -9.14 1001.5           LISBON
1876 09 05 08 00  38.72   -9.14 1005.5           LISBON
1876 09 06 08 00  38.72   -9.14 1008.1           LISBON
1876 09 07 08 00  38.72   -9.14 1009.5           LISBON
1876 09 08 08 00  38.72   -9.14 1006.8           LISBON
1876 09 09 08 00  38.72   -9.14 1004.2           LISBON
1876 09 10 08 00  38.72   -9.14 1004.2           LISBON
1876 09 11 08 00  38.72   -9.14 1005.5           LISBON
1876 09 12 08 00  38.72   -9.14 1004.2           LISBON
1876 09 13 08 00  38.72   -9.14 1001.5           LISBON
1876 09 14 08 00  38.72   -9.14 1004.2           LISBON
1876 09 15 08 00  38.72   -9.14 1005.5           LISBON
1876 09 16 08 00  38.72   -9.14 1005.5           LISBON
1876 09 17 08 00  38.72   -9.14 1004.2           LISBON
1876 09 18 08 00  38.72   -9.14 1005.5           LISBON
1876 09 19 08 00  38.72   -9.14 1006.8           LISBON
1876 09 20 08 00  38.72   -9.14 1009.5           LISBON
1876 09 21 08 00  38.72   -9.14 1006.8           LISBON
1876 09 22 08 00  38.72   -9.14 1005.5           LISBON
1876 09 23 08 00  38.72   -9.14 1006.8           LISBON
1876 09 24 08 00  38.72   -9.14 1009.5           LISBON
1876 09 25 08 00  38.72   -9.14 1009.5           LISBON
1876 09 26 08 00  38.72   -9.14 1006.8           LISBON
1876 09 27 08 00  38.72   -9.14 1005.5           LISBON
1876 09 28 08 00  38.72   -9.14 1002.8           LISBON
1876 09 29 08 00  38.72   -9.14  997.5           LISBON
1876 09 30 08 00  38.72   -9.14 1001.5           LISBON
1876 09 01 08 00  57.20   -2.20  992.9         ABERDEEN
1876 09 02 08 00  57.20   -2.20 1002.7         ABERDEEN
1876 09 03 08 00  57.20   -2.20 1009.8         ABERDEEN
1876 09 04 08 00  57.20   -2.20 1011.2         ABERDEEN
1876 09 05 08 00  57.20   -2.20  998.0         ABERDEEN
1876 09 06 08 00  57.20   -2.20  989.2         ABERDEEN
1876 09 07 08 00  57.20   -2.20  992.9         ABERDEEN
1876 09 08 08 00  57.20   -2.20  998.0         ABERDEEN
1876 09 09 08 00  57.20   -2.20  999.3         ABERDEEN
1876 09 10 08 00  57.20   -2.20 1005.4         ABERDEEN
1876 09 11 08 00  57.20   -2.20 1005.4         ABERDEEN
1876 09 12 08 00  57.20   -2.20 1006.1         ABERDEEN
1876 09 13 08 00  57.20   -2.20 1005.4         ABERDEEN
1876 09 14 08 00  57.20   -2.20 1007.1         ABERDEEN
1876 09 15 08 00  57.20   -2.20 1007.5         ABERDEEN
1876 09 16 08 00  57.20   -2.20 1006.1         ABERDEEN
1876 09 17 08 00  57.20   -2.20 1006.1         ABERDEEN
1876 09 18 08 00  57.20   -2.20 1002.0         ABERDEEN
1876 09 19 08 00  57.20   -2.20 1010.5         ABERDEEN
1876 09 20 08 00  57.20   -2.20 1022.4         ABERDEEN
1876 09 21 08 00  57.20   -2.20 1025.7         ABERDEEN
1876 09 22 08 00  57.20   -2.20 1019.3         ABERDEEN
1876 09 23 08 00  57.20   -2.20 1012.5         ABERDEEN
1876 09 24 08 00  57.20   -2.20 1007.1         ABERDEEN
1876 09 25 08 00  57.20   -2.20 1004.1         ABERDEEN
1876 09 26 08 00  57.20   -2.20 1009.5         ABERDEEN
1876 09 27 08 00  57.20   -2.20 1006.8         ABERDEEN
1876 09 28 08 00  57.20   -2.20 1006.4         ABERDEEN
1876 09 29 08 00  57.20   -2.20  998.0         ABERDEEN
1876 09 30 08 00  57.20   -2.20 1009.8         ABERDEEN
1876 09 01 08 00  45.94   -0.96 1011.5        ROCHEFORT
1876 09 02 08 00  45.94   -0.96 1015.6        ROCHEFORT
1876 09 03 08 00  45.94   -0.96 1017.3        ROCHEFORT
1876 09 04 08 00  45.94   -0.96 1018.6        ROCHEFORT
1876 09 05 08 00  45.94   -0.96 1013.2        ROCHEFORT
1876 09 06 08 00  45.94   -0.96 1016.6        ROCHEFORT
1876 09 07 08 00  45.94   -0.96 1017.6        ROCHEFORT
1876 09 08 08 00  45.94   -0.96 1013.5        ROCHEFORT
1876 09 09 08 00  45.94   -0.96 1015.2        ROCHEFORT
1876 09 10 08 00  45.94   -0.96 1017.6        ROCHEFORT
1876 09 11 08 00  45.94   -0.96 1016.9        ROCHEFORT
1876 09 12 08 00  45.94   -0.96 1016.6        ROCHEFORT
1876 09 13 08 00  45.94   -0.96 1014.9        ROCHEFORT
1876 09 14 08 00  45.94   -0.96 1011.9        ROCHEFORT
1876 09 15 08 00  45.94   -0.96 1011.5        ROCHEFORT
1876 09 16 08 00  45.94   -0.96 1008.8        ROCHEFORT
1876 09 17 08 00  45.94   -0.96 1012.2        ROCHEFORT
1876 09 18 08 00  45.94   -0.96 1016.3        ROCHEFORT
1876 09 19 08 00  45.94   -0.96 1022.4        ROCHEFORT
1876 09 20 08 00  45.94   -0.96 1024.4        ROCHEFORT
1876 09 21 08 00  45.94   -0.96 1025.4        ROCHEFORT
1876 09 22 08 00  45.94   -0.96 1018.6        ROCHEFORT
1876 09 23 08 00  45.94   -0.96 1013.2        ROCHEFORT
1876 09 24 08 00  45.94   -0.96 1018.6        ROCHEFORT
1876 09 25 08 00  45.94   -0.96 1019.6        ROCHEFORT
1876 09 26 08 00  45.94   -0.96 1021.3        ROCHEFORT
1876 09 27 08 00  45.94   -0.96 1015.9        ROCHEFORT
1876 09 28 08 00  45.94   -0.96 1010.2        ROCHEFORT
1876 09 29 08 00  45.94   -0.96 1008.5        ROCHEFORT
1876 09 30 08 00  45.94   -0.96 1004.1        ROCHEFORT
1876 09 01 08 00  50.38   -4.14 1006.4         PLYMOUTH
1876 09 02 08 00  50.38   -4.14 1011.5         PLYMOUTH
1876 09 03 08 00  50.38   -4.14 1015.2         PLYMOUTH
1876 09 04 08 00  50.38   -4.14 1006.4         PLYMOUTH
1876 09 05 08 00  50.38   -4.14 1004.4         PLYMOUTH
1876 09 06 08 00  50.38   -4.14 1003.7         PLYMOUTH
1876 09 07 08 00  50.38   -4.14 1005.8         PLYMOUTH
1876 09 08 08 00  50.38   -4.14 1007.1         PLYMOUTH
1876 09 09 08 00  50.38   -4.14 1012.9         PLYMOUTH
1876 09 10 08 00  50.38   -4.14 1012.9         PLYMOUTH
1876 09 11 08 00  50.38   -4.14 1013.2         PLYMOUTH
1876 09 12 08 00  50.38   -4.14 1014.2         PLYMOUTH
1876 09 13 08 00  50.38   -4.14 1012.5         PLYMOUTH
1876 09 14 08 00  50.38   -4.14 1010.2         PLYMOUTH
1876 09 15 08 00  50.38   -4.14 1008.1         PLYMOUTH
1876 09 16 08 00  50.38   -4.14 1000.7         PLYMOUTH
1876 09 17 08 00  50.38   -4.14 1008.8         PLYMOUTH
1876 09 18 08 00  50.38   -4.14 1012.9         PLYMOUTH
1876 09 19 08 00  50.38   -4.14 1024.4         PLYMOUTH
1876 09 20 08 00  50.38   -4.14 1028.1         PLYMOUTH
1876 09 21 08 00  50.38   -4.14 1022.7         PLYMOUTH
1876 09 22 08 00  50.38   -4.14 1013.9         PLYMOUTH
1876 09 23 08 00  50.38   -4.14 1010.8         PLYMOUTH
1876 09 24 08 00  50.38   -4.14 1003.4         PLYMOUTH
1876 09 25 08 00  50.38   -4.14 1014.9         PLYMOUTH
1876 09 26 08 00  50.38   -4.14 1004.4         PLYMOUTH
1876 09 27 08 00  50.38   -4.14 1005.8         PLYMOUTH
1876 09 28 08 00  50.38   -4.14  994.2         PLYMOUTH
1876 09 29 08 00  50.38   -4.14 1004.7         PLYMOUTH
1876 09 30 08 00  50.38   -4.14  991.9         PLYMOUTH
1876 09 01 08 00  41.90   12.50 1009.5             ROME
1876 09 02 08 00  41.90   12.50 1012.1             ROME
1876 09 03 08 00  41.90   12.50 1014.8             ROME
1876 09 04 08 00  41.90   12.50 1017.5             ROME
1876 09 05 08 00  41.90   12.50 1018.8             ROME
1876 09 06 08 00  41.90   12.50 1018.8             ROME
1876 09 07 08 00  41.90   12.50 1014.8             ROME
1876 09 08 08 00  41.90   12.50 1006.8             ROME
1876 09 09 08 00  41.90   12.50 1005.5             ROME
1876 09 10 08 00  41.90   12.50 1010.8             ROME
1876 09 11 08 00  41.90   12.50 1014.8             ROME
1876 09 12 08 00  41.90   12.50 1009.5             ROME
1876 09 13 08 00  41.90   12.50 1004.2             ROME
1876 09 14 08 00  41.90   12.50 1001.5             ROME
1876 09 15 08 00  41.90   12.50 1004.2             ROME
1876 09 16 08 00  41.90   12.50 1013.5             ROME
1876 09 17 08 00  41.90   12.50 1017.5             ROME
1876 09 18 08 00  41.90   12.50 1020.1             ROME
1876 09 19 08 00  41.90   12.50 1020.1             ROME
1876 09 20 08 00  41.90   12.50 1020.1             ROME
1876 09 21 08 00  41.90   12.50 1018.8             ROME
1876 09 22 08 00  41.90   12.50 1017.5             ROME
1876 09 23 08 00  41.90   12.50 1018.8             ROME
1876 09 24 08 00  41.90   12.50 1021.4             ROME
1876 09 25 08 00  41.90   12.50 1017.5             ROME
1876 09 26 08 00  41.90   12.50 1010.8             ROME
1876 09 27 08 00  41.90   12.50 1014.8             ROME
1876 09 28 08 00  41.90   12.50 1016.1             ROME
1876 09 29 08 00  41.90   12.50 1013.5             ROME
1876 09 30 08 00  41.90   12.50 1013.5             ROME
1876 09 01 08 00  48.39   -4.49 1009.6            BREST
1876 09 02 08 00  48.39   -4.49 1011.9            BREST
1876 09 03 08 00  48.39   -4.49 1015.1            BREST
1876 09 04 08 00  48.39   -4.49 1008.3            BREST
1876 09 05 08 00  48.39   -4.49 1007.1            BREST
1876 09 06 08 00  48.39   -4.49 1004.9            BREST
1876 09 07 08 00  48.39   -4.49 1009.2            BREST
1876 09 08 08 00  48.39   -4.49 1010.8            BREST
1876 09 09 08 00  48.39   -4.49 1015.1            BREST
1876 09 10 08 00  48.39   -4.49 1014.4            BREST
1876 09 11 08 00  48.39   -4.49 1014.1            BREST
1876 09 12 08 00  48.39   -4.49 1014.1            BREST
1876 09 13 08 00  48.39   -4.49 1012.7            BREST
1876 09 14 08 00  48.39   -4.49 1009.5            BREST
1876 09 15 08 00  48.39   -4.49 1007.3            BREST
1876 09 16 08 00  48.39   -4.49 1000.6            BREST
1876 09 17 08 00  48.39   -4.49 1009.7            BREST
1876 09 18 08 00  48.39   -4.49 1014.5            BREST
1876 09 19 08 00  48.39   -4.49 1023.3            BREST
1876 09 20 08 00  48.39   -4.49 1025.6            BREST
1876 09 21 08 00  48.39   -4.49 1021.0            BREST
1876 09 22 08 00  48.39   -4.49 1012.7            BREST
1876 09 23 08 00  48.39   -4.49 1010.9            BREST
1876 09 24 08 00  48.39   -4.49 1004.8            BREST
1876 09 25 08 00  48.39   -4.49 1017.6            BREST
1876 09 26 08 00  48.39   -4.49 1008.0            BREST
1876 09 27 08 00  48.39   -4.49 1004.8            BREST
1876 09 28 08 00  48.39   -4.49  998.4            BREST
1876 09 29 08 00  48.39   -4.49 1004.8            BREST
1876 09 30 08 00  48.39   -4.49  988.5            BREST
1876 09 01 08 00  31.20   29.91 1006.4       ALEXANDRIA
1876 09 02 08 00  31.20   29.91 1007.2       ALEXANDRIA
1876 09 03 08 00  31.20   29.91 1008.7       ALEXANDRIA
1876 09 04 08 00  31.20   29.91 1009.5       ALEXANDRIA
1876 09 05 08 00  31.20   29.91 1009.5       ALEXANDRIA
1876 09 06 08 00  31.20   29.91 1007.3       ALEXANDRIA
1876 09 07 08 00  31.20   29.91 1007.3       ALEXANDRIA
1876 09 08 08 00  31.20   29.91 1007.3       ALEXANDRIA
1876 09 09 08 00  31.20   29.91 1008.1       ALEXANDRIA
1876 09 10 08 00  31.20   29.91 1011.9       ALEXANDRIA
1876 09 11 08 00  31.20   29.91 1013.7       ALEXANDRIA
1876 09 12 08 00  31.20   29.91 1011.3       ALEXANDRIA
1876 09 13 08 00  31.20   29.91 1009.7       ALEXANDRIA
1876 09 14 08 00  31.20   29.91 1009.5       ALEXANDRIA
1876 09 15 08 00  31.20   29.91 1008.3       ALEXANDRIA
1876 09 16 08 00  31.20   29.91 1009.6       ALEXANDRIA
1876 09 17 08 00  31.20   29.91 1010.5       ALEXANDRIA
1876 09 18 08 00  31.20   29.91 1009.6       ALEXANDRIA
1876 09 19 08 00  31.20   29.91 1008.8       ALEXANDRIA
1876 09 20 08 00  31.20   29.91 1011.1       ALEXANDRIA
1876 09 21 08 00  31.20   29.91 1011.2       ALEXANDRIA
1876 09 22 08 00  31.20   29.91 1011.9       ALEXANDRIA
1876 09 23 08 00  31.20   29.91 1012.8       ALEXANDRIA
1876 09 24 08 00  31.20   29.91 1012.8       ALEXANDRIA
1876 09 25 08 00  31.20   29.91 1012.9       ALEXANDRIA
1876 09 26 08 00  31.20   29.91 1011.1       ALEXANDRIA
1876 09 27 08 00  31.20   29.91 1011.5       ALEXANDRIA
1876 09 28 08 00  31.20   29.91 1013.2       ALEXANDRIA
1876 09 29 08 00  31.20   29.91 1014.1       ALEXANDRIA
1876 09 30 08 00  31.20   29.91 1014.0       ALEXANDRIA
1876 09 01 08 00  45.76    4.84 1013.5            LYONS
1876 09 02 08 00  45.76    4.84 1014.0            LYONS
1876 09 03 08 00  45.76    4.84 1016.3            LYONS
1876 09 04 08 00  45.76    4.84 1018.8            LYONS
1876 09 05 08 00  45.76    4.84 1015.6            LYONS
1876 09 06 08 00  45.76    4.84 1014.9            LYONS
1876 09 07 08 00  45.76    4.84 1016.8            LYONS
1876 09 08 08 00  45.76    4.84 1011.1            LYONS
1876 09 09 08 00  45.76    4.84 1014.9            LYONS
1876 09 10 08 00  45.76    4.84 1015.3            LYONS
1876 09 11 08 00  45.76    4.84 1014.9            LYONS
1876 09 12 08 00  45.76    4.84 1012.1            LYONS
1876 09 13 08 00  45.76    4.84 1011.6            LYONS
1876 09 14 08 00  45.76    4.84 1006.7            LYONS
1876 09 15 08 00  45.76    4.84 1011.3            LYONS
1876 09 16 08 00  45.76    4.84 1009.6            LYONS
1876 09 17 08 00  45.76    4.84 1015.5            LYONS
1876 09 18 08 00  45.76    4.84 1018.6            LYONS
1876 09 19 08 00  45.76    4.84 1022.9            LYONS
1876 09 20 08 00  45.76    4.84 1026.1            LYONS
1876 09 21 08 00  45.76    4.84 1024.0            LYONS
1876 09 22 08 00  45.76    4.84 1018.9            LYONS
1876 09 23 08 00  45.76    4.84 1016.5            LYONS
1876 09 24 08 00  45.76    4.84 1018.1            LYONS
1876 09 25 08 00  45.76    4.84 1021.2            LYONS
1876 09 26 08 00  45.76    4.84 1018.1            LYONS
1876 09 27 08 00  45.76    4.84 1014.4            LYONS
1876 09 28 08 00  45.76    4.84 1009.1            LYONS
1876 09 29 08 00  45.76    4.84 1012.3            LYONS
1876 09 30 08 00  45.76    4.84 1003.5            LYONS
1876 09 01 08 00  43.12    5.93 1010.2           TOULON
1876 09 02 08 00  43.12    5.93 1012.2           TOULON
1876 09 03 08 00  43.12    5.93 1015.2           TOULON
1876 09 04 08 00  43.12    5.93 1016.3           TOULON
1876 09 05 08 00  43.12    5.93 1020.3           TOULON
1876 09 06 08 00  43.12    5.93 1020.3           TOULON
1876 09 07 08 00  43.12    5.93 1019.0           TOULON
1876 09 08 08 00  43.12    5.93 1014.2           TOULON
1876 09 09 08 00  43.12    5.93 1011.5           TOULON
1876 09 10 08 00  43.12    5.93 1011.9           TOULON
1876 09 11 08 00  43.12    5.93 1014.9           TOULON
1876 09 12 08 00  43.12    5.93 1014.9           TOULON
1876 09 13 08 00  43.12    5.93 1010.5           TOULON
1876 09 14 08 00  43.12    5.93 1008.5           TOULON
1876 09 15 08 00  43.12    5.93 1006.8           TOULON
1876 09 16 08 00  43.12    5.93 1008.1           TOULON
1876 09 17 08 00  43.12    5.93 1015.6           TOULON
1876 09 18 08 00  43.12    5.93 1020.3           TOULON
1876 09 19 08 00  43.12    5.93 1020.7           TOULON
1876 09 20 08 00  43.12    5.93 1019.6           TOULON
1876 09 21 08 00  43.12    5.93 1022.4           TOULON
1876 09 22 08 00  43.12    5.93 1020.0           TOULON
1876 09 23 08 00  43.12    5.93 1017.9           TOULON
1876 09 24 08 00  43.12    5.93 1021.3           TOULON
1876 09 25 08 00  43.12    5.93 1021.7           TOULON
1876 09 26 08 00  43.12    5.93 1017.3           TOULON
1876 09 27 08 00  43.12    5.93 1014.2           TOULON
1876 09 28 08 00  43.12    5.93 1014.2           TOULON
1876 09 29 08 00  43.12    5.93 1011.2           TOULON
1876 09 30 08 00  43.12    5.93 1009.5           TOULON
1876 09 01 08 00  33.31   44.36 1009.5          BAGHDAD
1876 09 02 08 00  33.31   44.36 1009.5          BAGHDAD
1876 09 03 08 00  33.31   44.36 1012.1          BAGHDAD
1876 09 04 08 00  33.31   44.36 1012.1          BAGHDAD
1876 09 05 08 00  33.31   44.36 1012.1          BAGHDAD
1876 09 06 08 00  33.31   44.36 1012.1          BAGHDAD
1876 09 07 08 00  33.31   44.36 1012.1          BAGHDAD
1876 09 08 08 00  33.31   44.36 1010.8          BAGHDAD
1876 09 09 08 00  33.31   44.36 1012.1          BAGHDAD
1876 09 10 08 00  33.31   44.36 1014.8          BAGHDAD
1876 09 11 08 00  33.31   44.36 1018.8          BAGHDAD
1876 09 12 08 00  33.31   44.36 1016.1          BAGHDAD
1876 09 13 08 00  33.31   44.36 1012.1          BAGHDAD
1876 09 14 08 00  33.31   44.36 1012.1          BAGHDAD
1876 09 15 08 00  33.31   44.36 1016.1          BAGHDAD
1876 09 16 08 00  33.31   44.36 1014.8          BAGHDAD
1876 09 17 08 00  33.31   44.36 1013.5          BAGHDAD
1876 09 18 08 00  33.31   44.36 1013.5          BAGHDAD
1876 09 19 08 00  33.31   44.36 1014.8          BAGHDAD
1876 09 20 08 00  33.31   44.36 1017.5          BAGHDAD
1876 09 21 08 00  33.31   44.36 1017.5          BAGHDAD
1876 09 22 08 00  33.31   44.36 1014.8          BAGHDAD
1876 09 23 08 00  33.31   44.36 1017.5          BAGHDAD
1876 09 24 08 00  33.31   44.36 1018.8          BAGHDAD
1876 09 25 08 00  33.31   44.36 1018.8          BAGHDAD
1876 09 26 08 00  33.31   44.36 1018.8          BAGHDAD
1876 09 27 08 00  33.31   44.36 1018.8          BAGHDAD
1876 09 28 08 00  33.31   44.36 1017.5          BAGHDAD
1876 09 29 08 00  33.31   44.36 1022.8          BAGHDAD
1876 09 30 08 00  33.31   44.36 1024.1          BAGHDAD
1876 09 01 08 00  58.20   -6.30  998.8        STORNOWAY
1876 09 02 08 00  58.20   -6.30 1006.8        STORNOWAY
1876 09 03 08 00  58.20   -6.30 1005.5        STORNOWAY
1876 09 04 08 00  58.20   -6.30  996.2        STORNOWAY
1876 09 05 08 00  58.20   -6.30  981.5        STORNOWAY
1876 09 06 08 00  58.20   -6.30  984.2        STORNOWAY
1876 09 07 08 00  58.20   -6.30  992.2        STORNOWAY
1876 09 08 08 00  58.20   -6.30  992.2        STORNOWAY
1876 09 09 08 00  58.20   -6.30 1001.5        STORNOWAY
1876 09 10 08 00  58.20   -6.30 1009.5        STORNOWAY
1876 09 11 08 00  58.20   -6.30 1005.5        STORNOWAY
1876 09 12 08 00  58.20   -6.30 1009.5        STORNOWAY
1876 09 13 08 00  58.20   -6.30 1009.5        STORNOWAY
1876 09 14 08 00  58.20   -6.30 1006.8        STORNOWAY
1876 09 15 08 00  58.20   -6.30 1002.8        STORNOWAY
1876 09 16 08 00  58.20   -6.30 1000.2        STORNOWAY
1876 09 17 08 00  58.20   -6.30  997.5        STORNOWAY
1876 09 18 08 00  58.20   -6.30 1002.8        STORNOWAY
1876 09 19 08 00  58.20   -6.30 1016.1        STORNOWAY
1876 09 20 08 00  58.20   -6.30 1021.4        STORNOWAY
1876 09 21 08 00  58.20   -6.30 1014.8        STORNOWAY
1876 09 22 08 00  58.20   -6.30 1006.8        STORNOWAY
1876 09 23 08 00  58.20   -6.30 1001.5        STORNOWAY
1876 09 24 08 00  58.20   -6.30 1001.5        STORNOWAY
1876 09 25 08 00  58.20   -6.30 1002.8        STORNOWAY
1876 09 26 08 00  58.20   -6.30 1004.2        STORNOWAY
1876 09 27 08 00  58.20   -6.30 1004.2        STORNOWAY
1876 09 28 08 00  58.20   -6.30 1000.2        STORNOWAY
1876 09 29 08 00  58.20   -6.30 1002.8        STORNOWAY
1876 09 30 08 00  58.20   -6.30 1006.8        STORNOWAY
1876 09 01 08 00  32.67  -16.92 1013.5          FUNCHAL
1876 09 02 08 00  32.67  -16.92 1016.1          FUNCHAL
1876 09 03 08 00  32.67  -16.92 1016.1          FUNCHAL
1876 09 04 08 00  32.67  -16.92 1014.8          FUNCHAL
1876 09 05 08 00  32.67  -16.92 1016.1          FUNCHAL
1876 09 06 08 00  32.67  -16.92 1016.1          FUNCHAL
1876 09 07 08 00  32.67  -16.92 1014.8          FUNCHAL
1876 09 08 08 00  32.67  -16.92 1014.8          FUNCHAL
1876 09 09 08 00  32.67  -16.92 1013.5          FUNCHAL
1876 09 10 08 00  32.67  -16.92 1013.5          FUNCHAL
1876 09 11 08 00  32.67  -16.92 1014.8          FUNCHAL
1876 09 12 08 00  32.67  -16.92 1014.8          FUNCHAL
1876 09 13 08 00  32.67  -16.92 1013.5          FUNCHAL
1876 09 14 08 00  32.67  -16.92 1016.1          FUNCHAL
1876 09 15 08 00  32.67  -16.92 1016.1          FUNCHAL
1876 09 16 08 00  32.67  -16.92 1016.1          FUNCHAL
1876 09 17 08 00  32.67  -16.92 1013.5          FUNCHAL
1876 09 18 08 00  32.67  -16.92 1010.8          FUNCHAL
1876 09 19 08 00  32.67  -16.92 1013.5          FUNCHAL
1876 09 20 08 00  32.67  -16.92 1018.8          FUNCHAL
1876 09 21 08 00  32.67  -16.92 1018.8          FUNCHAL
1876 09 22 08 00  32.67  -16.92 1016.1          FUNCHAL
1876 09 23 08 00  32.67  -16.92 1016.1          FUNCHAL
1876 09 24 08 00  32.67  -16.92 1017.5          FUNCHAL
1876 09 25 08 00  32.67  -16.92 1017.5          FUNCHAL
1876 09 26 08 00  32.67  -16.92 1016.1          FUNCHAL
1876 09 27 08 00  32.67  -16.92 1016.1          FUNCHAL
1876 09 28 08 00  32.67  -16.92 1014.8          FUNCHAL
1876 09 29 08 00  32.67  -16.92 1010.8          FUNCHAL
1876 09 30 08 00  32.67  -16.92 1010.8          FUNCHAL
1876 09 01 08 00  33.89   35.50 1006.1           BEIRUT
1876 09 02 08 00  33.89   35.50 1007.5           BEIRUT
1876 09 03 08 00  33.89   35.50 1008.4           BEIRUT
1876 09 04 08 00  33.89   35.50 1009.1           BEIRUT
1876 09 05 08 00  33.89   35.50 1008.9           BEIRUT
1876 09 06 08 00  33.89   35.50 1007.6           BEIRUT
1876 09 07 08 00  33.89   35.50 1007.3           BEIRUT
1876 09 08 08 00  33.89   35.50 1008.1           BEIRUT
1876 09 09 08 00  33.89   35.50 1008.1           BEIRUT
1876 09 10 08 00  33.89   35.50 1012.1           BEIRUT
1876 09 11 08 00  33.89   35.50 1007.2           BEIRUT
1876 09 12 08 00  33.89   35.50 1011.5           BEIRUT
1876 09 13 08 00  33.89   35.50 1009.5           BEIRUT
1876 09 14 08 00  33.89   35.50 1009.9           BEIRUT
1876 09 15 08 00  33.89   35.50 1009.5           BEIRUT
1876 09 16 08 00  33.89   35.50 1009.1           BEIRUT
1876 09 17 08 00  33.89   35.50 1010.0           BEIRUT
1876 09 18 08 00  33.89   35.50 1008.1           BEIRUT
1876 09 19 08 00  33.89   35.50 1007.7           BEIRUT
1876 09 20 08 00  33.89   35.50 1011.1           BEIRUT
1876 09 21 08 00  33.89   35.50 1011.6           BEIRUT
1876 09 22 08 00  33.89   35.50 1011.3           BEIRUT
1876 09 23 08 00  33.89   35.50 1012.4           BEIRUT
1876 09 24 08 00  33.89   35.50 1010.5           BEIRUT
1876 09 25 08 00  33.89   35.50 1013.3           BEIRUT
1876 09 26 08 00  33.89   35.50 1010.8           BEIRUT
1876 09 27 08 00  33.89   35.50 1011.5           BEIRUT
1876 09 28 08 00  33.89   35.50 1013.5           BEIRUT
1876 09 29 08 00  33.89   35.50 1015.6           BEIRUT
1876 09 30 08 00  33.89   35.50 1013.9           BEIRUT
