1800
31.0
31.0 36.0 42.0 40.0 36.0 32.0 42.0 41.0 44.0 38.0 38.0 40.0 40.0 38.0 38.0 29.0 33.0 30.0 30.0 24.0 22.0 37.0 40.0 34.0 42.0 44.0 42.0 41.0 34.0 34.0 32.0
32.0 46.0 40.0 42.0 40.0 31.0 42.0 41.0 41.0 39.0 39.0 40.0 40.0 37.0 32.0 34.0 28.0 30.0 31.0 31.0 28.0 40.0 39.0 36.0 46.0 38.0 40.0 34.0 35.0 32.0 31.0  
28.0
40.0 36.0 39.0 36.0 32.0 38.0 34.0 32.0 32.0 34.0 32.0 32.0 28.0 32.0 32.0 40.0 44.0 44.0 42.0 41.0 43.0 44.0 45.0 37.0 36.0 34.0 32.0 32.0 00.0 00.0 00.0
39.0 38.0 36.0 36.0 35.0 36.0 36.0 32.0 35.0 34.0 34.0 30.0 32.0 30.0 32.0 41.0 41.0 44.0 44.0 39.0 42.0 44.0 43.0 38.0 36.0 33.0 32.0 32.0 00.0 00.0 00.0
31.0
32.0 28.0 34.0 32.0 35.0 36.0 32.0 30.0 36.0 36.0 41.0 39.0 36.0 39.0 39.0 42.0 42.0 39.0 38.0 39.0 42.0 45.0 42.0 49.0 48.0 43.0 44.0 43.0 43.0 38.0 40.0
32.0 33.0 36.0 35.0 35.0 33.0 32.0 25.0 34.0 40.0 40.0 38.0 39.0 38.0 40.0 42.0 40.0 37.0 34.0 39.0 42.0 41.0 48.0 46.0 44.0 46.0 39.0 46.0 44.0 46.0 45.0
30.0
42.0 50.0 44.0 47.0 45.0 46.0 48.0 50.0 47.0 44.0 44.0 51.0 49.0 52.0 52.0 50.0 45.0 44.0 48.0 53.0 46.0 48.0 48.0 49.0 50.0 49.0 49.0 50.0 44.0 49.0 00.0
50.0 40.0 47.0 42.0 44.0 46.0 45.0 46.0 40.0 40.0 47.0 48.0 49.0 46.0 46.0 48.0 45.0 47.0 47.0 50.0 45.0 38.0 36.0 43.0 44.0 45.0 46.0 43.0 36.0 45.0 00.0
31.0
49.0 53.0 54.0 50.0 50.0 51.0 52.0 57.0 60.0 54.0 50.0 47.0 45.0 48.0 54.0 54.0 46.0 50.0 55.0 55.0 52.0 51.0 52.0 57.0 55.0 57.0 56.0 57.0 58.0 56.0 54.0
44.0 41.0 43.0 43.0 49.0 44.0 45.0 55.0 49.0 44.0 44.0 40.0 42.0 50.0 52.0 45.0 48.0 51.0 48.0 44.0 44.0 45.0 44.0 48.0 48.0 50.0 44.0 47.0 51.0 50.0 50.0
30.0
56.0 57.0 56.0 59.0 58.0 62.0 58.0 54.0 50.0 51.0 52.0 55.0 53.0 55.0 52.0 55.0 57.0 62.0 62.0 58.0 57.0 58.0 60.0 64.0 62.0 63.0 63.0 56.0 58.0 56.0 00.0
46.0 51.0 53.0 51.0 52.0 48.0 46.0 44.0 41.0 42.0 45.0 46.0 44.0 48.0 49.0 52.0 55.0 54.0 57.0 49.0 56.0 56.0 49.0 55.0 51.0 53.0 54.0 55.0 54.0 51.0 00.0
31.0
66.0 58.0 56.0 57.0 58.0 61.0 64.0 62.0 59.0 63.0 59.0 59.0 60.0 59.0 59.0 67.0 63.0 62.0 65.0 65.0 65.0 60.0 67.0 67.0 69.0 70.0 71.0 67.0 65.0 72.0 69.0
47.0 52.0 53.0 51.0 54.0 57.0 55.0 54.0 53.0 54.0 52.0 52.0 53.0 56.0 57.0 59.0 55.0 51.0 55.0 55.0 59.0 62.0 58.0 58.0 60.0 62.0 63.0 55.0 61.0 63.0 61.0
31.0
69.0 69.0 67.0 64.0 61.0 62.0 59.0 68.0 69.0 67.0 67.0 66.0 61.0 60.0 64.0 62.0 64.0 67.0 71.0 57.0 53.0 54.0 57.0 57.0 57.0 59.0 58.0 59.0 62.0 64.0 58.0
65.0 63.0 63.0 61.0 61.0 60.0 59.0 64.0 66.0 61.0 57.0 51.0 56.0 58.0 52.0 54.0 60.0 59.0 59.0 51.0 45.0 57.0 59.0 59.0 46.0 51.0 55.0 56.0 53.0 57.0 54.0
30.0
50.0 58.0 59.0 58.0 62.0 57.0 61.0 57.0 54.0 56.0 59.0 57.0 57.0 58.0 59.0 59.0 60.0 55.0 56.0 54.0 52.0 47.0 45.0 49.0 53.0 53.0 49.0 48.0 50.0 48.0 00.0
51.0 53.0 51.0 55.0 52.0 56.0 54.0 54.0 53.0 49.0 53.0 48.0 49.0 52.0 59.0 57.0 50.0 52.0 48.0 48.0 46.0 43.0 43.0 47.0 51.0 50.0 49.0 51.0 46.0 48.0 00.0
31.0
48.0 56.0 49.0 51.0 49.0 46.0 49.0 50.0 46.0 44.0 51.0 44.0 48.0 52.0 48.0 45.0 47.0 49.0 46.0 44.0 48.0 40.0 44.0 47.0 51.0 41.0 39.0 50.0 42.0 49.0 42.0
51.0 46.0 48.0 46.0 47.0 48.0 48.0 46.0 40.0 44.0 44.0 43.0 50.0 49.0 43.0 46.0 48.0 49.0 47.0 50.0 43.0 40.0 46.0 50.0 52.0 44.0 44.0 47.0 49.0 38.0 40.0
30.0
48.0 42.0 38.0 40.0 40.0 45.0 50.0 48.0 40.0 36.0 43.0 36.0 37.0 42.0 41.0 45.0 40.0 36.0 41.0 44.0 42.0 46.0 42.0 32.0 34.0 32.0 32.0 31.0 36.0 42.0 00.0
46.0 42.0 36.0 38.0 40.0 49.0 47.0 41.0 34.0 40.0 41.0 36.0 44.0 47.0 45.0 44.0 35.0 39.0 44.0 44.0 42.0 44.0 39.0 34.0 32.0 34.0 31.0 35.0 41.0 48.0 00.0
31.0
50.0 34.0 34.0 32.0 30.0 36.0 34.0 27.0 26.0 35.0 35.0 39.0 33.0 42.0 44.0 38.0 42.0 42.0 49.0 48.0 46.0 48.0 40.0 40.0 36.0 34.0 32.0 33.0 30.0 23.0 32.0
40.0 34.0 37.0 28.0 32.0 38.0 30.0 28.0 25.0 38.0 39.0 33.0 33.0 45.0 45.0 44.0 42.0 42.0 47.0 48.0 49.0 48.0 43.0 35.0 33.0 32.0 30.0 28.0 27.0 30.0 37.0
        
       
 
 
  
