1807
31.0 
29.0 34.0 37.0 35.0 34.0 35.0 36.5 38.0 37.0 37.0 38.0 39.0 34.0 34.0 35.0 40.0 39.0 37.0 30.0 37.0 34.0 34.0 34.0 35.0 34.0 35.0 33.0 36.0 37.0 37.0 34.0
31.0 35.0 34.0 33.0 34.0 35.0 36.0 40.0 38.0 37.0 39.0 38.0 35.0 32.0 37.0 36.0 34.0 35.0 36.0 35.0 35.0 35.0 32.5 34.0 35.0 34.0 35.0 36.0 38.0 36.0 32.0 
28.0 
29.0 35.0 32.0 34.0 33.0 35.0 33.0 36.0 37.0 38.0 40.0 42.0 44.0 43.0 47.0 45.0 34.0 33.0 35.0 41.0 40.0 38.0 36.0 37.0 33.0 32.0 33.0 32.0 00.0 00.0 00.0 
33.0 34.0 34.0 35.0 34.0 35.0 37.0 38.0 39.0 40.0 41.0 42.0 43.0 45.0 50.0 40.0 31.0 26.0 40.0 35.5 44.0 33.5 35.0 34.0 32.0 32.0 30.0 35.0 00.0 00.0 00.0 
31.0 
36.0 37.0 35.5 34.0 29.0 35.0 35.0 34.0 33.5 34.0 36.0 37.0 38.0 39.0 32.0 36.0 37.0 38.0 35.0 36.0 38.0 40.0 39.0 36.0 37.0 38.0 37.0 35.0 34.0 36.0 34.0 
35.0 36.0 36.0 30.0 33.0 35.0 35.0 34.0 35.0 36.0 37.0 38.0 39.0 34.0 35.0 37.0 38.0 36.0 34.0 37.0 39.0 42.0 40.0 37.0 35.0 34.0 35.0 36.0 36.0 35.0 31.0 
30.0
33.0 35.0 34.0 36.0 48.0 48.0 45.0 49.0 48.0 51.0 48.0 50.0 40.0 38.0 39.0 39.0 32.0 40.0 39.0 42.0 40.0 51.0 46.0 54.0 53.0 59.0 60.0 58.0 59.0 56.0 00.0
32.0 35.0 37.0 39.0 42.0 47.0 51.0 49.0 49.0 53.0 50.0 46.0 43.0 43.0 40.0 40.0 36.0 35.0 40.0 38.0 40.0 45.0 48.0 53.0 56.0 60.0 56.0 56.0 55.0 56.0 00.0
31.0
60.0 54.0 57.0 47.0 45.0 47.0 45.0 47.0 50.0 50.0 46.0 47.0 42.0 45.0 53.0 60.0 61.0 55.0 55.0 52.0 55.0 56.0 58.0 68.0 65.0 65.0 53.0 51.0 46.0 48.0 51.0 
61.0 54.0 55.0 48.0 48.0 50.0 45.0 54.0 54.0 44.0 49.0 46.0 48.0 50.0 54.0 58.0 57.0 45.0 59.0 49.0 60.0 65.0 60.0 65.0 65.0 49.0 49.0 48.0 49.0 50.0.52.0
29.0 
52.0 56.0 60.0 58.0 60.0 57.0 57.0 57.0 55.0 57.0 57.0 54.0 58.0 60.0 59.0 56.0 60.0 57.0 59.0 58.0 59.0 58.0 61.0 59.0 58.0 55.0 58.0 59.0 55.0 00.0 00.0
52.0 60.0 58.0 59.0 55.0 58.0 65.0 61.0 54.0 54.0 51.0 54.0 59.0 58.0 60.0 59.0 50.5 50.0 60.0 62.0 62.0 60.0 62.0 62.0 56.0 64.0 62.0 59.0 56.0 00.0 00.0
31.0
54.0 58.0 62.0 58.0 59.0 60.0 58.0 62.0 66.0 70.0 63.0 65.0 68.0 62.0 63.0 66.0 67.0 65.0 64.0 64.0 64.0 66.0 62.0 67.0 63.0 66.0 66.0 65.0 66.0 65.0 64.0 
60.0 61.0 59.0 54.0 56.0 53.0 57.0 68.0 65.0 63.0 61.0 65.0 67.0 57.0 61.0 62.0 64.0 65.0 67.0 64.0 65.0 60.0 63.0 62.0 64.0 61.0 59.0 60.0 66.0 56.0 60.0 
31.0 
63.0 64.0 61.0 62.0 64.0 60.0 58.0 61.0 62.0 60.0 60.0 62.0 62.0 64.0 64.0 65.0 65.0 64.0 66.0 63.0 63.0 64.0 65.0 62.0 50.5 62.0 62.0 64.0 55.0 54.0 55.0 
63.0 60.0 58.0 62.0 55.0 56.0 56.0 58.0 59.0 56.0 55.0 57.0 57.0 62.5 60.5 62.0 61.0 63.0 63.0 62.0 63.0 64.0 63.0 61.0 60.0 63.0 65.0 55.0 55.0 54.0 53.0 
30.0
53.0 52.0 51.0 51.0 47.0 44.0 45.0 45.0 42.0 44.0 44.0 40.0 40.0 41.0 40.0 42.0 38.0 39.0 40.0 41.0 45.0 46.0 43.0 47.0 43.0 43.0 53.0 47.0 48.0 45.0 00.0
52.0 51.0 50.0 50.0 43.0 44.0 42.0 43.0 42.0 42.0 38.0 44.5 42.0 44.0 43.5 42.0 41.0 40.0 41.0 42.0 44.0 45.0 44.0 40.0 40.0 42.0 44.0 45.0 45.0 45.0 00.0
31.0 
47.0 48.0 56.0 55.0 53.0 53.0 52.0 51.0 51.0 53.0 54.0 53.0 52.0 51.0 50.0 52.0 53.0 52.0 51.0 50.0 45.0 48.0 42.0 45.0 46.0 45.0 42.0 40.0 49.0 51.0 49.0 
48.0 54.0 54.0 55.0 54.0 53.0 52.0 51.0 52.0 54.0 54.0 50.0 52.0 52.0 51.0 53.0 50.5 51.0 51.0 47.0 45.0 45.0 39.0 47.0 42.0 48.0 40.0 45.0 48.0 52.0 50.0 
30.0
51.0 43.0 38.0 40.0 48.0 41.0 37.0 37.0 36.0 30.0 36.0 28.0 33.0 28.0 37.0 37.0 37.0 37.0 31.0 34.0 30.0 20.0 20.0 33.0 34.0 35.0 25.0 31.0 28.0 31.0 00.0
48.0 43.0 40.0 45.0 42.0 43.0 33.0 39.0 32.0 33.0 32.0 35.0 32.0 32.0 37.0 39.0 37.0 31.0 32.0 31.0 21.0 25.0 30.0 35.0 28.0 30.0 23.0 30.0 35.0 23.0 00.0
31.0
32.0 42.0 40.0 47.0 44.0 35.0 31.0 24.0 29.0 36.0 44.0 43.0 45.0 38.0 42.0 43.0 40.0 38.0 37.0 44.0 40.0 30.0 33.0 36.0 47.0 41.0 38.0 45.0 37.0 32.0 42.0 
35.0 41.0 40.0 46.0 40.0 32.0 24.0 26.0 31.0 40.0 40.0 40.0 45.0 40.0 42.0 42.0 43.0 39.0 40.0 42.0 40.0 32.0 34.0 40.0 48.0 44.0 35.0 42.0 33.0 30.0 43.0 
