1811
31.0
35.0 33.0 32.0 31.0 28.0 32.0 34.0 31.0 31.0 40.0 35.0 36.0 36.0 34.0 35.0 33.0 47.0 33.0 36.0 44.0 35.0 39.0 33.0 32.0 39.0 44.0 32.0 20.0 18.0 22.0 31.0 
33.0 31.0 32.0 32.0 30.0 35.0 35.0 32.0 34.0 43.0 36.0 39.0 34.0 40.0 33.0 35.0 40.0 32.0 38.0 46.0 37.0 43.0 38.0 34.0 40.0 44.0 30.0 18.0 24.0 32.0 31.0 
28.0
33.0 25.0 35.0 35.0 41.0 45.0 40.0 45.0 35.0 46.0 45.0 40.0 31.0 38.0 37.0 36.0 36.0 46.0 42.0 40.0 42.0 41.0 39.0 39.0 30.0 46.0 40.0 43.0 00.0 00.0 00.0
32.0 37.0 27.0 40.0 40.0 48.0 46.0 40.0 35.0 42.0 46.0 33.0 34.0 33.0 37.0 35.0 36.0 46.0 44.0 44.0 39.0 40.0 41.0 41.0 40.0 45.0 41.0 41.0 00.0 00.0 00.0 
31.0
36.0 50.0 44.0 49.0 45.0 40.0 40.0 37.0 35.0 43.0 47.0 47.0 40.0 39.0 35.0 34.0 42.0 46.0 46.0 50.0 40.0 40.0 38.0 41.0 45.0 41.0 42.0 47.0 44.0 44.0 41.0 
42.0 48.0 43.0 46.0 45.0 41.0 39.0 35.0 41.0 46.0 47.0 47.0 42.0 43.0 41.0 41.0 43.0 45.0 45.0 46.0 43.0 47.0 42.0 41.0 45.0 45.0 46.0 50.0 50.0 48.0 46.0 
30.0 
45.0 44.0 48.0 47.0 47.0 47.0 30.0 28.0 34.0 35.0 35.0 42.0 52.0 54.0 54.0 54.0 47.0 47.0 47.0 48.0 49.0 51.0 59.0 56.0 52.0 54.0 51.0 52.0 44.0 48.0 00.0
45.0 45.0 50.0 50.0 54.0 35.0 30.0 31.0 37.0 35.0 40.0 54.0 54.0 54.0 55.0 52.0 44.0 47.0 48.0 45.0 48.0 50.0 55.0 58.0 56.0 55.0 55.0 50.0 49.0 44.0 00.0
31.0 
52.0 51.0 53.0 54.0 48.0 44.0 45.0 45.0 52.0 53.0 50.0 54.0 53.0 52.0 56.0 62.0 62.0 59.0 50.0 50.0 53.0 54.0 55.0 50.0 52.0 50.0 60.0 53.0 53.0 55.0 54.0 
54.0 51.0 54.0 56.0 44.0 46.0 43.0 45.0 49.0 48.0 50.0 53.0 52.0 60.0 54.0 60.0 60.0 49.0 49.0 54.0 60.0 55.0 55.0 54.0 54.0 56.0 61.0 54.0 56.0 57.0 55.0 
30.0
55.0 58.0 53.0 56.0 55.0 55.0 57.0 61.0 55.0 54.0 56.0 54.0 54.0 56.0 56.0 60.0 57.0 59.0 58.0 56.0 50.0 55.0 55.0 50.0 57.0 59.0 57.0 65.0 61.0 67.0 00.0
58.0 56.0 55.0 55.0 58.0 55.0 56.0 60.0 59.0 55.0 54.0 55.0 55.0 54.0 55.0 55.0 58.0 61.0 57.0 52.0 50.0 55.0 60.0 53.0 60.0 69.0 58.0 70.0 70.0 65.0 00.0
31.0
63.0 63.0 65.0 63.0 54.0 60.0 66.0 65.0 66.0 66.0 69.0 70.0 61.0 60.0 61.0 59.0 61.0 58.0 61.0 61.0 62.0 63.0 60.0 62.0 62.0 64.0 62.0 68.0 60.0 66.0 62.0 
65.0 65.0 55.0 60.0 59.0 65.0 67.0 66.0 68.0 66.0 67.0 70.0 63.0 62.0 60.0 62.0 61.0 60.0 58.0 66.0 66.0 64.0 63.0 65.0 62.0 68.0 70.0 64.0 62.0 64.0 60.0
31.0
62.0 62.0 57.0 57.0 58.0 60.0 59.0 56.0 57.0 57.0 57.0 58.0 57.0 59.0 59.0 55.0 58.0 58.0 56.0 52.0 54.0 56.0 55.0 52.0 54.0 54.0 53.0 54.0 54.0 55.0 56.0 
62.0 62.0 60.0 60.0 60.0 60.0 58.0 56.0 58.0 56.0 56.0 59.0 58.0 59.0 60.0 57.0 57.0 56.0 54.0 52.0 55.0 54.0 53.0 52.0 53.0 53.0 52.0 54.0 54.0 56.0 55.0 
30.0
54.0 54.0 60.0 56.0 56.0 57.0 56.0 56.0 44.0 48.0 61.0 51.0 55.0 60.0 59.0 53.0 54.0 54.0 52.0 56.0 54.0 53.0 51.0 48.0 45.0 46.0 52.0 51.0 50.0 48.0 00.0
54.0 50.0 56.0 52.0 54.0 56.0 53.0 52.0 50.5 55.0 57.0 56.0 55.0 56.0 55.0 50.0 54.0 49.0 52.0 56.0 56.0 52.0 51.0 49.0 48.0 43.0 52.0 44.0 44.0 50.0 00.0
31.0
50.0 59.0 58.0 58.0 57.0 56.0 56.0 56.0 58.0 57.0 54.0 53.0 48.0 50.0 52.0 54.0 54.0 53.0 52.0 50.0 44.0 43.0 40.0 39.0 40.0 41.0 42.0 40.0 42.0 40.0 41.0 
51.0 57.0 56.0 56.0 55.5 55.0 56.0 55.0 56.0 55.0 49.0 47.0 46.0 48.0 50.0 53.0 52.0 50.0 50.0 49.0 45.0 42.0 38.0 37.0 40.0 42.0 42.0 40.0 42.0 44.0 52.0
30.0
52.0 46.0 44.0 42.0 40.0 40.0 40.0 36.0 43.0 43.0 41.0 37.0 40.0 39.0 37.0 43.0 45.0 46.0 40.0 38.0 41.0 42.0 38.0 44.0 44.0 45.0 45.0 47.0 45.0 47.0 00.0
49.0 42.0 41.0 42.0 38.0 41.0 38.0 36.0 42.0 43.0 38.0 37.0 40.0 39.0 40.0 41.0 45.0 45.0 45.0 42.0 42.0 39.0 44.0 46.0 44.0 45.0 44.0 45.0 45.0 45.0 00.0
31.0 
50.0 39.0 45.0 34.0 30.0 34.0 44.0 45.0 32.0 35.0 32.0 43.0 48.0 37.0 45.0 37.0 38.0 36.0 48.0 39.0 37.0 32.0 45.0 41.0 28.0 33.0 35.0 35.0 28.0 22.0 35.0 
49.0 37.0 42.0 34.0 32.0 38.0 48.0 37.0 39.0 32.0 38.0 48.0 43.0 37.0 41.0 34.0 38.0 42.0 40.0 40.0 32.0 38.0 44.0 40.0 30.0 32.0 32.0 28.0 30.0 30.0 38.0 
 
