1813
31.0
33.0 38.0 38.0 38.0 37.0 35.0 35.0 34.0 33.0 34.0 36.0 32.0 34.0 34.0 33.0 37.0 38.0 36.0 35.0 32.0 31.0 31.0 33.0 32.0 32.0 30.0 32.0 31.0 34.0 34.0 36.0 
36.0 36.0 38.0 38.0 36.0 35.0 36.0 34.0 34.0 35.0 36.0 34.0 34.0 33.0 33.0 38.0 37.0 35.0 33.0 33.0 32.0 33.0 33.0 33.0 32.0 31.0 31.0 33.0 34.0 35.0 39.0 
28.0
38.0 38.0 38.0 35.0 40.0 37.0 35.0 37.0 35.0 35.0 37.0 40.0 40.0 40.0 40.0 36.0 35.0 37.0 38.0 38.0 42.0 38.0 37.0 35.0 37.0 40.0 35.0 36.0 00.0 00.0 00.0
36.0 36.0 35.0 36.0 40.0 35.0 35.0 37.0 33.0 37.0 45.0 40.0 37.0 38.0 40.0 36.0 35.0 37.0 38.0 40.0 40.0 37.0 36.0 36.0 38.0 40.0 36.0 37.0 00.0 00.0 00.0
31.0
41.0 40.0 38.0 38.0 39.0 40.0 42.0 41.0 41.0 39.0 36.0 33.0 34.0 37.0 43.0 48.0 44.0 42.0 42.0 36.0 36.0 38.0 40.0 44.0 34.0 40.0 44.0 45.0 43.0 40.0 38.0 
40.0 39.0 37.0 38.0 40.0 42.0 42.0 42.0 40.0 39.0 34.0 34.0 40.0 43.0 48.0 37.0 38.0 40.0 42.0 36.0 38.0 40.0 40.0 40.0 40.0 40.0 46.0 45.0 42.0 40.0 37.0 
30.0
33.0 32.0 31.0 34.0 38.0 40.0 41.0 45.0 47.0 50.0 52.0 50.0 46.0 50.0 48.0 46.0 45.0 46.0 48.0 45.0 40.0 39.0 37.0 40.0 39.0 37.0 36.0 37.0 37.0 38.0 00.0
34.0 32.0 33.0 37.0 40.0 40.0 43.0 45.0 50.0 51.0 52.0 46.0 46.0 48.0 49.0 47.0 43.0 47.0 47.0 43.0 39.0 37.0 40.0 39.0 40.0 36.0 35.0 35.0 39.0 38.0 00.0
31.0
40.0 42.0 45.0 45.0 50.0 47.0 49.0 50.0 52.0 55.0 52.0 50.0 52.0 50.0 55.0 52.0 52.0 48.0 51.0 49.0 45.0 46.0 50.0 46.0 42.0 43.0 50.0 50.0 50.0 53.0 55.0 
40.0 42.0 48.0 45.0 47.0 48.0 50.0 50.0 53.0 55.0 50.0 48.0 40.0 45.0 54.0 50.0 46.0 48.0 50.0 45.0 42.0 46.0 48.0 45.0 40.0 43.0 49.0 50.0 55.0 55.0 53.0 
30.0
55.0 52.0 54.0 55.0 50.0 53.0 55.0 55.0 52.0 50.0 54.0 52.0 52.0 56.0 52.0 50.0 49.0 46.0 52.0 50.0 55.0 53.0 54.0 60.0 60.0 59.0 59.0 60.0 59.0 58.0 00.0
54.0 50.0 54.0 50.0 50.0 50.0 53.0 54.0 50.0 50.0 52.0 41.0 56.0 56.0 51.0 50.0 45.0 50.0 48.0 48.0 53.0 53.0 58.0 57.0 58.0 60.0 60.0 59.0 57.0 57.0 00.0
31.0
55.0 53.0 50.0 52.0 54.0 53.0 55.0 53.0 55.0 57.0 59.0 59.0 58.0 54.0 57.0 56.0 53.0 53.0 56.5 60.0 60.0 59.0 60.0 58.0 59.0 58.0 57.0 59.0 60.0 60.0 57.0 
54.0 55.0 53.0 54.0 55.0 50.0 53.0 52.0 56.0 53.0 57.0 58.0 54.0 54.0 58.0 56.0 52.0 52.0 60.0 62.0 60.0 60.0 58.0 58.0 59.0 57.0 58.0 60.0 56.0 55.0 56.0 
31.0
58.0 58.0 57.0 56.0 55.0 56.0 57.0 55.0 56.0 58.0 56.0 56.0 52.0 53.0 53.0 55.0 54.0 49.0 45.0 49.0 47.0 48.0 50.0 48.0 51.0 52.0 52.0 53.0 54.0 54.0 55.0 
59.0 58.0 57.0 56.0 55.0 58.0 58.0 51.0 58.0 55.0 57.0 55.0 52.0 52.0 54.0 59.0 50.0 50.0 52.0 45.0 49.0 50.0 48.0 48.0 49.0 52.0 53.0 53.0 54.0 54.0 55.0 
30.0
56.0 56.0 55.0 54.0 52.0 50.0 49.0 46.0 52.0 50.0 54.0 50.0 50.0 52.0 54.0 58.0 61.0 54.0 59.0 56.0 59.0 59.0 55.0 56.0 52.0 51.0 56.0 52.0 52.0 50.0 00.0
55.0 55.0 54.0 53.0 47.0 48.0 47.0 46.0 50.0 50.0 55.0 45.0 47.0 51.0 54.0 54.0 53.0 57.0 58.0 57.0 58.0 58.0 56.0 57.0 52.0 56.0 56.0 52.0 52.0 54.0 00.0
31.0
49.0 45.0 52.0 54.0 57.0 57.0 59.0 55.0 50.0 55.0 51.0 49.0 42.0 36.0 45.0 37.0 40.0 38.0 42.0 45.0 49.0 47.0 52.0 50.0 47.0 40.0 42.0 37.0 37.0 48.0 39.0 
52.0 50.0 54.0 56.0 55.0 57.0 53.0 52.0 56.0 54.0 52.0 50.0 36.0 36.0 40.0 42.0 42.0 40.0 44.0 49.0 49.0 42.0 50.0 49.0 45.0 44.0 44.0 33.0 40.0 46.0 40.0 
30.0 
42.0 43.0 40.0 37.0 48.0 48.0 38.0 40.0 40.0 45.0 42.0 40.0 39.0 35.0 39.0 37.0 32.0 35.0 42.0 53.0 47.0 39.0 32.0 25.0 31.0 38.0 38.0 39.0 37.0 39.0 00.0
41.0 42.0 37.0 46.0 50.0 47.0 40.0 41.0 44.0 42.0 46.0 41.0 42.0 40.0 39.0 38.0 34.0 37.0 45.0 46.0 45.0 41.0 32.0 28.0 38.0 34.0 38.0 39.0 38.0 38.0 00.0
31.0
35.0 35.0 39.0 35.0 41.0 42.0 42.0 41.0 39.0 40.0 37.0 37.0 35.0 34.0 34.0 40.0 48.0 47.0 44.0 37.0 42.0 38.0 37.0 38.0 37.0 32.0 29.0 38.0 41.0 37.0 37.0 
35.0 35.0 35.0 38.0 38.0 38.0 39.0 39.0 39.0 39.0 38.0 36.0 32.0 32.0 32.0 42.0 44.0 46.0 42.0 36.0 46.0 36.0 39.0 39.0 33.0 30.0 36.0 39.0 35.0 42.0 38.0 
