1823
31.0
34.0 34.0 42.0 44.0 42.0 40.0 39.0 40.0 40.0 38.0 37.0 37.0 38.0 37.0 36.0 35.0 25.0 23.0 24.0 25.0 28.0 29.0 25.0 29.0 29.0 30.0 32.0 40.0 42.0 40.0 36.0 
30.0 38.0 43.0 42.0 40.0 38.0 40.0 39.0 38.0 38.0 37.0 38.0 39.0 36.0 35.0 30.0 22.0 23.0 26.0 35.0 27.0 26.0 28.0 29.0 30.0 27.0 37.0 38.0 40.0 34.0 35.0 
28.0
34.0 32.0 34.0 30.0 20.0 24.0 30.0 30.0 32.0 34.0 40.0 40.0 34.0 35.0 40.0 32.0 36.0 40.0 39.0 38.0 40.0 40.0 38.0 38.0 40.0 38.0 32.0 34.0 00.0 00.0 00.0
34.0 33.0 32.0 25.0 24.0 26.0 30.0 30.0 33.0 32.0 42.0 33.0 34.0 34.0 34.0 32.0 38.0 40.0 36.0 38.0 38.0 36.0 38.0 38.0 34.0 40.0 36.0 37.0 00.0 00.0 00.0
31.0 
36.0 37.0 43.0 38.0 38.0 37.0 39.0 32.0 32.0 37.0 36.0 40.0 44.0 44.0 36.0 40.0 41.0 42.0 35.0 42.0 43.0 44.0 36.0 45.0 43.0 42.0 43.0 43.0 44.0 44.0 45.0 
38.0 39.0 36.0 37.0 37.0 39.0 36.0 32.0 36.0 38.0 37.0 40.0 44.0 40.0 40.0 40.0 42.0 40.0 40.0 41.0 44.0 36.0 42.0 44.0 41.0 42.0 42.0 43.0 42.0 44.0 46.0 
30.0
45.0 43.0 42.0 41.0 40.0 40.0 43.0 41.0 38.0 44.0 44.0 45.0 46.0 46.0 44.0 47.0 48.0 41.0 38.0 40.0 44.0 44.0 43.0 43.0 44.0 39.0 43.0 47.0 40.0 44.0 00.0
44.0 43.0 42.0 42.0 40.0 42.0 40.0 40.0 40.0 42.0 43.0 44.0 46.0 46.0 47.0 48.0 44.0 38.0 38.0 40.0 44.0 42.0 42.0 43.0 42.0 40.0 40.0 42.0 44.0 46.0 00.0
31.0
46.0 47.0 50.0 50.0 50.0 54.0 55.0 52.0 50.0 48.0 48.0 50.0 45.0 48.0 49.0 53.0 50.0 46.0 45.0 48.0 48.0 49.0 43.0 50.0 51.0 53.0 54.0 60.0 57.0 56.0 56.0
46.0 47.0 50.0 50.0 52.0 56.0 52.0 50.0 50.0 46.0 48.0 50.0 46.0 47.0 50.0 52.0 47.0 46.0 47.0 50.0 47.0 46.0 45.0 50.0 53.0 54.0 53.0 55.0 56.0 56.0 54.0 
30.0
50.0 52.0 53.0 52.0 50.0 54.0 52.0 53.0 53.0 52.0 50.0 52.0 53.0 54.0 53.0 54.0 52.0 52.0 55.0 55.0 54.0 54.0 52.0 50.0 49.0 49.0 50.0 52.0 52.0 55.0 00.0
49.0 50.0 50.0 53.0 46.0 55.0 53.0 53.0 52.0 52.0 50.0 52.0 53.0 54.0 53.0 53.0 53.0 52.0 55.0 52.0 50.0 50.0 50.0 49.0 47.0 50.0 50.0 55.0 54.0 55.0 00.0
31.0
55.0 52.0 50.0 55.0 53.0 51.0 50.0 52.0 55.0 55.0 52.0 55.0 54.0 54.0 55.0 52.0 54.0 54.0 54.0 55.0 54.0 53.0 54.0 54.0 54.0 55.0 56.0 57.0 58.0 59.0 60.0 
54.0 52.0 55.0 52.0 53.0 50.0 51.0 53.0 55.0 52.0 53.0 55.0 53.0 52.0 54.0 52.0 54.0 53.0 54.0 54.0 55.0 55.0 53.0 53.0 55.0 55.0 56.0 57.0 58.0 60.0 60.0 
31.0 
60.0 57.0 58.0 58.0 59.0 60.0 58.0 57.0 60.0 60.0 60.0 62.0 60.0 56.0 57.0 57.0 55.0 54.0 54.0 53.0 54.0 53.0 54.0 55.0 56.0 57.0 56.0 56.0 58.0 56.0 56.0 
60.0 57.0 58.0 59.0 60.0 59.0 58.0 59.0 60.0 60.0 62.0 62.0 56.0 55.0 52.0 55.0 54.0 54.0 53.0 52.0 50.0 52.0 53.0 55.0 55.0 57.0 57.0 56.0 60.0 56.0 56.0 
30.0
56.0 56.0 57.0 60.0 59.0 57.0 57.0 58.0 58.0 49.0 52.0 53.0 51.0 51.0 50.0 50.0 52.0 52.0 50.0 50.0 48.0 48.0 47.0 52.0 58.0 50.0 45.0 44.0 44.0 48.0 00.0
56.0 56.0 58.0 60.0 56.0 57.0 60.0 58.0 52.0 46.0 53.0 50.0 51.0 52.0 50.0 49.0 48.0 49.0 50.0 49.0 47.0 47.0 48.0 50.0 55.0 46.0 46.0 44.0 45.0 46.0 00.0
31.0
42.0 42.0 43.0 44.0 47.0 48.0 50.0 47.0 42.0 40.0 37.0 42.0 44.0 42.0 42.0 43.0 44.0 46.0 44.0 42.0 45.0 44.0 46.0 44.0 45.0 44.0 45.0 42.0 40.0 36.0 35.0 
42.0 42.0 43.0 45.0 48.0 49.0 48.0 42.0 38.0 40.0 37.0 44.0 42.0 40.0 42.0 43.0 44.0 45.0 43.0 42.0 46.0 45.0 44.0 44.0 44.0 45.0 44.0 42.0 40.0 38.0 35.0 
30.0
40.0 42.0 45.0 36.0 39.0 46.0 44.0 41.0 43.0 43.0 40.0 42.0 42.0 44.0 42.0 42.0 43.0 42.0 42.0 43.0 44.0 45.0 46.0 47.0 45.0 45.0 46.0 42.0 42.0 41.0 00.0
40.0 43.0 41.0 36.0 42.0 42.0 42.0 41.0 43.0 42.0 40.0 42.0 43.0 44.0 42.0 42.0 42.0 42.0 42.0 44.0 44.0 45.0 46.0 46.0 45.0 45.0 45.0 42.0 41.0 42.0 00.0
31.0 
40.0 36.0 36.0 34.0 33.0 32.0 32.0 39.0 40.0 36.0 40.0 35.0 36.0 40.0 36.0 40.0 36.0 30.0 27.0 38.0 36.0 35.0 40.0 42.0 40.0 38.0 38.0 40.0 40.0 41.0 40.0 
39.0 36.0 35.0 34.0 33.0 35.0 37.0 40.0 40.0 38.0 37.0 34.0 37.0 38.0 40.0 40.0 33.0 27.0 37.0 36.0 33.0 38.0 40.0 42.0 40.0 37.0 39.0 40.0 40.0 40.0 40.0 
                            
