1857 01 01 11 00  28.29  -16.63 1028.7         TENERIFE
1857 01 02 09 00  28.29  -16.63 1027.7         TENERIFE
1857 01 03 09 00  28.29  -16.63 1027.0         TENERIFE
1857 01 04 10 00  28.29  -16.63 1026.4         TENERIFE
1857 01 05 20 00  28.29  -16.63 1025.6         TENERIFE
1857 01 06 10 00  28.29  -16.63 1025.5         TENERIFE
1857 01 07 10 00  28.29  -16.63 1026.0         TENERIFE
1857 01 08 12 00  28.29  -16.63 1028.1         TENERIFE
1857 01 09 20 00  28.29  -16.63 1032.8         TENERIFE
1857 01 10 11 00  28.29  -16.63 1032.7         TENERIFE
1857 01 11 09 00  28.29  -16.63 1031.2         TENERIFE
1857 01 12 09 00  28.29  -16.63 1028.5         TENERIFE
1857 01 13 12 00  28.29  -16.63 1025.9         TENERIFE
1857 01 14 22 00  28.29  -16.63 1026.2         TENERIFE
1857 01 15 10 00  28.29  -16.63 1024.5         TENERIFE
1857 01 16 08 00  28.29  -16.63 1023.0         TENERIFE
1857 01 17 10 00  28.29  -16.63 1023.7         TENERIFE
1857 01 18 09 00  28.29  -16.63 1023.8         TENERIFE
1857 01 19 08 00  28.29  -16.63 1028.0         TENERIFE
1857 01 20 09 00  28.29  -16.63 1028.8         TENERIFE
1857 01 21 09 00  28.29  -16.63 1023.5         TENERIFE
1857 01 22 10 00  28.29  -16.63 1023.8         TENERIFE
1857 01 23 09 00  28.29  -16.63 1028.8         TENERIFE
1857 01 24 08 00  28.29  -16.63 1024.7         TENERIFE
1857 01 25 10 00  28.29  -16.63 1020.0         TENERIFE
1857 01 26 09 00  28.29  -16.63 1018.3         TENERIFE
1857 01 27 09 00  28.29  -16.63 1016.9         TENERIFE
1857 01 28 09 00  28.29  -16.63 1010.6         TENERIFE
1857 01 29 09 00  28.29  -16.63 1016.1         TENERIFE
1857 01 30 09 00  28.29  -16.63 1023.2         TENERIFE
1857 01 31 12 00  28.29  -16.63 1028.6         TENERIFE
