01 29891 29881 29869 29863 29849 29837 29825 29829 29829 29823 29817 29819 29807 29801 29795 29793 29793 29795 29799 29801 29795 29789 29777 29759
02 29749 29735 29717 29699 29695 29693 29693 29699 29695 29691 29705 29697 29683 29659 29643 29626 29626 29615 29607 29581 29559 29535 29513 29493
03 29467 29425 29379 29341 29291 29241 29206 29191 29177 29157 29136 29134 29119 29104 29086 29086 29088 29104 29111 29114 29118 29134 29142 29152
04 29154 29156 29158 29164 29174 29180 29196 29224 29238 29258 29282 29286 29286 29290 29292 29296 29304 29319 29326 29330 29336 29346 29354 29352
05 29356 29360 29342 29344 29354 29358 29358 29360 29360 29354 29350 29334 29310 29280 29258 29232 29218 29212 29200 29192 29170 29138 29108 29088
06 29076 29070 29055 29055 29068 29080 29110 29142 29178 29209 29242 29260 29278 29292 29312 29337 29370 29402 29438 29468 29493 29523 29542 29568
07 29588 29610 29616 29633 29644 29664 29688 29714 29732 29740 29764 29760 29755 29754 29748 29755 29758 29774 29778 29778 29772 29770 29758 29744
08 29732 29714 29696 29678 29670 29665 29666 29666 29666 29665 29657 29653 29639 29629 29629 29621 29623 29633 29645 29651 29649 29657 29651 29651
09 29649 29653 29653 29655 29653 29661 29669 29699 29713 29737 29748 29764 29762 29770 29782 29804 29836 29868 29898 29914 29940 29964 29972 29996
10 30002 30016 30018 30030 30038 30052 30066 30084 30096 30110 30121 30114 30113 30107 30105 30107 30113 30125 30143 30153 30155 30173 30189 30187
11 30191 30189 30181 30179 30191 30201 30207 30209 30219 30233 30247 30255 30245 30243 30233 30217 30215 30207 30215 30231 30237 30239 30235 30235
12 30229 30231 30225 30227 30229 30231 30239 30243 30241 30243 30241 30231 30217 30203 30183 30185 30181 30191 30203 30209 30215 30216 30216 30217
13 30215 30209 30205 30201 30209 30211 30211 30221 30227 30233 30231 30229 30217 30201 30187 30179 30175 30185 30201 30215 30221 30229 30241 30251
14 30261 30259 30259 30255 30261 30265 30279 30291 30307 30325 30339 30333 30331 30325 30321 30309 30301 30315 30315 30315 30315 30317 30313 30301
15 30295 30287 30277 30263 30253 30247 30249 30253 30249 30245 30241 30237 30233 30215 30203 30197 30195 30193 30195 30195 30197 30223 30243 30247
16 30255 30255 30253 30254 30255 30263 30273 30289 30295 30297 30310 30302 30294 30276 30261 30251 30241 30240 30244 30240 30240 30232 30222 30200
17 30186 30158 30132 30106 30092 30066 30048 30036 30026 30002 29984 29954 29922 29888 29862 29834 29812 29798 29774 29750 29730 29708 29686 29670
18 29656 29628 29605 29582 29565 29542 29520 29500 29494 29488 29504 29496 29485 29468 29455 29462 29475 29508 29555 29600 29636 29676 29704 29726
19 29748 29754 29780 29800 29830 29862 29884 29915 29932 29950 29957 29956 29955 29942 29938 29938 29940 29950 29954 29950 29944 29940 29934 29924
20 29910 29892 29854 29835 29818 29800 29782 29776 29780 29776 29780 29754 29752 29732 29718 29714 29718 29723 29725 29730 29732 29745 29750 29756
21 29766 29766 29768 29770 29784 29794 29806 29824 29836 29836 29838 29830 29830 29812 29800 29792 29776 29770 29752 29732 29708 29658 29622 29600
22 29590 29578 29580 29590 29605 29616 29636 29696 29716 29744 29764 29770 29784 29800 29818 29834 29848 29868 29902 29922 29946 29968 29990 30004
23 30020 30044 30052 30060 30074 30086 30100 30122 30142 30146 30142 30130 30124 30120 30108 30102 30100 30100 30102 30102 30100 30098 30090 30082
24 30070 30054 30044 30022 30016 30017 30022 30020 30018 30015 30010 29998 29994 29980 29976 29970 29966 29971 29975 29978 29988 29984 29984 29984
25 29982 29992 29984 29982 29982 29988 29998 30020 30015 30019 30026 30026 30022 30012 30010 29998 30004 30007 30024 30026 30020 30016 30010 29976
26 29972 29968 29950 29944 29924 29920 29922 29906 29892 29875 29844 29820 29782 29748 29694 29674 29664 29660 29662 29668 29678 29690 29706 29714
27 29718 29748 29766 29790 29804 29828 29848 29866 29900 29922 29936 29955 29972 29982 30000 30014 30030 30054 30084 30100 30116 30134 30148 30165
28 30162 30162 30160 30156 30156 30164 30172 30180 30180 30178 30170 30160 30140 30118 30096 30084 30068 30056 30030 30018 29996 29976 29950 29926
29 29898 29864 29828 29792 29755 29722 29704 29676 29666 29650 29642 29628 29610 29614 29624 29634 29642 29660 29682 29695 29712 29726 29734 29748
30 29762 29770 29778 29792 29805 29828 29850 29868 29885 29912 29925 29941 29948 29959 29971 29991 30006 30025 30051 30075 30087 30096 30105 30106
31 30115 30116 30107 30101 30114 30114 30113 30113 30114 30114 30110 30094 30084 30066 30050 30029 30006 29996 29990 29982 29964 29948 29924 29894
