01 30084 30093 30092 30099 30108 30118 30126 30130 30134 30133 30129 30132 30122 30106 30104 30100 30098 30094 30109 30128 30144 30162 30170 30166
02 30163 30162 30163 30166 30167 30175 30179 30186 30184 30171 30160 30153 30152 30143 30139 30136 30131 30123 30142 30142 30150 30154 30149 30143
03 30138 30135 30130 30123 30123 30125 30132 30139 30140 30137 30133 30131 30126 30117 30116 30115 30109 30105 30112 30116 30126 30130 30129 30127
04 30127 30128 30126 30119 30132 30136 30152 30160 30164 30161 30168 30166 30165 30163 30167 30169 30169 30180 30190 30198 30210 30218 30225 30221
05 30224 30218 30218 30214 30212 30216 30220 30220 30222 30209 30204 30193 30190 30173 30174 30162 30160 30158 30167 30169 30175 30191 30197 30199
06 30199 30203 30204 30208 30213 30223 30227 30230 30233 30228 30211 30208 30202 30189 30182 30171 30161 30146 30163 30172 30182 30190 30187 30185
07 30177 30161 30161 30162 30167 30166 30168 30164 30163 30154 30152 30148 30138 30133 30125 30111 30108 30104 30094 30090 30086 30080 30080 30063
08 30051 30040 30044 30035 30034 30038 30049 30053 30056 30051 30068 30068 30077 30078 30076 30072 30067 30066 30071 30075 30105 30120 30133 30134
09 30134 30137 30133 30141 30151 30167 30175 30183 30184 30181 30178 30177 30174 30166 30166 30156 30148 30150 30150 30150 30156 30164 30163 30160
10 30158 30151 30146 30142 30142 30141 30142 30156 30154 30140 30130 30127 30112 30100 30098 30089 30084 30077 30071 30077 30086 30089 30091 30094
11 30091 30081 30079 30071 30061 30061 30063 30061 30053 30041 30029 30012 29988 29988 29986 29965 29961 29953 29962 29970 29986 30000 30001 29997
12 29991 29984 29985 29981 29983 29991 29997 30007 30014 30012 30019 30020 30017 30009 30011 30009 30002 29999 30005 30009 30017 30025 30028 30020
13 30011 30003 30002 30003 30005 30014 30021 30020 30021 30013 30013 30010 30004 30002 30002 29991 29998 30004 30009 30016 30044 30057 30064 30073
14 30072 30076 30080 30091 30110 30128 30149 30166 30179 30174 30170 30166 30171 30173 30170 30164 30161 30169 30170 30179 30189 30197 30201 30205
15 30209 30205 30200 30195 30197 30198 30202 30203 30197 30190 30177 30161 30149 30135 30129 30117 30107 30103 30103 30102 30107 30105 30096 30089
16 30082 30072 30066 30052 30044 30034 30029 30015 30008 29997 29992 29981 29978 29976 29976 29977 29974 29972 29976 29984 29989 29990 29988 29981
17 29978 29972 29971 29970 29972 29980 29985 29988 29990 29995 29996 29998 30000 29999 29997 29988 29986 29976 29977 29978 29983 29989 29991 29990
18 29988 29980 29972 29957 29950 29954 29956 29958 29952 29934 29929 29917 29903 29899 29898 29887 29879 29869 29868 29854 29856 29848 29847 29841
19 29831 29820 29819 29815 29817 29823 29830 29829 29835 29835 29834 29831 29830 29828 29827 29838 29839 29835 29838 29847 29851 29852 29851 29838
20 29833 29824 29820 29818 29820 29831 29843 29845 29853 29861 29886 29899 29913 29918 29939 29954 29968 29989 30009 30034 30058 30079 30092 30098
21 30112 30124 30136 30149 30168 30188 30207 30230 30247 30263 30278 30290 30299 30307 30312 30316 30324 30332 30348 30368 30378 30389 30386 30385
22 30387 30385 30386 30385 30390 30392 30395 30394 30395 30389 30383 30372 30364 30364 30360 30355 30352 30350 30351 30348 30353 30356 30358 30356
23 30360 30354 30351 30338 30339 30340 30341 30338 30332 30322 30315 30295 30282 30272 30262 30244 30233 30226 30238 30248 30265 30271 30270 30267
24 30262 30256 30257 30258 30254 30260 30270 30269 30266 30260 30247 30234 30227 30227 30223 30221 30219 30217 30215 30225 30232 30242 30245 30246
25 30245 30243 30247 30253 30261 30271 30282 30291 30289 30285 30285 30286 30275 30268 30267 30259 30252 30249 30251 30263 30271 30276 30282 30279
26 30273 30278 30277 30277 30285 30292 30299 30299 30296 30289 30278 30275 30266 30260 30252 30238 30227 30222 30232 30239 30255 30260 30262 30264
27 30260 30252 30250 30254 30255 30256 30257 30258 30258 30252 30244 30234 30226 30213 30210 30211 30212 30216 30224 30246 30256 30270 30282 30288
28 30293 30294 30295 30294 30300 30303 30309 30314 30316 30312 30317 30310 30298 30289 30281 30272 30269 30266 30265 30273 30287 30294 30289 30285
29 30286 30281 30276 30275 30277 30277 30283 30287 30290 30284 30283 30276 30268 30260 30256 30247 30243 30239 30236 30235 30237 30238 30241 30242
30 30242 30244 30241 30240 30241 30238 30240 30247 30248 30253 30261 30256 30243 30225 30216 30203 30200 30199 30200 30202 30208 30212 30211 30213
31 30211 30207 30206 30203 30199 30197 30202 30203 30209 30204 30195 30181 30166 30155 30143 30130 30125 30121 30125 30127 30131 30135 30135 30131
