01 29993 29993 29993 29993 29993 29995 29991 29985 29977 29971 29970 29954 29952 29940 29920 29918 29910 29902 29888 29870 29894 29924 29918 29898
02 29896 29886 29864 29858 29842 29846 29840 29808 29806 29824 29804 29754 29734 29714 29700 29708 29700 29688 29652 29680 29668 29644 29634 29614
03 29604 29580 29554 29546 29541 29520 29512 29496 29478 29450 29435 29405 29393 29381 29353 29327 29309 29297 29289 29273 29261 29257 29245 29239
04 29229 29231 29231 29231 29227 29233 29227 29233 29235 29227 29210 29186 29172 29156 29138 29152 29148 29154 29164 29186 29200 29212 29210 29210
05 29202 29194 29182 29178 29178 29171 29174 29188 29192 29180 29173 29175 29165 29159 29165 29163 29169 29172 29179 29189 29193 29195 29179 29187
06 29187 29177 29171 29175 29169 29171 29166 29173 29177 29173 29182 29170 29174 29172 29182 29170 29182 29192 29191 29192 29206 29206 29200 29194
07 29188 29192 29188 29192 29200 29202 29214 29220 29234 29244 29258 29268 29284 29298 29318 29336 29346 29362 29380 29390 29404 29404 29406 29412
08 29406 29402 29394 29388 29386 29394 29394 29386 29374 29366 29358 29341 29316 29288 29252 29224 29192 29156 29122 29100 29076 29048 29007 28984
09 28972 28962 28952 28944 28932 28934 28934 28940 28942 28948 28945 28945 28945 28951 28955 28955 28961 28963 28965 28971 28989 29019 29047 29063
10 29083 29105 29125 29153 29171 29189 29207 29243 29277 29303 29353 29371 29369 29385 29393 29405 29413 29437 29453 29469 29493 29511 29523 29543
11 29557 29561 29569 29587 29593 29595 29597 29601 29599 29593 29595 29591 29593 29581 29565 29537 29509 29491 29453 29455 29441 29421 29407 29389
12 29387 29375 29371 29379 29387 29397 29405 29403 29411 29403 29408 29414 29400 29412 29402 29406 29416 29430 29436 29444 29456 29462 29462 29468
13 29472 29482 29490 29496 29490 29506 29510 29520 29512 29516 29513 29517 29495 29479 29435 29381 29331 29299 29287 29295 29317 29331 29331 29329
14 29337 29337 29317 29311 29311 29309 29305 29297 29279 29261 29249 29225 29219 29213 29223 29231 29233 29229 29233 29227 29223 29213 29199 29187
15 29185 29203 29207 29255 29293 29331 29373 29415 29455 29477 29497 29523 29541 29559 29573 29593 29601 29621 29633 29650 29673 29697 29707 29717
16 29733 29747 29743 29749 29765 29773 29783 29789 29797 29811 29806 29809 29808 29808 29810 29808 29804 29804 29794 29794 29794 29792 29788 29784
17 29770 29754 29738 29724 29710 29692 29674 29664 29644 29626 29611 29597 29573 29551 29543 29517 29503 29479 29449 29433 29415 29393 29359 29323
18 29297 29277 29253 29245 29235 29235 29235 29235 29229 29223 29210 29200 29196 29188 29192 29188 29184 29192 29198 29204 29210 29214 29214 29220
19 29220 29232 29246 29264 29282 29302 29316 29330 29344 29356 29357 29369 29375 29389 29383 29389 29401 29419 29425 29433 29435 29421 29419 29421
20 29419 29415 29417 29427 29425 29433 29431 29447 29449 29451 29468 29464 29462 29464 29466 29458 29456 29458 29454 29450 29450 29444 29434 29426
21 29402 29378 29354 29344 29334 29324 29326 29332 29334 29332 29347 29359 29373 29385 29381 29393 29389 29391 29393 29397 29401 29411 29411 29411
22 29403 29398 29395 29381 29385 29385 29377 29367 29363 29355 29343 29325 29315 29317 29303 29291 29297 29301 29297 29307 29303 29301 29297 29299
23 29305 29307 29309 29315 29325 29341 29353 29363 29371 29387 29388 29404 29400 29426 29414 29406 29434 29438 29458 29464 29484 29502 29510 29516
24 29522 29522 29518 29522 29532 29542 29548 29556 29552 29542 29535 29527 29509 29519 29505 29513 29511 29517 29515 29513 29509 29501 29483 29475
25 29481 29469 29471 29479 29501 29511 29519 29515 29519 29535 29545 29569 29595 29599 29593 29589 29583 29593 29593 29601 29609 29619 29633 29637
26 29633 29623 29611 29609 29607 29613 29611 29611 29609 29607 29602 29590 29570 29572 29570 29570 29574 29590 29604 29618 29636 29642 29628 29640
27 29656 29660 29668 29674 29678 29692 29696 29694 29698 29704 29701 29707 29709 29713 29717 29715 29711 29719 29721 29735 29745 29749 29743 29743
28 29739 29739 29733 29733 29729 29739 29743 29743 29747 29753 29756 29764 29758 29758 29758 29756 29756 29758 29762 29770 29778 29784 29784 29778
29 29772 29766 29760 29758 29758 29764 29772 29776 29770 29764 29759 29751 29751 29748 29743 29745 29741 29743 29741 29743 29751 29763 29761 29763
30 29757 29749 29749 29747 29747 29753 29757 29763 29761 29749 29749 29743 29739 29743 29733 29717 29713 29723 29723 29731 29739 29749 29753 29751
