01 30055 30049 30032 30018 30007 29993 29982 29977 29971 29951 29931 29914 29905 29891 29892 29896 29906 29912 29922 29937 29949 29959 29977 29987
02 29993 29994 30012 30036 30043 30066 30063 30078 30083 30070 30089 30056 30039 30004 30010 29998 29984 29948 29933 29914 29888 29856 29820 29782
03 29736 29689 29674 29628 29595 29560 29541 29537 29534 29509 29487 29453 29417 29383 29348 29318 29261 29220 29171 29138 29111 29086 29060 29039
04 29020 29027 29026 29025 29031 29039 29043 29056 29066 29079 29092 29086 29084 29081 29082 29090 29088 29090 29094 29084 29078 29064 29061 29057
05 29044 29045 29048 29044 29039 29029 29026 29030 29037 29046 29043 29036 29040 29044 29062 29071 29082 29090 29103 29114 29135 29150 29158 29169
06 29177 29187 29189 29193 29190 29190 29188 29196 29205 29201 29191 29175 29154 29137 29125 29125 29117 29101 29099 29093 29091 29086 29089 29090
07 29101 29103 29102 29100 29105 29111 29125 29143 29161 29166 29165 29153 29140 29132 29132 29132 29136 29126 29118 29108 29105 29102 29093 29086
08 29089 29094 29098 29115 29138 29162 29195 29225 29259 29285 29295 29310 29320 29338 29360 29373 29393 29413 29437 29455 29470 29485 29493 29503
09 29517 29529 29540 29551 29567 29587 29602 29624 29645 29676 29677 29675 29672 29679 29686 29691 29694 29697 29711 29714 29723 29732 29735 29739
10 29739 29732 29732 29729 29730 29730 29737 29739 29747 29750 29742 29729 29703 29718 29719 29717 29726 29733 29729 29727 29725 29726 29732 29734
11 29736 29739 29741 29744 29746 29749 29751 29754 29756 29758 29757 29744 29739 29733 29731 29732 29744 29740 29741 29738 29730 29720 29724 29725
12 29719 29719 29719 29710 29695 29695 29695 29696 29698 29701 29689 29671 29653 29651 29633 29633 29630 29624 29610 29606 29596 29586 29584 29570
13 29558 29551 29525 29511 29504 29501 29498 29506 29514 29515 29521 29514 29514 29512 29521 29533 29547 29565 29567 29587 29601 29606 29611 29626
14 29629 29639 29643 29650 29646 29651 29661 29673 29683 29683 29685 29682 29677 29673 29682 29691 29707 29718 29725 29730 29742 29752 29771 29767
15 29771 29789 29797 29808 29817 29812 29810 29819 29838 29848 29852 29846 29845 29844 29845 29850 29854 29856 29872 29880 29886 29878 29885 29883
16 29880 29887 29882 29875 29874 29874 29876 29879 29879 29874 29872 29851 29839 29824 29823 29819 29822 29816 29821 29818 29814 29822 29834 29829
17 29831 29831 29828 29833 29839 29841 29846 29852 29867 29874 29872 29855 29845 29827 29826 29807 29793 29771 29761 29723 29716 29681 29664 29645
18 29636 29634 29621 29612 29610 29608 29603 29607 29618 29626 29625 29618 29611 29605 29618 29648 29660 29680 29711 29724 29733 29747 29769 29772
19 29793 29800 29823 29845 29863 29891 29918 29948 29985 30011 30022 30027 30030 30048 30072 30096 30112 30135 30154 30177 30191 30210 30227 30232
20 30245 30267 30278 30282 30286 30283 30282 30295 30298 30300 30292 30278 30274 30258 30257 30244 30230 30203 30188 30190 30166 30163 30154 30100
21 30082 30059 30028 29991 29948 29919 29891 29887 29885 29883 29889 29890 29873 29878 29875 29890 29908 29918 29923 29921 29919 29917 29916 29913
22 29899 29885 29876 29860 29830 29818 29813 29795 29789 29775 29748 29694 29665 29629 29602 29571 29534 29514 29487 29464 29455 29434 29420 29406
23 29394 29401 29418 29434 29445 29477 29502 29525 29535 29569 29577 29579 29581 29590 29600 29621 29640 29661 29688 29698 29710 29724 29730 29730
24 29731 29737 29749 29756 29762 29775 29786 29796 29818 29848 29855 29847 29844 29847 29853 29865 29860 29859 29854 29853 29848 29834 29815 29786
25 29749 29734 29704 29667 29636 29615 29611 29594 29593 29588 29562 29535 29497 29481 29458 29460 29458 29468 29471 29468 29478 29470 29473 29453
26 29419 29391 29373 29350 29333 29306 29297 29310 29328 29367 29384 29418 29451 29478 29512 29528 29557 29572 29586 29591 29580 29566 29537 29514
27 29495 29487 29493 29489 29489 29487 29493 29516 29516 29542 29547 29560 29567 29573 29584 29594 29595 29600 29620 29634 29635 29642 29656 29651
28 29647 29653 29654 29657 29657 29669 29671 29693 29707 29723 29733 29733 29738 29733 29744 29756 29761 29761 29761 29761 29747 29723 29714 29689
29 29669 29651 29641 29623 29605 29586 29574 29567 29566 29566 29557 29543 29527 29518 29516 29511 29508 29515 29530 29542 29549 29563 29590 29593
30 29617 29628 29651 29679 29693 29705 29701 29694 29693 29659 29615 29588 29563 29559 29582 29613 29631 29653 29689 29725 29767 29800 29839 29858
31 29869 29884 29887 29891 29885 29886 29871 29877 29882 29885 29865 29827 29800 29782 29774 29755 29745 29750 29763 29775 29784 29778 29774 29775
