01 28815 28838 28856 28866 28878 28885 28913 28936 28967 28985 28999 29022 29038 29058 29085 29110 29132 29150 29177 29190 29218 29238 29251 29264
02 29277 29284 29280 29281 29284 29288 29297 29308 29320 29335 29354 29349 29337 29322 29305 29293 29278 29273 29268 29270 29274 29277 29280 29276
03 29275 29260 29244 29235 29243 29271 29311 29345 29365 29385 29413 29439 29462 29487 29506 29547 29567 29600 29627 29651 29667 29695 29709 29723
04 29723 29730 29729 29723 29719 29726 29721 29732 29731 29737 29736 29737 29731 29730 29734 29737 29747 29767 29777 29793 29798 29801 29789 29786
05 29771 29761 29735 29699 29668 29640 29616 29590 29566 29546 29526 29509 29469 29459 29435 29451 29471 29497 29522 29566 29585 29620 29650 29679
06 29709 29732 29760 29771 29801 29842 29869 29906 29939 29963 29975 30002 29989 30010 29986 29974 29950 29942 29943 29946 29945 29941 29940 29939
07 29938 29954 29946 29943 29943 29954 29954 29973 29983 29989 29995 29990 29984 29978 29962 29960 29947 29951 29952 29959 29960 29963 29945 29952
08 29941 29935 29915 29903 29887 29887 29880 29938 29970 30022 30048 30075 30088 30099 30099 30099 30097 30103 30102 30092 30079 30062 30047 30019
09 30001 29997 29971 29951 29929 29928 29925 29932 29941 29962 29960 29970 29965 29952 29951 29959 29942 29939 29941 29949 29966 29980 29981 29993
10 29996 30025 30035 30043 30065 30080 30083 30087 30099 30117 30122 30133 30146 30165 30181 30206 30223 30263 30295 30326 30343 30360 30371 30377
11 30373 30382 30376 30367 30366 30372 30367 30375 30379 30389 30387 30387 30391 30392 30384 30397 30399 30413 30419 30440 30444 30461 30459 30459
12 30457 30460 30452 30451 30460 30466 30467 30479 30480 30496 30496 30498 30497 30484 30484 30485 30484 30485 30487 30487 30493 30491 30497 30499
13 30499 30504 30497 30482 30481 30488 30497 30502 30508 30519 30518 30516 30508 30486 30470 30458 30448 30436 30438 30438 30436 30434 30419 30404
14 30384 30358 30334 30311 30298 30289 30288 30293 30294 30300 30292 30288 30286 30281 30275 30280 30279 30292 30303 30327 30334 30354 30364 30367
15 30384 30394 30408 30426 30459 30483 30506 30526 30532 30571 30583 30584 30585 30584 30567 30583 30582 30593 30604 30618 30622 30627 30627 30630
16 30625 30617 30607 30597 30597 30599 30600 30607 30609 30618 30611 30609 30611 30589 30575 30568 30561 30559 30562 30561 30555 30550 30541 30539
17 30531 30515 30486 30479 30475 30466 30455 30451 30456 30454 30440 30421 30423 30410 30402 30375 30366 30351 30345 30342 30330 30328 30322 30306
18 30299 30285 30263 30241 30242 30241 30239 30229 30225 30215 30214 30215 30206 30191 30178 30159 30149 30139 30125 30111 30100 30079 30064 30041
19 30014 29998 29964 29934 29901 29870 29842 29816 29784 29750 29721 29698 29673 29657 29650 29646 29637 29632 29632 29641 29642 29637 29648 29650
20 29649 29654 29650 29655 29670 29685 29704 29753 29786 29820 29845 29847 29848 29848 29831 29838 29827 29824 29810 29812 29802 29807 29810 29824
21 29821 29848 29847 29844 29855 29861 29872 29885 29888 29915 29927 29976 29980 30003 30032 30051 30062 30096 30116 30153 30176 30212 30226 30248
22 30268 30275 30286 30295 30311 30346 30367 30402 30423 30444 30439 30438 30421 30430 30416 30413 30396 30395 30382 30382 30371 30358 30325 30306
23 30281 30255 30225 30186 30160 30148 30122 30106 30093 30079 30071 30051 30025 29994 29965 29949 29911 29909 29887 29893 29901 29902 29874 29851
24 29822 29813 29766 29721 29709 29696 29687 29696 29682 29693 29681 29668 29674 29706 29719 29748 29766 29804 29816 29835 29848 29868 29870 29866
25 29866 29859 29850 29848 29833 29832 29823 29815 29798 29780 29760 29725 29683 29625 29558 29500 29458 29424 29369 29334 29361 29474 29532 29598
26 29636 29689 29734 29775 29808 29848 29892 29938 29971 30017 30055 30089 30099 30129 30148 30178 30188 30199 30209 30228 30241 30246 30248 30252
27 30250 30250 30250 30249 30250 30274 30281 30281 30281 30286 30277 30273 30276 30265 30263 30253 30237 30229 30227 30225 30204 30197 30189 30183
28 30161 30140 30124 30104 30094 30091 30077 30077 30077 30083 30088 30090 30085 30087 30075 30071 30064 30055 30042 30034 30023 30001 29979 29960
29 29934 29901 29880 29884 29883 29867 29855 29848 29839 29836 29847 29842 29843 29839 29840 29827 29823 29813 29809 29802 29795 29774 29759 29739
30 29716 29699 29679 29673 29669 29673 29677 29684 29691 29710 29710 29711 29709 29698 29697 29687 29682 29682 29670 29671 29666 29654 29638 29617
31 29603 29585 29556 29527 29502 29482 29463 29445 29426 29423 29427 29413 29404 29400 29388 29379 29374 29380 29388 29404 29409 29422 29431 29447
