01 29922 29923 29920 29918 29919 29930 29926 29929 29934 29942 29947 29944 29933 29941 29944 29963 29977 29995 30003 30009 30017 30008 30014 30019
02 30018 30005 29997 29997 29965 29937 29908 29887 29847 29811 29754 29710 29674 29651 29622 29618 29625 29620 29614 29604 29594 29582 29573 29564
03 29554 29526 29504 29496 29478 29446 29420 29384 29341 29296 29286 29246 29246 29243 29246 29251 29249 29248 29253 29248 29246 29233 29244 29248
04 29257 29266 29262 29263 29267 29292 29292 29296 29307 29330 29332 29313 29304 29312 29314 29313 29316 29315 29315 29322 29326 29327 29336 29353
05 29356 29367 29366 29376 29393 29403 29412 29430 29446 29475 29487 29498 29499 29517 29521 29547 29554 29567 29573 29585 29575 29569 29572 29563
06 29557 29537 29533 29532 29527 29517 29513 29530 29538 29547 29544 29549 29540 29547 29533 29538 29551 29563 29577 29583 29584 29583 29585 29584
07 29587 29589 29585 29576 29572 29558 29570 29581 29588 29597 29591 29585 29578 29585 29574 29591 29599 29621 29642 29657 29676 29704 29708 29712
08 29707 29717 29728 29738 29735 29740 29757 29775 29797 29811 29817 29823 29810 29815 29817 29815 29807 29798 29797 29807 29807 29799 29778 29767
09 29755 29753 29738 29737 29733 29737 29739 29743 29756 29777 29773 29775 29757 29761 29757 29763 29762 29768 29770 29774 29774 29770 29763 29753
10 29744 29737 29737 29724 29712 29703 29687 29685 29685 29692 29693 29677 29667 29663 29654 29653 29652 29661 29661 29661 29661 29658 29654 29657
11 29655 29655 29657 29644 29634 29631 29632 29641 29645 29651 29648 29636 29625 29615 29607 29609 29604 29604 29599 29599 29587 29582 29564 29561
12 29543 29538 29527 29529 29517 29515 29507 29517 29517 29528 29524 29522 29504 29505 29503 29517 29521 29528 29536 29541 29545 29555 29553 29561
13 29560 29557 29557 29564 29561 29572 29575 29586 29603 29625 29633 29635 29631 29637 29631 29661 29661 29672 29684 29692 29703 29722 29723 29731
14 29736 29743 29746 29751 29756 29762 29761 29771 29782 29804 29798 29795 29781 29785 29772 29775 29757 29749 29748 29734 29728 29723 29704 29701
15 29673 29641 29624 29587 29560 29528 29514 29493 29493 29503 29497 29488 29488 29489 29495 29505 29495 29483 29482 29481 29471 29460 29437 29437
16 29400 29384 29358 29308 29268 29240 29241 29252 29267 29283 29300 29320 29329 29360 29378 29414 29431 29457 29474 29499 29520 29545 29564 29584
17 29587 29587 29604 29608 29608 29607 29604 29599 29599 29594 29565 29543 29510 29477 29459 29440 29413 29395 29367 29331 29295 29256 29243 29205
18 29187 29175 29174 29158 29157 29156 29149 29160 29168 29207 29229 29276 29319 29353 29394 29444 29490 29540 29581 29619 29659 29695 29700 29700
19 29739 29775 29806 29811 29811 29826 29861 29904 29922 29966 29997 29994 29977 29975 29996 30024 30049 30067 30067 30075 30093 30099 30117 30121
20 30101 30092 30085 30081 30087 30077 30067 30072 30061 30074 30037 30030 29972 29962 29933 29938 29922 29942 29952 29949 29957 29964 29957 29953
21 29940 29942 29939 29965 29967 29980 29987 30013 30033 30065 30072 30065 30049 30054 30048 30058 30051 30049 30044 30041 30027 30017 30013 29982
22 29954 29928 29907 29856 29813 29773 29743 29723 29705 29702 29693 29685 29673 29675 29660 29674 29683 29697 29705 29728 29755 29779 29800 29818
23 29825 29855 29867 29877 29889 29898 29908 29914 29924 29915 29948 29945 29927 29917 29908 29907 29897 29888 29885 29884 29868 29849 29867 29864
24 29848 29833 29832 29841 29837 29828 29824 29830 29830 29835 29834 29811 29793 29770 29754 29743 29742 29737 29721 29699 29692 29692 29684 29683
25 29676 29678 29673 29660 29644 29641 29634 29640 29607 29608 29607 29606 29599 29588 29585 29570 29557 29525 29513 29499 29467 29430 29421 29408
26 29403 29406 29418 29441 29444 29456 29463 29488 29502 29518 29521 29505 29477 29435 29398 29383 29398 29416 29415 29417 29415 29414 29423 29423
27 29424 29438 29439 29448 29447 29447 29441 29447 29444 29443 29463 29473 29462 29468 29484 29509 29523 29524 29538 29537 29537 29550 29549 29541
28 29539 29537 29534 29529 29498 29507 29507 29508 29499 29497 29478 29459 29424 29399 29367 29356 29337 29332 29331 29332 29327 29325 29320 29321
29 29314 29314 29317 29327 29327 29324 29325 29341 29359 29395 29421 29441 29437 29447 29460 29488 29514 29537 29542 29558 29563 29568 29564 29537
30 29494 29455 29388 29341 29313 29328 29348 29364 29377 29397 29423 29439 29454 29475 29492 29524 29547 29568 29575 29597 29607 29617 29617 29617
31 29607 29600 29599 29600 29591 29587 29580 29577 29583 29594 29581 29569 29547 29526 29516 29536 29534 29538 29549 29546 29543 29543 29550 29551
