01 30313 30305 30291 30294 30296 30299 30299 30305 30298 30283 30282 30265 30270 30249 30229 30225 30203 30185 30191 30198 30196 30208 30191 30180
02 30166 30125 30120 30121 30110 30108 30107 30109 30115 30105 30065 30046 30011 29979 30036 30022 29966 29973 29974 29967 29962 29950 29934 29928
03 29919 29899 29886 29868 29854 29847 29830 29820 29804 29785 29770 29751 29712 29683 29676 29652 29638 29637 29659 29685 29709 29712 29715 29720
04 29712 29715 29721 29711 29721 29716 29715 29716 29705 29690 29681 29670 29659 29651 29645 29635 29638 29657 29686 29702 29720 29731 29741 29747
05 29756 29756 29761 29760 29759 29758 29762 29770 29767 29768 29769 29771 29772 29781 29784 29786 29782 29790 29787 29788 29790 29792 29780 29761
06 29742 29716 29700 29683 29675 29668 29662 29665 29666 29684 29689 29705 29700 29706 29700 29690 29679 29679 29679 29687 29686 29677 29675 29663
07 29658 29669 29672 29675 29682 29694 29703 29705 29712 29720 29722 29738 29737 29742 29743 29749 29753 29766 29782 29800 29815 29821 29825 29831
08 29837 29838 29843 29847 29848 29848 29849 29854 29853 29842 29832 29816 29795 29779 29757 29724 29711 29690 29669 29637 29601 29551 29515 29487
09 29471 29455 29443 29439 29439 29436 29426 29416 29424 29414 29412 29414 29417 29412 29410 29414 29413 29431 29440 29439 29441 29436 29431 29423
10 29416 29409 29420 29429 29446 29473 29498 29522 29546 29563 29589 29621 29645 29668 29703 29720 29730 29756 29772 29790 29821 29842 29852 29862
11 29872 29889 29906 29925 29938 29956 29975 29984 29989 29992 29999 30008 30019 30008 29993 29980 29972 29968 29961 29954 29948 29936 29932 29895
12 29868 29845 29820 29809 29801 29795 29799 29794 29788 29786 29787 29776 29784 29788 29784 29786 29787 29795 29805 29815 29831 29842 29832 29861
13 29867 29872 29881 29891 29910 29927 29934 29944 29957 29962 29970 29966 29961 29955 29935 29926 29916 29894 29865 29832 29810 29788 29773 29770
14 29761 29759 29759 29761 29769 29788 29802 29811 29803 29813 29811 29796 29790 29780 29775 29768 29753 29745 29738 29738 29751 29760 29763 29763
15 29766 29763 29751 29745 29762 29779 29798 29819 29840 29863 29888 29921 29934 29952 29951 29959 29970 29984 30012 30032 30057 30077 30092 30101
16 30103 30109 30109 30117 30128 30143 30152 30164 30174 30183 30185 30185 30187 30184 30179 30171 30166 30165 30165 30167 30172 30167 30171 30171
17 30168 30161 30151 30150 30146 30144 30138 30129 30115 30097 30084 30070 30056 30035 30003 29992 29975 29957 29944 29930 29912 29899 29885 29855
18 29848 29822 29803 29778 29760 29735 29723 29713 29699 29674 29666 29651 29636 29608 29501 29582 29596 29599 29604 29608 29615 29619 29621 29625
19 29635 29632 29648 29660 29670 29684 29702 29721 29729 29748 29765 29774 29776 29786 29796 29807 29819 29830 29846 29857 29867 29867 29865 29869
20 29853 29859 29859 29860 29860 29860 29865 29859 29864 29869 29867 29868 29873 29874 29881 29880 29879 29880 29882 29891 29905 29912 29911 29912
21 29904 29897 29891 29894 29895 29888 29888 29888 29886 29878 29875 29873 29870 29865 29866 29852 29847 29846 29850 29847 29848 29846 29844 29834
22 29825 29817 29805 29796 29791 29789 29781 29777 29769 29757 29751 29742 29743 29727 29712 29696 29680 29661 29657 29671 29674 29699 29720 29735
23 29743 29759 29770 29786 29805 29821 29827 29842 29846 29845 29857 29856 29864 29874 29886 29888 29895 29905 29910 29921 29930 29939 29939 29941
24 29938 29933 29932 29933 29941 29946 29957 29965 29956 29946 29949 29937 29934 29934 29925 29919 29916 29923 29922 29915 29914 29900 29907 29898
25 29890 29879 29900 29896 29902 29898 29905 29929 29947 29975 29991 29994 29992 29998 30001 30003 30006 30014 30019 30025 30032 30044 30054 30059
26 30048 30040 30028 30017 30010 30005 29999 29993 29981 29966 29951 29944 29939 29927 29926 29925 29923 29929 29935 29966 29982 29977 29989 30002
27 30007 30013 30018 30037 30043 30043 30051 30062 30066 30066 30066 30063 30066 30062 30064 30060 30066 30070 30080 30092 30105 30114 30115 30118
28 30123 30120 30120 30128 30137 30137 30146 30153 30155 30159 30159 30152 30151 30154 30146 30143 30143 30143 30142 30147 30158 30159 30157 30149
29 30143 30138 30131 30129 30127 30124 30127 30129 30127 30123 30114 30111 30106 30094 30091 30082 30078 30084 30082 30076 30075 30082 30079 30079
30 30072 30062 30058 30065 30070 30080 30089 30093 30093 30092 30101 30092 30087 30094 30088 30084 30080 30077 30078 30079 30087 30090 30096 30097
