01 29426 29437 29433 29438 29431 29425 29421 29391 29406 29416 29391 29363 29346 29329 29303 29277 29245 29180 29191 29204 29269 29317 29361 29410
02 29434 29461 29485 29501 29521 29538 29555 29596 29625 29626 29639 29640 29630 29633 29627 29611 29618 29612 29603 29588 29559 29523 29523 29550
03 29552 29584 29610 29618 29646 29688 29685 29708 29738 29778 29813 29852 29884 29922 29949 29972 29995 30035 30055 30079 30092 30111 30125 30135
04 30149 30162 30172 30192 30204 30229 30258 30290 30312 30335 30338 30346 30360 30370 30383 30399 30428 30461 30478 30495 30509 30519 30524 30534
05 30545 30547 30552 30556 30561 30572 30586 30599 30603 30602 30597 30594 30588 30584 30581 30580 30582 30577 30581 30584 30583 30580 30571 30557
06 30544 30529 30520 30508 30506 30506 30511 30513 30513 30504 30493 30485 30471 30464 30453 30436 30426 30426 30426 30423 30413 30400 30391 30380
07 30365 30345 30330 30319 30312 30303 30298 30299 30296 30283 30273 30265 30249 30237 30227 30214 30211 30214 30209 30211 30206 30198 30185 30175
08 30166 30145 30132 30132 30138 30146 30153 30156 30157 30160 30163 30152 30151 30151 30144 30136 30138 30131 30131 30124 30109 30103 30091 30083
09 30064 30044 30034 30023 30013 30006 30008 30004 29999 29992 29983 29977 29970 29963 29959 29957 29952 29953 29951 29956 29956 29955 29956 29956
10 29953 29952 29949 29946 29943 29947 29955 29959 29959 29949 29945 29932 29917 29895 29885 29866 29858 29847 29838 29828 29810 29779 29750 29723
11 29698 29663 29638 29619 29602 29579 29567 29554 29538 29521 29510 29488 29455 29435 29415 29410 29403 29403 29398 29403 29401 29390 29388 29387
12 29397 29408 29420 29433 29447 29463 29485 29508 29532 29550 29565 29567 29573 29584 29595 29613 29634 29657 29680 29703 29731 29747 29760 29772
13 29787 29803 29814 29827 29840 29850 29864 29880 29900 29912 29920 29929 29937 29947 29954 29957 29969 29976 29983 29987 29994 30001 30009 30008
14 30007 30004 30002 30004 30000 30007 30009 30012 30015 30020 30019 30003 29986 29987 29981 29976 29971 29961 29956 29948 29941 29943 29938 29926
15 29914 29897 29884 29875 29861 29859 29857 29852 29849 29849 29845 29839 29836 29832 29829 29827 29827 29826 29816 29811 29809 29809 29802 29796
16 29792 29791 29792 29789 29797 29798 29808 29820 29824 29832 29835 29837 29825 29822 29818 29817 29826 29828 29831 29836 29842 29843 29850 29849
17 29853 29856 29860 29868 29874 29886 29910 29930 29941 29946 29955 29963 29970 29980 29987 30003 30023 30040 30049 30059 30076 30080 30084 30083
18 30092 30092 30100 30105 30110 30123 30133 30133 30135 30138 30136 30138 30125 30112 30105 30096 30091 30085 30066 30048 30024 29999 29976 29946
19 29917 29891 29860 29830 29820 29801 29785 29764 29756 29745 29757 29712 29686 29671 29638 29635 29614 29604 29589 29574 29564 29542 29527 29507
20 29501 29497 29494 29496 29501 29503 29509 29531 29527 29532 29530 29519 29511 29506 29502 29503 29505 29512 29508 29510 29513 29511 29508 29504
21 29500 29492 29483 29471 29468 29457 29454 29438 29433 29428 29414 29389 29368 29344 29313 29288 29260 29237 29204 29160 29124 29094 29081 29078
22 29076 29060 29038 29038 29024 29004 28994 28989 28980 28979 28990 28984 28972 28955 28957 28959 28960 28979 28982 28975 28977 28985 28992 28999
23 29005 29009 29019 29025 29031 29038 29047 29061 29069 29079 29075 29082 29085 29091 29097 29100 29107 29125 29127 29135 29145 29152 29161 29165
24 29165 29169 29175 29188 29198 29207 29219 29221 29211 29211 29210 29200 29187 29177 29166 29165 29170 29177 29180 29182 29184 29186 29187 29197
25 29190 29202 29219 29226 29227 29235 29246 29270 29283 29295 29307 29313 29325 29335 29333 29340 29353 29358 29366 29377 29385 29387 29395 29392
26 29395 29393 29387 29389 29388 29389 29398 29407 29418 29428 29426 29424 29421 29418 29416 29424 29432 29439 29444 29447 29455 29458 29466 29475
27 29487 29504 29512 29523 29530 29548 29564 29572 29600 29626 29638 29643 29647 29659 29673 29687 29705 29737 29740 29755 29765 29785 29787 29797
28 29806 29820 29835 29843 29846 29846 29863 29885 29890 29897 29904 29897 29896 29893 29895 29892 29891 29882 29878 29868 29869 29859 29847 29843
29 29839 29837 29834 29835 29829 29819 29814 29818 29812 29805 29790 29773 29759 29750 29742 29721 29718 29708 29678 29658 29641 29624 29610 29597
30 29584 29572 29546 29525 29506 29494 29496 29485 29469 29468 29460 29453 29443 29434 29434 29429 29434 29434 29441 29450 29457 29466 29477 29486
31 29495 29504 29514 29526 29537 29554 29574 29594 29619 29640 29658 29673 29678 29688 29693 29703 29720 29723 29725 29722 29724 29717 29708 29693
