01 29669 29657 29642 29648 29646 29655 29667 29676 29689 29699 29706 29711 29726 29735 29743 29749 29763 29779 29792 29814 29820 29820 29830 29837
02 29836 29840 29846 29850 29855 29861 29879 29883 29894 29895 29905 29904 29920 29915 29907 29904 29910 29911 29916 29915 29917 29913 29910 29908
03 29895 29872 29837 29822 29813 29801 29799 29784 29789 29765 29756 29715 29696 29682 29670 29656 29655 29658 29664 29677 29686 29686 29677 29674
04 29660 29649 29626 29607 29593 29614 29636 29617 29633 29642 29658 29661 29666 29666 29665 29672 29686 29691 29703 29717 29728 29732 29742 29757
05 29765 29765 29776 29780 29787 29799 29812 29825 29833 29848 29859 29853 29848 29841 29834 29839 29839 29846 29858 29861 29867 29866 29862 29847
06 29833 29824 29823 29816 29816 29827 29840 29851 29859 29867 29873 29878 29874 29873 29873 29877 29877 29882 29891 29906 29919 29925 29930 29934
07 29937 29935 29932 29929 29930 29935 29941 29948 29947 29946 29937 29931 29922 29906 29897 29889 29887 29894 29897 29907 29918 29921 29919 29925
08 29925 29923 29927 29937 29952 29967 29975 29989 29994 29998 30009 30017 30022 30031 30046 30073 30110 30156 30185 30207 30233 30255 30273 30292
09 30301 30313 30322 30337 30359 30379 30391 30405 30404 30401 30397 30390 30391 30385 30378 30371 30356 30354 30357 30362 30362 30355 30351 30349
10 30344 30333 30324 30310 30315 30315 30316 30328 30329 30329 30336 30337 30337 30331 30324 30320 30319 30319 30322 30331 30339 30340 30338 30336
11 30324 30320 30321 30313 30316 30318 30316 30310 30304 30287 30260 30245 30227 30204 30183 30167 30147 30139 30131 30133 30136 30137 30134 30130
12 30121 30126 30131 30138 30149 30161 30174 30190 30203 30222 30226 30231 30233 30230 30226 30225 30226 30230 30241 30261 30280 30291 30296 30299
13 30298 30299 30300 30301 30306 30307 30316 30318 30318 30323 30308 30302 30291 30280 30272 30270 30268 30264 30276 30301 30311 30317 30318 30312
14 30310 30302 30297 30294 30302 30308 30312 30313 30308 30301 30293 30279 30260 30243 30236 30235 30231 30233 30240 30254 30260 30263 30262 30258
15 30251 30242 30223 30219 30218 30220 30220 30222 30224 30224 30221 30217 30215 30215 30218 30208 30214 30222 30229 30250 30270 30290 30304 30307
16 30310 30315 30315 30322 30334 30343 30351 30361 30360 30362 30365 30369 30367 30363 30360 30357 30354 30361 30374 30391 30409 30424 30428 30432
17 30487 30441 30445 30449 30453 30457 30455 30465 30460 30453 30440 30437 30425 30414 30407 30398 30289 30388 30383 30388 30398 30400 30397 30399
18 30395 30390 30386 30388 30392 30399 30403 30395 30393 30376 30357 30344 30335 30318 30298 30274 30247 30247 30246 30255 30260 30256 30257 30256
19 30246 30233 30218 30207 30207 30203 30194 30182 30170 30152 30140 30119 30097 30074 30053 30036 30017 30006 29996 29993 29987 29980 29970 29952
20 29931 29909 29891 29879 29878 29864 29860 29860 29858 29848 29843 29837 29827 29829 29825 29814 29808 29808 29817 29822 29829 29825 29822 29818
21 29810 29790 29785 29788 29794 29802 29818 29830 29834 29844 29850 29851 29857 29854 29857 29857 29864 29877 29889 29907 29914 29917 29916 29912
22 29905 29891 29881 29874 29871 29859 29849 29843 29830 29811 29793 29770 29769 29739 29742 29726 29713 29710 29711 29710 29707 29696 29693 29686
23 29664 29641 29621 29612 29606 29597 29575 29572 29559 29548 29531 29515 29517 29517 29505 29495 29500 29506 29505 29505 29512 29504 29496 29473
24 29463 29451 29444 29437 29439 29432 29432 29439 29439 29438 29447 29447 29441 29450 29445 29449 29452 29467 29475 29487 29501 29504 29501 29499
25 29483 29477 29477 29466 29451 29446 29435 29407 29361 29322 29301 29283 29322 29357 29388 29411 29424 29454 29482 29523 29561 29582 29597 29622
26 29633 29648 29657 29669 29687 29705 29724 29741 29754 29762 29770 29784 29794 29810 29815 29822 29832 29854 29870 29891 29905 29916 29926 29927
27 29925 29929 29929 29933 29944 29959 29971 29979 29981 29994 30008 30015 30027 30035 30035 30042 30046 30056 30073 30093 30110 30113 30123 30130
28 30132 30135 30135 30139 30143 30150 30156 30159 30152 30149 30148 30146 30148 30144 30137 30133 30136 30136 30140 30157 30173 30188 30198 30211
29 30207 30209 30218 30231 30246 30264 30280 30286 30289 30293 30285 30283 30279 30268 30268 30266 30262 30265 30268 30283 30296 30292 30289 30284
30 30278 30262 30256 30269 30262 30255 30263 30271 30267 30253 30240 30231 30225 30218 30207 30192 30197 30204 30209 30221 30238 30251 30251 30256
31 30253 30245 30242 30240 30246 30247 30252 30259 30257 30254 30248 30246 30244 30240 30242 30241 30244 30246 30253 30258 30273 30285 30298 30317
