01 30074 30063 30049 30044 30040 30036 30029 30028 30023 30014 30011 30003 29999 29988 29981 29971 29964 29964 29960 29960 29964 29956 29954 29954
02 29951 29948 29944 29943 29944 29941 29941 29946 29938 29930 29931 29930 29927 29914 29889 29889 29879 29886 29889 29887 29898 29890 29882 29872
03 29859 29847 29836 29827 29824 29821 29809 29806 29800 29786 29763 29753 29742 29717 29693 29673 29653 29646 29642 29631 29617 29603 29598 29587
04 29556 29538 29519 29501 29473 29477 29459 29468 29448 29446 29436 29422 29402 29399 29378 29372 29362 29352 29336 29333 29336 29339 29342 29328
05 29327 29319 29298 29286 29277 29258 29256 29256 29246 29230 29224 29202 29197 29195 29181 29168 29153 29145 29145 29146 29137 29136 29121 29114
06 29107 29100 29089 29090 29091 29092 29090 29089 29081 29081 29091 29085 29079 29072 29066 29050 29050 29051 29049 29052 29067 29070 29069 29060
07 29045 29029 29027 29028 29029 29029 29025 29022 29018 29015 29004 29005 29003 29012 29015 29021 29023 29032 29041 29048 29065 29083 29096 29103
08 29106 29107 29117 29134 29147 29157 29174 29186 29191 29201 29206 29208 29238 29242 29252 29262 29264 29262 29271 29272 29298 29302 29300 29302
09 29306 29306 29311 29312 29327 29332 29329 29332 29339 29347 29358 29362 29363 29371 29367 29359 29352 29362 29376 29382 29402 29407 29416 29426
10 29426 29422 29421 29422 29432 29442 29446 29455 29457 29459 29468 29477 29475 29488 29476 29474 29483 29480 29484 29490 29494 29504 29504 29508
11 29493 29494 29498 29496 29494 29498 29501 29502 29500 29501 29497 29500 29495 29501 29498 29503 29505 29509 29511 29512 29525 29539 29550 29550
12 29562 29554 29572 29585 29602 29619 29627 29649 29655 29664 29670 29683 29697 29691 29698 29709 29710 29703 29707 29707 29705 29710 29704 29702
13 29688 29673 29661 29648 29647 29633 29619 29611 29596 29589 29571 29557 29540 29513 29489 29468 29439 29421 29400 29381 29363 29337 29316 29300
14 29282 29263 29241 29229 29224 29230 29238 29253 29273 29267 29280 29284 29296 29308 29311 29311 29314 29328 29340 29349 29358 29364 29361 29354
15 29347 29326 29299 29275 29253 29231 29214 29200 29190 29185 29182 29175 29181 29169 29159 29158 29169 29174 29186 29201 29226 29239 29259 29271
16 29270 29265 29269 29279 29283 29279 29285 29289 29293 29293 29299 29299 29296 29299 29282 29283 29292 29311 29328 29363 29376 29396 29406 29433
17 29433 29433 29436 29446 29449 29460 29465 29473 29484 29499 29512 29529 29533 29545 29544 29539 29533 29535 29537 29544 29533 29524 29514 29496
18 29481 29474 29459 29462 29464 29463 29469 29480 29481 29488 29491 29503 29511 29505 29499 29490 29482 29492 29402 29493 29488 29480 29473 29472
19 29467 29467 29456 29458 29464 29478 29488 29498 29511 29518 29542 29560 29575 29595 29608 29616 29625 29646 29656 29662 29671 29686 29684 29693
20 29692 29685 29684 29688 29703 29710 29721 29731 29729 29730 29738 29729 29722 29731 29740 29754 29758 29768 29782 29799 29816 29829 29840 29848
21 29842 29834 29830 29818 29812 29815 29806 29791 29781 29770 29757 29739 29719 29699 29677 29654 29643 29621 29618 29612 29604 29596 29596 29585
22 29574 29556 29547 29534 29531 29531 29532 29526 29525 29524 29511 29505 29505 29495 29482 29470 29463 29464 29461 29451 29455 29442 29433 29417
23 29411 29389 29382 29374 29369 29373 29374 29365 29371 29365 29360 29358 29355 29354 29341 29332 29320 29321 29317 29324 29323 29318 29312 29309
24 29298 29291 29286 29281 29287 29289 29288 29294 29305 29317 29331 29363 29373 29394 29412 29423 29439 29449 29478 29504 29522 29542 29554 29557
25 29568 29576 29583 29594 29609 29619 29642 29671 29683 29706 29732 29759 29780 29799 29821 29833 29854 29883 29910 29942 29963 29985 30001 30015
26 30033 30044 30059 30079 30103 30125 30148 30167 30179 30190 30204 30214 30224 30242 30259 30267 30271 30275 30291 30301 30305 30302 30303 30304
27 30294 30277 30265 30254 30251 30231 30219 30207 30192 30176 30170 30156 30140 30133 30118 30103 30103 30091 30091 30087 30087 30092 30095 30103
28 30110 30105 30108 30112 30129 30132 30148 30155 30165 30167 30181 30181 30188 30186 30185 30178 30177 30172 30178 30170 30166 30168 30155 30142
29 30126 30115 30109 30102 30088 30082 30087 30084 30075 30051 30045 30030 30020 30006 29997 29981 29963 29949 29945 29937 29933 29930 29919 29910
30 29879 29881 29870 29877 29872 29890 29907 29910 29905 29916 29913 29917 29916 29921 29927 29940 29948 29954 29968 29981 30004 30008 30018 30017
31 30026 30026 30020 30030 30036 30044 30054 30054 30041 30031 30019 30010 30005 30002 30006 30001 29990 29981 29969 29966 29949 29937 29913 29901
