01 30314 30303 30300 30302 30298 30304 30307 30315 30320 30336 30338 30333 30339 30337 30332 30325 30322 30317 30316 30316 30316 30303 30294 30282
02 30276 30261 30251 30239 30232 30227 30226 30223 30216 30218 30206 30207 30205 30206 30206 30198 30200 30202 30212 30219 30230 30247 30245 30260
03 30265 30262 30273 30278 30292 30308 30323 30342 30351 30372 30380 30381 30387 30396 30397 30399 30405 30404 30407 30422 30426 30431 30431 30437
04 30445 30447 30440 30434 30432 30441 30447 30451 30452 30461 30456 30467 30463 30463 30459 30462 30457 30457 30451 30455 30461 30455 30451 30448
05 30440 30431 30416 30411 30403 30405 30406 30409 30406 30402 30396 30389 30387 30385 30376 30358 30343 30341 30336 30327 30341 30330 30331 30328
06 30317 30301 30291 30279 30281 30290 30288 30286 30291 30287 30284 30278 30271 30270 30269 30257 30251 30249 30249 30252 30258 30259 30256 30250
07 30239 30226 30222 30214 30215 30221 30221 30225 30229 30224 30220 30216 30213 30219 30207 30202 30194 30193 30191 30187 30191 30197 30197 30193
08 30183 30169 30162 30162 30162 30165 30167 30169 30170 30169 30170 30164 30159 30150 30145 30139 30136 30140 30151 30155 30169 30177 30178 30175
09 30174 30174 30184 30185 30188 30200 30208 30221 30222 30226 30236 30233 30239 30241 30239 30250 30252 30253 30258 30267 30266 30252 30258 30260
10 30260 30250 30239 30230 30228 30231 30228 30231 30233 30225 30219 30213 30202 30196 30184 30175 30166 30157 30163 30168 30169 30175 30179 30168
11 30159 30146 30139 30126 30124 30120 30125 30126 30119 30098 30101 30089 30077 30075 30062 30044 30030 30022 30013 30008 30008 29997 29986 29967
12 29952 29929 29909 29886 29872 29859 29856 29856 29842 29827 29810 29795 29785 29776 29763 29745 29734 29725 29724 29730 29729 29723 29710 29696
13 29685 29676 29657 29659 29660 29669 29667 29675 29677 29671 29681 29681 29682 29683 29683 29675 29675 29676 29678 29683 29686 29690 29688 29687
14 29689 29691 29683 29679 29679 29678 29676 29674 29673 29666 29662 29650 29641 29620 29597 29581 29563 29579 29585 29601 29605 29607 29602 29642
15 29659 29679 29682 29695 29706 29715 29729 29742 29747 29758 29759 29765 29756 29750 29752 29759 29775 29792 29813 29840 29843 29857 29866 29870
16 29870 29870 29865 29862 29862 29866 29875 29879 29882 29888 29893 29900 29897 29895 29893 29885 29884 29891 29890 29884 29884 29873 29857 29844
17 29835 29814 29781 29757 29747 29737 29734 29733 29728 29729 29752 29775 29785 29798 29811 29824 29833 29842 29857 29881 29895 29900 29906 29912
18 29919 29915 29911 29908 29906 29923 29925 29935 29936 29940 29941 29937 29935 29935 29935 29926 29927 29935 29936 29946 29950 29951 29952 29952
19 29950 29955 29954 29959 29972 29986 30011 30018 30022 30041 30046 30052 30063 30062 30059 30059 30062 30059 30056 30048 30043 30023 30016 29987
20 29966 29934 29907 29871 29839 29814 29796 29783 29760 29750 29748 29756 29773 29796 29803 29809 29814 29826 29833 29847 29852 29855 29856 29857
21 29863 29860 29859 29860 29863 29871 29877 29896 29906 29926 29932 29940 29954 29970 29977 29989 29998 30016 30022 30037 30046 30048 30048 30049
22 30046 30024 30024 30008 29976 29943 29906 29867 29846 29755 29651 29608 29576 29558 29532 29488 29451 29439 29416 29366 29280 29231 29383 29467
23 29501 29514 29532 29543 29544 29564 29584 29615 29617 29639 29652 29664 29667 29674 29675 29682 29674 29675 29676 29677 29681 29682 29683 29670
24 29664 29654 29647 29639 29640 29637 29642 29654 29668 29682 29683 29684 29683 29690 29684 29669 29653 29638 29611 29593 29562 29508 29459 29394
25 29340 29307 29268 29236 29208 29203 29217 29256 29310 29367 29406 29444 29469 29496 29519 29539 29561 29576 29603 29627 29653 29681 29699 29720
26 29723 29726 29732 29746 29766 29791 29806 29826 29843 29861 29874 29889 29900 29917 29924 29925 29930 29941 29947 29960 29967 29965 29953 29947
27 29927 29909 29887 29863 29835 29817 29814 29796 29784 29777 29771 29761 29746 29747 29743 29745 29736 29732 29735 29738 29751 29751 29736 29735
28 29720 29697 29686 29675 29655 29639 29622 29652 29655 29659 29658 29646 29650 29628 29611 29589 29562 29536 29505 29480 29455 29430 29405 29391
29 29412 29418 29442 29485 29518 29591 29630 29675 29712 29746 29773 29804 29821 29847 29860 29883 29898 29921 29931 29951 29969 29993 29999 30008
30 30021 30031 30031 30038 30045 30061 30070 30088 30092 30096 30102 30093 30092 30081 30072 30062 30055 30057 30047 30032 30015 29985 29956 29932
31 29902 29868 29842 29802 29752 29719 29670 29651 29638 29637 29631 29621 29617 29605 29601 29594 29591 29591 29596 29594 29593 29584 29570 29548
