01 30176 30178 30176 30187 30185 30183 30177 30172 30164 30158 30152 30138 30118 30112 30100 30093 30083 30076 30076 30088 30082 30082 30092 30087
02 30101 30092 30087 30071 30060 30060 30054 30031 30013 30009 29993 29988 29973 29943 29908 29888 29890 29884 29881 29891 29886 29874 29877 29854
03 29834 29817 29792 29778 29756 29746 29733 29723 29702 29683 29664 29641 29607 29597 29570 29551 29529 29514 29491 29477 29466 29452 29422 29394
04 29365 29343 29329 29314 29307 29304 29291 29286 29280 29275 29278 29273 29266 29255 29240 29234 29219 29215 29207 29218 29234 29250 29250 29256
05 29250 29248 29248 29242 29234 29244 29246 29244 29250 29248 29240 29244 29238 29230 29232 29219 29221 29220 29213 29218 29221 29229 29224 29227
06 29226 29226 29220 29212 29213 29210 29208 29206 29200 29202 29195 29193 29190 29184 29195 29189 29194 29197 29197 29202 29214 29225 29226 29235
07 29236 29233 29236 29242 29253 29274 29286 29302 29314 29328 29347 29367 29383 29410 29425 29434 29448 29470 29481 29497 29500 29498 29500 29497
08 29496 29487 29484 29485 29480 29475 29469 29459 29452 29445 29434 29417 29395 29366 29350 29319 29291 29262 29238 29210 29188 29162 29139 29112
09 29087 29062 29046 29029 29028 29034 29042 29057 29070 29093 29106 29120 29144 29180 29195 29214 29237 29269 29283 29308 29337 29361 29376 29398
10 29406 29434 29452 29472 29484 29507 29527 29550 29566 29590 29612 29620 29632 29642 29659 29659 29671 29695 29711 29735 29751 29765 29776 29785
11 29783 29781 29778 29774 29771 29763 29759 29754 29745 29723 29702 29676 29663 29623 29590 29557 29555 29547 29539 29555 29569 29589 29599 29589
12 29587 29578 29583 29583 29590 29588 29588 29589 29589 29587 29597 29609 29606 29604 29615 29620 29616 29619 29625 29643 29658 29668 29669 29672
13 29672 29677 29660 29658 29662 29647 29644 29636 29628 29610 29590 29564 29531 29500 29468 29448 29444 29451 29454 29464 29464 29461 29452 29450
14 29436 29416 29396 29362 29323 29300 29272 29242 29223 29212 29220 29226 29227 29228 29220 29217 29199 29174 29162 29149 29161 29162 29187 29235
15 29300 29374 29422 29466 29512 29554 29584 29617 29639 29670 29698 29724 29742 29760 29769 29788 29794 29814 29835 29865 29880 29908 29914 29934
16 29948 29951 29948 29955 29964 29972 29974 29979 29983 29989 29984 29984 29982 29978 29972 29963 29953 29950 29946 29938 29935 29920 29914 29899
17 29880 29864 29836 29822 29800 29778 29756 29741 29717 29694 29680 29663 29645 29629 29615 29589 29568 29547 29523 29507 29487 29467 29437 29408
18 29385 29353 29331 29320 29317 29315 29325 29328 29329 29319 29325 29331 29333 29332 29339 29341 29349 29359 29377 29386 29409 29420 29427 29433
19 29441 29449 29459 29475 29485 29498 29509 29526 29533 29538 29541 29542 29545 29549 29547 29551 29557 29568 29575 29586 29587 29589 29597 29590
20 29591 29587 29588 29591 29592 29593 29599 29599 29601 29591 29581 29582 29574 29569 29572 29568 29563 29551 29537 29535 29535 29522 29507 29479
21 29453 29433 29393 29359 29333 29321 29320 29334 29363 29395 29422 29449 29474 29490 29499 29504 29511 29525 29528 29540 29553 29567 29565 29565
22 29567 29556 29551 29546 29548 29550 29553 29550 29543 29530 29518 29508 29513 29515 29508 29486 29470 29453 29443 29447 29448 29461 29465 29471
23 29472 29475 29476 29472 29476 29486 29487 29494 29496 29492 29494 29508 29516 29532 29540 29550 29558 29572 29592 29610 29626 29642 29647 29646
24 29660 29666 29670 29676 29682 29692 29700 29714 29712 29703 29693 29690 29688 29680 29676 29684 29683 29697 29711 29725 29738 29732 29719 29708
25 29692 29676 29666 29636 29644 29649 29665 29670 29676 29684 29697 29711 29729 29745 29751 29756 29753 29759 29768 29783 29799 29824 29834 29839
26 29828 29833 29833 29825 29825 29824 29823 29816 29805 29797 29792 29807 29818 29820 29824 29828 29815 29821 29815 29829 29844 29860 29859 29858
27 29868 29875 29876 29876 29884 29886 29890 29884 29884 29882 29879 29882 29884 29887 29887 29886 29882 29884 29889 29894 29899 29906 29906 29906
28 29899 29902 29903 29904 29900 29906 29905 29904 29908 29906 29901 29901 29898 29896 29893 29898 29896 29904 29906 29921 29931 29941 29940 29936
29 29937 29934 29932 29936 29936 29946 29952 29956 29956 29949 29941 29931 29928 29924 29926 29933 29934 29948 29946 29943 29950 29960 29962 29966
30 29971 29971 29963 29964 29970 29973 29974 29976 29970 29960 29958 29951 29945 29931 29923 29915 29912 29912 29930 29927 29935 29940 29938 29944
