01 29684 29703 29719 29732 29751 29779 29811 29846 29868 29894 29911 29922 29934 29944 29931 29960 29979 29991 30010 30027 30044 30052 30062 30062
02 30060 30055 30052 30065 30070 30084 30099 30109 30117 30124 30126 30131 30133 30132 30138 30142 30142 30146 30151 30157 30161 30159 30162 30160
03 30156 30151 30150 30148 30145 30142 30132 30135 30132 30130 30122 30122 30112 30108 30102 30094 30084 30090 30095 30105 30117 30128 30138 30132
04 30139 30146 30151 30159 30171 30182 30199 30219 30235 30240 30250 30253 30256 30251 30251 30250 30250 30261 30271 30277 30288 30286 30290 30290
05 30287 30287 30281 30283 30287 30288 30290 30292 30294 30301 30298 30295 30290 30290 30282 30283 30287 30291 30305 30318 30323 30330 30328 30325
06 30325 30327 30322 30327 30339 30356 30366 30383 30396 30407 30410 30412 30418 30414 30412 30424 30419 30426 30433 30443 30444 30450 30455 30457
07 30454 30454 30456 30459 30464 30478 30486 30494 30499 30506 30507 30506 30506 30504 30497 30498 30505 30504 30516 30512 30516 30516 30515 30509
08 30512 30512 30509 30507 30507 30503 30503 30499 30497 30492 30487 30484 30477 30468 30459 30451 30442 30437 30436 30431 30421 30412 30407 30393
09 30381 30369 30356 30344 30335 30332 30326 30315 30306 30299 30292 30278 30263 30251 30232 30213 30198 30189 30176 30168 30157 30145 30123 30109
10 30105 30090 30074 30069 30063 30065 30063 30058 30050 30048 30039 30031 30028 30011 30001 29994 29984 29978 29970 29969 29961 29951 29944 29931
11 29914 29899 29883 29875 29868 29867 29859 29861 29856 29859 29861 29861 29857 29857 29855 29853 29846 29841 29843 29843 29840 29839 29830 29826
12 29815 29806 29799 29777 29780 29782 29790 29788 29788 29787 29788 29785 29784 29780 29770 29761 29760 29756 29759 29760 29749 29743 29727 29721
13 29706 29685 29661 29641 29627 29621 29607 29593 29580 29563 29549 29520 29492 29462 29434 29408 29386 29362 29342 29332 29313 29286 29263 29245
14 29223 29200 29185 29172 29170 29169 29171 29173 29173 29180 29180 29181 29186 29193 29201 29215 29234 29257 29282 29309 29316 29313 29318 29328
15 29333 29338 29347 29363 29379 29402 29421 29438 29452 29469 29469 29477 29492 29504 29522 29548 29553 29557 29571 29577 29584 29564 29547 29543
16 29529 29507 29490 29480 29482 29500 29511 29516 29517 29521 29514 29514 29512 29502 29489 29491 29488 29489 29487 29486 29476 29469 29459 29439
17 29413 29391 29364 29337 29313 29299 29280 29266 29241 29231 29207 29202 29182 29171 29149 29145 29140 29147 29153 29172 29186 29207 29224 29248
18 29286 29316 29346 29392 29436 29471 29497 29528 29566 29602 29645 29670 29702 29714 29725 29732 29752 29755 29765 29782 29786 29778 29763 29749
19 29725 29710 29694 29675 29659 29630 29596 29567 29539 29505 29479 29456 29453 29449 29431 29417 29427 29437 29445 29468 29473 29476 29477 29481
20 29478 29476 29467 29471 29486 29512 29537 29563 29583 29613 29640 29658 29677 29689 29714 29732 29751 29779 29798 29814 29828 29833 29837 29847
21 29844 29852 29853 29848 29852 29857 29851 29848 29839 29831 29842 29828 29820 29817 29815 29812 29807 29821 29836 29844 29851 29852 29854 29848
22 29827 29807 29801 29782 29764 29756 29745 29729 29728 29688 29666 29647 29624 29581 29539 29512 29479 29468 29442 29421 29392 29356 29325 29296
23 29264 29251 29217 29220 29206 29219 29226 29222 29214 29204 29200 29183 29169 29144 29124 29110 29093 29082 29071 29066 29063 29053 29050 29051
24 29051 29050 29049 29047 29046 29053 29047 29045 29044 29040 29034 29034 29033 29044 29041 29044 29054 29064 29087 29108 29118 29131 29140 29129
25 29132 29129 29129 29125 29117 29115 29110 29110 29109 29110 29109 29103 29089 29093 29091 29098 29101 29118 29116 29122 29123 29149 29152 29154
26 29159 29175 29191 29213 29228 29251 29279 29294 29311 29334 29339 29353 29363 29375 29386 29400 29421 29451 29468 29498 29510 29526 29533 29540
27 29551 29563 29570 29575 29583 29587 29589 29586 29578 29573 29563 29543 29528 29519 29498 29478 29447 29425 29403 29378 29365 29331 29315 29285
28 29258 29235 29198 29184 29170 29172 29168 29160 29153 29161 29168 29174 29175 29183 29181 29174 29178 29178 29178 29174 29168 29155 29149 29133
29 29120 29104 29097 29094 29105 29113 29124 29142 29155 29164 29172 29159 29142 29142 29145 29140 29142 29150 29158 29162 29162 29164 29172 29176
30 29182 29181 29188 29189 29194 29214 29235 29249 29259 29282 29311 29323 29336 29346 29346 29350 29358 29368 29376 29393 29400 29408 29414 29414
