01 29365 29341 29311 29291 29273 29243 29213 29191 29163 29115 29072 29014 28966 28918 28864 28818 28774 28754 28766 28802 28848 28944 29022 29085
02 29120 29154 29164 29194 29204 29224 29228 29234 29222 29222 29204 29183 29149 29141 29161 29157 29159 29161 29161 29159 29131 29111 29099 29113
03 29123 29137 29143 29163 29191 29219 29243 29283 29305 29313 29305 29289 29253 29211 29179 29115 29045 28989 28921 28975 28965 28969 28967 28969
04 28961 28941 28949 28939 28931 28933 28935 28971 28983 29001 29014 29048 29056 29088 29130 29188 29224 29262 29294 29314 29340 29364 29376 29378
05 29374 29380 29384 29386 29364 29328 29286 29268 29248 29230 29222 29200 29178 29154 29134 29114 29122 29166 29202 29266 29316 29368 29402 29442
06 29474 29496 29528 29560 29580 29570 29596 29624 29626 29620 29635 29611 29599 29561 29551 29533 29517 29499 29475 29451 29441 29425 29407 29389
07 29371 29363 29361 29357 29357 29389 29385 29400 29391 29365 29351 29331 29281 29251 29207 29171 29119 29059 29005 29003 29005 28997 28983 28983
08 28980 28969 28955 28947 28935 28930 28930 28927 28917 28891 28862 28830 28784 28724 28684 28658 28658 28660 28634 28596 28530 28500 28506 28548
09 28552 28568 28590 28614 28644 28668 28696 28712 28728 28748 28781 28811 28853 28897 28915 28933 28953 28967 28999 29009 29013 29033 29039 29063
10 29069 29091 29103 29113 29119 29127 29135 29143 29143 29139 29143 29111 29091 29065 29043 29013 28985 28983 28963 28967 28963 28971 28976 28985
11 28981 29021 29055 29089 29127 29157 29207 29241 29271 29297 29322 29342 29366 29393 29420 29445 29480 29506 29534 29556 29576 29584 29604 29614
12 29626 29630 29638 29648 29654 29654 29662 29680 29686 29694 29696 29688 29682 29690 29690 29694 29700 29700 29702 29706 29704 29706 29712 29714
13 29710 29708 29700 29702 29708 29712 29724 29738 29756 29762 29772 29768 29754 29752 29760 29762 29772 29790 29799 29803 29806 29812 29812 29804
14 29800 29794 29790 29792 29788 29788 29789 29794 29780 29772 29769 29764 29760 29749 29746 29749 29742 29738 29722 29726 29712 29700 29692 29694
15 29684 29664 29638 29614 29588 29572 29558 29540 29502 29484 29453 29403 29347 29301 29277 29247 29217 29153 29101 29068 29033 29001 28967 28951
16 28935 28927 28917 28923 28927 28929 28947 28971 28991 29017 29045 29071 29099 29131 29171 29215 29251 29295 29325 29367 29391 29405 29435 29453
17 29475 29481 29493 29513 29529 29543 29559 29573 29571 29577 29583 29579 29567 29573 29571 29581 29589 29589 29593 29593 29591 29591 29587 29589
18 29583 29571 29547 29551 29547 29543 29535 29535 29515 29499 29473 29465 29419 29391 29383 29343 29301 29221 29195 29151 29103 29061 29029 29021
19 29017 29011 29007 29007 29009 29011 29017 29011 29011 29015 28997 28989 28979 28965 28957 28939 28931 28903 28881 28865 28847 28829 28825 28815
20 28807 28817 28841 28861 28879 28885 28893 28885 28889 28893 28902 28906 28912 28916 28898 28900 28896 28906 28920 28948 28992 29044 29094 29140
21 29200 29244 29286 29320 29346 29368 29386 29402 29412 29424 29435 29433 29427 29427 29415 29415 29395 29377 29359 29341 29305 29273 29239 29191
22 29151 29117 29105 29081 29061 29063 29051 29023 29017 28997 28978 28936 28914 28922 28940 28964 28964 29002 28996 29004 29002 29002 29000 29008
23 29016 29034 29024 29046 29044 29034 29042 29036 29028 29022 29008 28968 28938 28906 28882 28878 28854 28824 28806 28804 28794 28782 28748 28744
24 28738 28716 28704 28700 28704 28718 28726 28744 28764 28790 28809 28815 28819 28805 28801 28809 28801 28819 28821 28813 28813 28809 28803 28805
25 28807 28801 28791 28777 28777 28777 28769 28767 28767 28773 28763 28757 28749 28737 28721 28721 28701 28651 28642 28663 28677 28659 28645 28637
26 28595 28571 28627 28655 28673 28699 28721 28745 28761 28799 28807 28817 28819 28843 28879 28907 28943 28993 29020 29072 29093 29107 29165 29187
27 29202 29221 29263 29275 29303 29317 29335 29357 29359 29369 29367 29325 29291 29291 29293 29311 29319 29347 29345 29343 29353 29361 29369 29385
28 29407 29447 29463 29511 29533 29571 29609 29645 29693 29715 29731 29739 29741 29737 29725 29733 29723 29719 29697 29689 29643 29611 29559 29515
29 29453 29407 29359 29341 29325 29325 29331 29341 29347 29359 29369 29365 29363 29365 29367 29381 29373 29375 29385 29433 29471 29495 29517 29553
30 29557 29591 29605 29633 29663 29695 29715 29741 29753 29765 29774 29780 29766 29760 29758 29764 29766 29764 29752 29744 29722 29704 29692 29682
