01 28833 28799 28774 28770 28776 28810 28870 28928 28952 28975 29006 29026 29027 29026 29020 29026 29050 29079 29093 29090 29101 29118 29141 29164
02 29182 29191 29197 29217 29224 29239 29255 29283 29298 29308 29325 29320 29317 29311 29308 29334 29322 29329 29341 29346 29346 29346 29347 29350
03 29352 29352 29350 29345 29346 29357 29370 29381 29388 29395 29403 29399 29393 29395 29395 29412 29430 29457 29466 29470 29483 29503 29520 29531
04 29543 29549 29556 29566 29583 29599 29609 29633 29649 29653 29667 29662 29648 29635 29632 29633 29641 29659 29667 29679 29698 29713 29711 29731
05 29743 29743 29743 29748 29757 29756 29757 29757 29757 29751 29740 29728 29698 29682 29673 29651 29634 29630 29622 29606 29588 29558 29546 29558
06 29569 29576 29582 29595 29617 29643 29676 29723 29770 29816 29853 29884 29917 29943 29969 29991 30027 30062 30101 30143 30170 30192 30203 30209
07 30226 30227 30226 30223 30224 30209 30207 30213 30219 30205 30197 30193 30192 30185 30183 30175 30169 30176 30181 30200 30213 30215 30217 30211
08 30211 30207 30213 30211 30216 30214 30222 30231 30240 30243 30247 30244 30237 30215 30212 30216 30219 30244 30263 30272 30288 30309 30318 30322
09 30333 30327 30320 30313 30318 30329 30326 30329 30333 30323 30322 30316 30306 30297 30293 30284 30281 30295 30292 30296 30295 30292 30290 30282
10 30272 30266 30263 30249 30258 30271 30277 30292 30298 30304 30324 30324 30312 30309 30308 30304 30302 30310 30321 30332 30333 30340 30342 30347
11 30354 30362 30365 30375 30390 30402 30414 30435 30435 30436 30438 30431 30423 30407 30399 30390 30392 30403 30423 30421 30427 30427 30431 30431
12 30430 30434 30434 30439 30442 30442 30459 30483 30494 30498 30499 30504 30484 30478 30479 30477 30473 30479 30498 30509 30516 30523 30517 30517
13 30523 30522 30526 30532 30527 30529 30534 30546 30571 30564 30563 30551 30544 30522 30512 30504 30504 30500 30504 30513 30514 30514 30509 30499
14 30493 30491 30477 30469 30462 30458 30456 30457 30451 30439 30430 30415 30389 30362 30346 30330 30321 30321 30327 30336 30340 30346 30347 30352
15 30357 30365 30369 30383 30393 30413 30443 30482 30492 30514 30532 30530 30523 30520 30528 30541 30540 30547 30573 30590 30599 30612 30612 30609
16 30606 30605 30600 30599 30603 30607 30617 30621 30620 30616 30606 30598 30581 30565 30555 30550 30550 30550 30558 30566 30566 30565 30560 30557
17 30553 30545 30543 30542 30546 30552 30557 30561 30558 30552 30544 30529 30514 30490 30473 30459 30449 30446 30448 30448 30442 30434 30426 30417
18 30415 30391 30380 30369 30366 30360 30348 30344 30335 30320 30308 30283 30260 30232 30216 30198 30192 30187 30181 30177 30181 30176 30176 30169
19 30163 30145 30132 30117 30118 30115 30114 30112 30103 30087 30067 30036 30007 29975 29950 29930 29914 29907 29906 29902 29896 29886 29882 29874
20 29861 29839 29829 29818 29808 29802 29793 29788 29785 29781 29779 29764 29758 29739 29729 29727 29733 29741 29752 29765 29773 29776 29779 29775
21 29776 29768 29758 29740 29728 29723 29718 29717 29727 29726 29733 29730 29725 29714 29701 29687 29673 29667 29651 29647 29662 29696 29727 29757
22 29784 29794 29789 29790 29793 29829 29865 29889 29925 29956 29986 30012 30031 30062 30091 30115 30127 30164 30190 30212 30230 30235 30247 30253
23 30261 30256 30250 30243 30249 30245 30247 30246 30235 30223 30197 30177 30146 30123 30093 30072 30069 30060 30045 30034 30026 29998 29984 29952
24 29930 29911 29874 29877 29860 29846 29832 29809 29794 29773 29739 29722 29685 29649 29623 29601 29577 29572 29570 29573 29581 29611 29622 29638
25 29661 29682 29700 29709 29723 29738 29749 29745 29747 29749 29741 29729 29705 29691 29678 29660 29646 29637 29606 29572 29529 29451 29376 29271
26 29190 29125 29065 29016 28966 28947 29099 29240 29323 29386 29446 29493 29546 29593 29625 29669 29701 29745 29793 29845 29876 29911 29927 29951
27 29969 29999 30023 30036 30062 30068 30092 30110 30121 30117 30121 30115 30109 30106 30106 30104 30105 30120 30131 30144 30154 30160 30165 30180
28 30185 30182 30179 30180 30185 30188 30188 30184 30184 30180 30176 30167 30160 30146 30133 30125 30119 30111 30114 30117 30109 30100 30093 30083
29 30072 30051 30032 30027 30021 30020 30010 29995 29986 29972 29953 29937 29916 29891 29867 29841 29827 29826 29819 29807 29799 29797 29792 29783
30 29761 29747 29726 29711 29691 29683 29675 29668 29662 29651 29650 29626 29608 29584 29561 29547 29537 29533 29530 29538 29537 29524 29518 29509
31 29497 29493 29494 29494 29499 29515 29524 29530 29539 29545 29558 29557 29560 29568 29565 29571 29575 29599 29621 29634 29643 29651 29655 29661
