1872 11 18 08 00  36.75    3.06 1004.8          ALGIERS
1872 11 01 08 00  30.51   47.78 1024.1            BASRA
1872 11 02 08 00  30.51   47.78 1021.3            BASRA
1872 11 03 08 00  30.51   47.78 1018.8            BASRA
1872 11 04 08 00  30.51   47.78 1023.6            BASRA
1872 11 05 08 00  30.51   47.78 1024.1            BASRA
1872 11 06 08 00  30.51   47.78 1022.8            BASRA
1872 11 07 08 00  30.51   47.78 1024.4            BASRA
1872 11 08 08 00  30.51   47.78 1022.8            BASRA
1872 11 09 08 00  30.51   47.78 1023.0            BASRA
1872 11 10 08 00  30.51   47.78 1022.8            BASRA
1872 11 11 08 00  30.51   47.78 1020.1            BASRA
1872 11 12 08 00  30.51   47.78 1017.7            BASRA
1872 11 13 08 00  30.51   47.78 1023.0            BASRA
1872 11 14 08 00  30.51   47.78 1022.4            BASRA
1872 11 15 08 00  30.51   47.78 1019.6            BASRA
1872 11 16 08 00  30.51   47.78 1022.5            BASRA
1872 11 17 08 00  30.51   47.78 1024.1            BASRA
1872 11 18 08 00  30.51   47.78 1026.0            BASRA
1872 11 19 08 00  30.51   47.78 1027.0            BASRA
1872 11 20 08 00  30.51   47.78 1028.4            BASRA
1872 11 21 08 00  30.51   47.78 1026.8            BASRA
1872 11 22 08 00  30.51   47.78 1026.8            BASRA
1872 11 23 08 00  30.51   47.78 1024.1            BASRA
1872 11 24 08 00  30.51   47.78 1025.4            BASRA
1872 11 25 08 00  30.51   47.78 1028.1            BASRA
1872 11 26 08 00  30.51   47.78 1028.1            BASRA
1872 11 27 08 00  30.51   47.78 1026.8            BASRA
1872 11 28 08 00  30.51   47.78 1023.2            BASRA
1872 11 29 08 00  30.51   47.78 1021.4            BASRA
1872 11 30 08 00  30.51   47.78 1026.1            BASRA
1872 11 29 08 00  30.51   47.78 1032.1            BASRA
1872 11 30 08 00  30.51   47.78 1024.1            BASRA
1872 11 01 08 00  38.72   -9.14 1020.9           LISBON
1872 11 02 08 00  38.72   -9.14 1021.4           LISBON
1872 11 03 08 00  38.72   -9.14 1025.0           LISBON
1872 11 04 08 00  38.72   -9.14 1025.2           LISBON
1872 11 05 08 00  38.72   -9.14 1027.4           LISBON
1872 11 06 08 00  38.72   -9.14 1028.0           LISBON
1872 11 07 08 00  38.72   -9.14 1024.6           LISBON
1872 11 08 08 00  38.72   -9.14 1024.9           LISBON
1872 11 09 08 00  38.72   -9.14 1024.5           LISBON
1872 11 10 08 00  38.72   -9.14 1021.3           LISBON
1872 11 11 08 00  38.72   -9.14 1017.5           LISBON
1872 11 12 08 00  38.72   -9.14 1018.9           LISBON
1872 11 13 08 00  38.72   -9.14 1014.9           LISBON
1872 11 14 08 00  38.72   -9.14 1015.9           LISBON
1872 11 15 08 00  38.72   -9.14 1017.8           LISBON
1872 11 16 08 00  38.72   -9.14 1015.3           LISBON
1872 11 17 08 00  38.72   -9.14 1018.5           LISBON
1872 11 18 08 00  38.72   -9.14 1019.6           LISBON
1872 11 19 08 00  38.72   -9.14 1016.1           LISBON
1872 11 20 08 00  38.72   -9.14 1010.7           LISBON
1872 11 21 08 00  38.72   -9.14 1013.1           LISBON
1872 11 22 08 00  38.72   -9.14 1006.0           LISBON
1872 11 23 08 00  38.72   -9.14 1008.3           LISBON
1872 11 24 08 00  38.72   -9.14 1014.0           LISBON
1872 11 25 08 00  38.72   -9.14 1015.3           LISBON
1872 11 26 08 00  38.72   -9.14 1019.8           LISBON
1872 11 27 08 00  38.72   -9.14 1021.4           LISBON
1872 11 28 08 00  38.72   -9.14 1025.3           LISBON
1872 11 29 08 00  38.72   -9.14 1025.2           LISBON
1872 11 30 08 00  38.72   -9.14 1006.9           LISBON
1872 11 01 08 00  57.20   -2.20  993.9         ABERDEEN
1872 11 02 08 00  57.20   -2.20  977.0         ABERDEEN
1872 11 03 08 00  57.20   -2.20 1001.7         ABERDEEN
1872 11 04 08 00  57.20   -2.20 1009.8         ABERDEEN
1872 11 05 08 00  57.20   -2.20  992.2         ABERDEEN
1872 11 06 08 00  57.20   -2.20  990.2         ABERDEEN
1872 11 07 08 00  57.20   -2.20 1000.3         ABERDEEN
1872 11 08 08 00  57.20   -2.20 1011.2         ABERDEEN
1872 11 09 08 00  57.20   -2.20 1009.8         ABERDEEN
1872 11 10 08 00  57.20   -2.20 1008.1         ABERDEEN
1872 11 11 08 00  57.20   -2.20 1015.2         ABERDEEN
1872 11 12 08 00  57.20   -2.20 1029.1         ABERDEEN
1872 11 13 08 00  57.20   -2.20 1030.8         ABERDEEN
1872 11 14 08 00  57.20   -2.20 1025.1         ABERDEEN
1872 11 15 08 00  57.20   -2.20 1024.7         ABERDEEN
1872 11 16 08 00  57.20   -2.20 1010.5         ABERDEEN
1872 11 17 08 00  57.20   -2.20 1011.2         ABERDEEN
1872 11 18 08 00  57.20   -2.20  999.0         ABERDEEN
1872 11 19 08 00  57.20   -2.20  996.3         ABERDEEN
1872 11 20 08 00  57.20   -2.20  983.4         ABERDEEN
1872 11 21 08 00  57.20   -2.20  994.2         ABERDEEN
1872 11 22 08 00  57.20   -2.20  995.3         ABERDEEN
1872 11 23 08 00  57.20   -2.20  979.0         ABERDEEN
1872 11 24 08 00  57.20   -2.20  975.3         ABERDEEN
1872 11 25 08 00  57.20   -2.20  987.1         ABERDEEN
1872 11 26 08 00  57.20   -2.20  973.2         ABERDEEN
1872 11 27 08 00  57.20   -2.20  987.1         ABERDEEN
1872 11 28 08 00  57.20   -2.20 1004.4         ABERDEEN
1872 11 29 08 00  57.20   -2.20  995.9         ABERDEEN
1872 11 30 08 00  57.20   -2.20  981.0         ABERDEEN
1872 11 01 08 00  45.94   -0.96 1016.9        ROCHEFORT
1872 11 01 14 00  45.94   -0.96 1019.3        ROCHEFORT
1872 11 02 08 00  45.94   -0.96 1011.5        ROCHEFORT
1872 11 02 14 00  45.94   -0.96 1015.6        ROCHEFORT
1872 11 03 08 00  45.94   -0.96 1019.3        ROCHEFORT
1872 11 03 14 00  45.94   -0.96 1008.8        ROCHEFORT
1872 11 04 08 00  45.94   -0.96 1025.1        ROCHEFORT
1872 11 04 14 00  45.94   -0.96 1022.4        ROCHEFORT
1872 11 05 08 00  45.94   -0.96 1022.4        ROCHEFORT
1872 11 05 14 00  45.94   -0.96 1025.1        ROCHEFORT
1872 11 06 08 00  45.94   -0.96 1025.1        ROCHEFORT
1872 11 06 14 00  45.94   -0.96 1022.4        ROCHEFORT
1872 11 07 08 00  45.94   -0.96 1028.4        ROCHEFORT
1872 11 07 14 00  45.94   -0.96 1026.1        ROCHEFORT
1872 11 08 08 00  45.94   -0.96 1029.1        ROCHEFORT
1872 11 08 14 00  45.94   -0.96 1029.8        ROCHEFORT
1872 11 09 08 00  45.94   -0.96 1027.1        ROCHEFORT
1872 11 09 14 00  45.94   -0.96 1029.8        ROCHEFORT
1872 11 10 08 00  45.94   -0.96 1016.6        ROCHEFORT
1872 11 10 14 00  45.94   -0.96 1025.1        ROCHEFORT
1872 11 11 08 00  45.94   -0.96 1016.3        ROCHEFORT
1872 11 11 14 00  45.94   -0.96 1016.6        ROCHEFORT
1872 11 12 08 00  45.94   -0.96 1013.9        ROCHEFORT
1872 11 12 14 00  45.94   -0.96 1015.9        ROCHEFORT
1872 11 13 08 00  45.94   -0.96 1013.2        ROCHEFORT
1872 11 13 14 00  45.94   -0.96 1011.5        ROCHEFORT
1872 11 14 08 00  45.94   -0.96 1012.5        ROCHEFORT
1872 11 14 14 00  45.94   -0.96 1012.9        ROCHEFORT
1872 11 15 08 00  45.94   -0.96 1007.1        ROCHEFORT
1872 11 15 14 00  45.94   -0.96 1011.2        ROCHEFORT
1872 11 16 08 00  45.94   -0.96 1011.2        ROCHEFORT
1872 11 16 14 00  45.94   -0.96 1008.1        ROCHEFORT
1872 11 17 08 00  45.94   -0.96 1015.2        ROCHEFORT
1872 11 17 14 00  45.94   -0.96 1013.9        ROCHEFORT
1872 11 18 08 00  45.94   -0.96 1013.5        ROCHEFORT
1872 11 18 14 00  45.94   -0.96 1016.3        ROCHEFORT
1872 11 19 08 00  45.94   -0.96 1004.1        ROCHEFORT
1872 11 19 14 00  45.94   -0.96 1010.2        ROCHEFORT
1872 11 20 08 00  45.94   -0.96 1006.8        ROCHEFORT
1872 11 20 14 00  45.94   -0.96 1004.7        ROCHEFORT
1872 11 21 08 00  45.94   -0.96 1011.9        ROCHEFORT
1872 11 21 14 00  45.94   -0.96 1008.1        ROCHEFORT
1872 11 22 08 00  45.94   -0.96 1007.8        ROCHEFORT
1872 11 22 14 00  45.94   -0.96 1011.5        ROCHEFORT
1872 11 23 08 00  45.94   -0.96  999.0        ROCHEFORT
1872 11 23 14 00  45.94   -0.96 1009.1        ROCHEFORT
1872 11 24 08 00  45.94   -0.96 1004.4        ROCHEFORT
1872 11 24 14 00  45.94   -0.96 1000.3        ROCHEFORT
1872 11 25 08 00  45.94   -0.96 1006.1        ROCHEFORT
1872 11 25 14 00  45.94   -0.96 1005.1        ROCHEFORT
1872 11 26 08 00  45.94   -0.96 1013.2        ROCHEFORT
1872 11 26 14 00  45.94   -0.96 1005.1        ROCHEFORT
1872 11 27 08 00  45.94   -0.96 1017.6        ROCHEFORT
1872 11 27 14 00  45.94   -0.96 1014.9        ROCHEFORT
1872 11 28 08 00  45.94   -0.96 1013.2        ROCHEFORT
1872 11 28 14 00  45.94   -0.96 1016.3        ROCHEFORT
1872 11 29 08 00  45.94   -0.96 1011.9        ROCHEFORT
1872 11 29 14 00  45.94   -0.96 1014.9        ROCHEFORT
1872 11 30 08 00  45.94   -0.96  993.6        ROCHEFORT
1872 11 30 14 00  45.94   -0.96 1008.5        ROCHEFORT
1872 11 01 08 00  51.80   -8.30  994.6      ROCHESPOINT
1872 11 02 08 00  51.80   -8.30  991.5      ROCHESPOINT
1872 11 03 08 00  51.80   -8.30 1012.2      ROCHESPOINT
1872 11 04 08 00  51.80   -8.30 1006.4      ROCHESPOINT
1872 11 05 08 00  51.80   -8.30 1005.4      ROCHESPOINT
1872 11 06 08 00  51.80   -8.30 1005.1      ROCHESPOINT
1872 11 07 08 00  51.80   -8.30 1022.7      ROCHESPOINT
1872 11 08 08 00  51.80   -8.30 1024.7      ROCHESPOINT
1872 11 09 08 00  51.80   -8.30 1022.7      ROCHESPOINT
1872 11 10 08 00  51.80   -8.30 1019.6      ROCHESPOINT
1872 11 11 08 00  51.80   -8.30 1026.4      ROCHESPOINT
1872 11 12 08 00  51.80   -8.30 1025.1      ROCHESPOINT
1872 11 13 08 00  51.80   -8.30 1024.7      ROCHESPOINT
1872 11 14 08 00  51.80   -8.30 1021.3      ROCHESPOINT
1872 11 15 08 00  51.80   -8.30 1019.0      ROCHESPOINT
1872 11 16 08 00  51.80   -8.30 1012.9      ROCHESPOINT
1872 11 17 08 00  51.80   -8.30 1010.8      ROCHESPOINT
1872 11 18 08 00  51.80   -8.30  994.6      ROCHESPOINT
1872 11 19 08 00  51.80   -8.30  992.2      ROCHESPOINT
1872 11 20 08 00  51.80   -8.30  988.8      ROCHESPOINT
1872 11 21 08 00  51.80   -8.30  994.2      ROCHESPOINT
1872 11 22 08 00  51.80   -8.30  993.2      ROCHESPOINT
1872 11 23 08 00  51.80   -8.30  964.4      ROCHESPOINT
1872 11 24 08 00  51.80   -8.30  985.8      ROCHESPOINT
1872 11 25 08 00  51.80   -8.30  975.6      ROCHESPOINT
1872 11 26 08 00  51.80   -8.30  986.1      ROCHESPOINT
1872 11 27 08 00  51.80   -8.30 1001.0      ROCHESPOINT
1872 11 28 08 00  51.80   -8.30 1006.1      ROCHESPOINT
1872 11 29 08 00  51.80   -8.30  994.2      ROCHESPOINT
1872 11 30 08 00  51.80   -8.30  964.4      ROCHESPOINT
1872 11 01 08 00  50.38   -4.14 1006.1         PLYMOUTH
1872 11 02 08 00  50.38   -4.14  995.3         PLYMOUTH
1872 11 03 08 00  50.38   -4.14 1010.8         PLYMOUTH
1872 11 04 08 00  50.38   -4.14 1017.9         PLYMOUTH
1872 11 05 08 00  50.38   -4.14 1009.1         PLYMOUTH
1872 11 06 08 00  50.38   -4.14 1014.6         PLYMOUTH
1872 11 07 08 00  50.38   -4.14 1026.1         PLYMOUTH
1872 11 08 08 00  50.38   -4.14 1027.4         PLYMOUTH
1872 11 09 08 00  50.38   -4.14 1024.0         PLYMOUTH
1872 11 10 08 00  50.38   -4.14 1013.2         PLYMOUTH
1872 11 11 08 00  50.38   -4.14 1019.3         PLYMOUTH
1872 11 12 08 00  50.38   -4.14 1017.9         PLYMOUTH
1872 11 13 08 00  50.38   -4.14 1020.3         PLYMOUTH
1872 11 14 08 00  50.38   -4.14 1014.6         PLYMOUTH
1872 11 15 08 00  50.38   -4.14 1011.2         PLYMOUTH
1872 11 16 08 00  50.38   -4.14 1005.1         PLYMOUTH
1872 11 17 08 00  50.38   -4.14 1009.1         PLYMOUTH
1872 11 18 08 00  50.38   -4.14 1002.0         PLYMOUTH
1872 11 19 08 00  50.38   -4.14  998.0         PLYMOUTH
1872 11 20 08 00  50.38   -4.14  995.9         PLYMOUTH
1872 11 21 08 00  50.38   -4.14 1002.0         PLYMOUTH
1872 11 22 08 00  50.38   -4.14  999.0         PLYMOUTH
1872 11 23 08 00  50.38   -4.14  980.4         PLYMOUTH
1872 11 24 08 00  50.38   -4.14  992.6         PLYMOUTH
1872 11 25 08 00  50.38   -4.14  990.2         PLYMOUTH
1872 11 26 08 00  50.38   -4.14  997.3         PLYMOUTH
1872 11 27 08 00  50.38   -4.14 1007.8         PLYMOUTH
1872 11 28 08 00  50.38   -4.14 1007.8         PLYMOUTH
1872 11 29 08 00  50.38   -4.14 1000.7         PLYMOUTH
1872 11 30 08 00  50.38   -4.14  979.7         PLYMOUTH
1872 11 01 08 00  41.90   12.50 1019.3             ROME
1872 11 02 08 00  41.90   12.50 1018.9             ROME
1872 11 03 08 00  41.90   12.50 1014.3             ROME
1872 11 04 08 00  41.90   12.50 1017.3             ROME
1872 11 05 08 00  41.90   12.50 1023.0             ROME
1872 11 06 08 00  41.90   12.50 1020.8             ROME
1872 11 07 08 00  41.90   12.50 1018.0             ROME
1872 11 08 08 00  41.90   12.50 1018.9             ROME
1872 11 09 08 00  41.90   12.50 1019.6             ROME
1872 11 10 08 00  41.90   12.50 1015.3             ROME
1872 11 11 08 00  41.90   12.50 1001.8             ROME
1872 11 12 08 00  41.90   12.50  996.4             ROME
1872 11 13 08 00  41.90   12.50 1005.1             ROME
1872 11 14 08 00  41.90   12.50 1009.3             ROME
1872 11 15 08 00  41.90   12.50 1010.7             ROME
1872 11 16 08 00  41.90   12.50 1016.8             ROME
1872 11 17 08 00  41.90   12.50 1013.7             ROME
1872 11 18 08 00  41.90   12.50 1015.6             ROME
1872 11 19 08 00  41.90   12.50 1015.2             ROME
1872 11 20 08 00  41.90   12.50 1018.8             ROME
1872 11 21 08 00  41.90   12.50 1021.8             ROME
1872 11 22 08 00  41.90   12.50 1022.2             ROME
1872 11 23 08 00  41.90   12.50 1019.0             ROME
1872 11 24 08 00  41.90   12.50 1013.3             ROME
1872 11 25 08 00  41.90   12.50 1014.0             ROME
1872 11 26 08 00  41.90   12.50 1022.0             ROME
1872 11 27 08 00  41.90   12.50 1026.6             ROME
1872 11 28 08 00  41.90   12.50 1024.4             ROME
1872 11 29 08 00  41.90   12.50 1014.1             ROME
1872 11 30 08 00  41.90   12.50 1012.4             ROME
1872 11 01 08 00  48.39   -4.49 1009.1            BREST
1872 11 02 08 00  48.39   -4.49 1000.0            BREST
1872 11 03 08 00  48.39   -4.49 1015.6            BREST
1872 11 04 08 00  48.39   -4.49 1021.3            BREST
1872 11 05 08 00  48.39   -4.49 1013.9            BREST
1872 11 06 08 00  48.39   -4.49 1020.3            BREST
1872 11 07 08 00  48.39   -4.49 1028.8            BREST
1872 11 08 08 00  48.39   -4.49 1029.5            BREST
1872 11 09 08 00  48.39   -4.49 1024.0            BREST
1872 11 10 08 00  48.39   -4.49 1017.3            BREST
1872 11 11 08 00  48.39   -4.49 1021.0            BREST
1872 11 12 08 00  48.39   -4.49 1017.6            BREST
1872 11 13 08 00  48.39   -4.49 1017.6            BREST
1872 11 14 08 00  48.39   -4.49 1014.9            BREST
1872 11 15 08 00  48.39   -4.49 1009.1            BREST
1872 11 16 08 00  48.39   -4.49 1009.5            BREST
1872 11 17 08 00  48.39   -4.49 1012.9            BREST
1872 11 18 08 00  48.39   -4.49 1006.8            BREST
1872 11 19 08 00  48.39   -4.49 1000.3            BREST
1872 11 20 08 00  48.39   -4.49 1000.7            BREST
1872 11 21 08 00  48.39   -4.49 1002.0            BREST
1872 11 22 08 00  48.39   -4.49 1002.4            BREST
1872 11 23 08 00  48.39   -4.49  985.4            BREST
1872 11 24 08 00  48.39   -4.49  995.6            BREST
1872 11 25 08 00  48.39   -4.49  992.9            BREST
1872 11 26 08 00  48.39   -4.49 1001.7            BREST
1872 11 27 08 00  48.39   -4.49 1013.2            BREST
1872 11 28 08 00  48.39   -4.49 1010.2            BREST
1872 11 29 08 00  48.39   -4.49 1005.4            BREST
1872 11 30 08 00  48.39   -4.49  983.4            BREST
1872 11 01 08 00  45.76    4.84 1020.0            LYONS
1872 11 02 08 00  45.76    4.84 1015.9            LYONS
1872 11 03 08 00  45.76    4.84 1020.0            LYONS
1872 11 04 08 00  45.76    4.84 1026.1            LYONS
1872 11 05 08 00  45.76    4.84 1024.7            LYONS
1872 11 06 08 00  45.76    4.84 1025.4            LYONS
1872 11 07 08 00  45.76    4.84 1027.3            LYONS
1872 11 08 08 00  45.76    4.84 1029.1            LYONS
1872 11 09 08 00  45.76    4.84 1024.0            LYONS
1872 11 10 08 00  45.76    4.84 1013.2            LYONS
1872 11 11 08 00  45.76    4.84 1006.9            LYONS
1872 11 12 08 00  45.76    4.84 1005.8            LYONS
1872 11 13 08 00  45.76    4.84 1006.8            LYONS
1872 11 14 08 00  45.76    4.84 1010.5            LYONS
1872 11 15 08 00  45.76    4.84 1011.2            LYONS
1872 11 16 08 00  45.76    4.84 1006.4            LYONS
1872 11 17 08 00  45.76    4.84 1017.3            LYONS
1872 11 18 08 00  45.76    4.84 1015.9            LYONS
1872 11 19 08 00  45.76    4.84 1005.4            LYONS
1872 11 20 08 00  45.76    4.84 1013.2            LYONS
1872 11 21 08 00  45.76    4.84 1015.6            LYONS
1872 11 22 08 00  45.76    4.84 1013.2            LYONS
1872 11 23 08 00  45.76    4.84 1009.1            LYONS
1872 11 24 08 00  45.76    4.84 1005.4            LYONS
1872 11 25 08 00  45.76    4.84 1000.7            LYONS
1872 11 26 08 00  45.76    4.84 1014.8            LYONS
1872 11 27 08 00  45.76    4.84 1022.7            LYONS
1872 11 28 08 00  45.76    4.84 1015.9            LYONS
1872 11 29 08 00  45.76    4.84 1015.9            LYONS
1872 11 30 08 00  45.76    4.84 1002.0            LYONS
1872 11 01 08 00  43.12    5.93 1020.0           TOULON
1872 11 02 08 00  43.12    5.93 1018.6           TOULON
1872 11 03 08 00  43.12    5.93 1015.2           TOULON
1872 11 04 08 00  43.12    5.93 1021.7           TOULON
1872 11 05 08 00  43.12    5.93 1024.4           TOULON
1872 11 06 08 00  43.12    5.93 1021.7           TOULON
1872 11 07 08 00  43.12    5.93 1023.0           TOULON
1872 11 08 08 00  43.12    5.93 1024.0           TOULON
1872 11 09 08 00  43.12    5.93 1022.4           TOULON
1872 11 10 08 00  43.12    5.93 1012.9           TOULON
1872 11 11 08 00  43.12    5.93 1004.7           TOULON
1872 11 12 08 00  43.12    5.93 1000.3           TOULON
1872 11 13 08 00  43.12    5.93 1003.4           TOULON
1872 11 14 08 00  43.12    5.93 1008.1           TOULON
1872 11 15 08 00  43.12    5.93 1011.2           TOULON
1872 11 16 08 00  43.12    5.93 1009.2           TOULON
1872 11 17 08 00  43.12    5.93 1015.6           TOULON
1872 11 18 08 00  43.12    5.93 1016.3           TOULON
1872 11 19 08 00  43.12    5.93 1011.5           TOULON
1872 11 20 08 00  43.12    5.93 1015.9           TOULON
1872 11 21 08 00  43.12    5.93 1017.6           TOULON
1872 11 22 08 00  43.12    5.93 1019.0           TOULON
1872 11 23 08 00  43.12    5.93 1014.9           TOULON
1872 11 24 08 00  43.12    5.93 1009.1           TOULON
1872 11 25 08 00  43.12    5.93 1014.2           TOULON
1872 11 26 08 00  43.12    5.93 1022.0           TOULON
1872 11 27 08 00  43.12    5.93 1024.4           TOULON
1872 11 28 08 00  43.12    5.93 1022.7           TOULON
1872 11 29 08 00  43.12    5.93 1015.6           TOULON
1872 11 30 08 00  43.12    5.93 1007.8           TOULON
1872 11 01 08 00  33.31   44.36 1025.4          BAGHDAD
1872 11 02 08 00  33.31   44.36 1022.8          BAGHDAD
1872 11 03 08 00  33.31   44.36 1020.1          BAGHDAD
1872 11 04 08 00  33.31   44.36 1022.8          BAGHDAD
1872 11 05 08 00  33.31   44.36 1024.1          BAGHDAD
1872 11 06 08 00  33.31   44.36 1022.8          BAGHDAD
1872 11 07 08 00  33.31   44.36 1024.1          BAGHDAD
1872 11 08 08 00  33.31   44.36 1022.8          BAGHDAD
1872 11 09 08 00  33.31   44.36 1022.8          BAGHDAD
1872 11 10 08 00  33.31   44.36 1020.1          BAGHDAD
1872 11 11 08 00  33.31   44.36 1018.8          BAGHDAD
1872 11 12 08 00  33.31   44.36 1021.4          BAGHDAD
1872 11 13 08 00  33.31   44.36 1022.8          BAGHDAD
1872 11 14 08 00  33.31   44.36 1022.8          BAGHDAD
1872 11 15 08 00  33.31   44.36 1021.4          BAGHDAD
1872 11 16 08 00  33.31   44.36 1022.8          BAGHDAD
1872 11 17 08 00  33.31   44.36 1025.4          BAGHDAD
1872 11 18 08 00  33.31   44.36 1028.1          BAGHDAD
1872 11 19 08 00  33.31   44.36 1028.1          BAGHDAD
1872 11 20 08 00  33.31   44.36 1029.4          BAGHDAD
1872 11 21 08 00  33.31   44.36 1030.8          BAGHDAD
1872 11 22 08 00  33.31   44.36 1025.4          BAGHDAD
1872 11 23 08 00  33.31   44.36 1022.8          BAGHDAD
1872 11 24 08 00  33.31   44.36 1022.8          BAGHDAD
1872 11 25 08 00  33.31   44.36 1028.1          BAGHDAD
1872 11 26 08 00  33.31   44.36 1030.8          BAGHDAD
1872 11 27 08 00  33.31   44.36 1029.4          BAGHDAD
1872 11 28 08 00  33.31   44.36 1028.1          BAGHDAD
1872 11 29 08 00  33.31   44.36 1022.8          BAGHDAD
1872 11 30 08 00  33.31   44.36 1026.8          BAGHDAD
1872 11 29 08 00  33.31   44.36 1033.4          BAGHDAD
1872 11 30 08 00  33.31   44.36 1024.1          BAGHDAD
1872 11 01 08 00  37.93   40.21 1028.1       DIYARBAKIR
1872 11 02 08 00  37.93   40.21 1027.8       DIYARBAKIR
1872 11 03 08 00  37.93   40.21 1026.0       DIYARBAKIR
1872 11 04 08 00  37.93   40.21 1025.7       DIYARBAKIR
1872 11 05 08 00  37.93   40.21 1025.7       DIYARBAKIR
1872 11 06 08 00  37.93   40.21 1025.2       DIYARBAKIR
1872 11 07 08 00  37.93   40.21 1025.8       DIYARBAKIR
1872 11 08 08 00  37.93   40.21 1025.7       DIYARBAKIR
1872 11 09 08 00  37.93   40.21 1023.8       DIYARBAKIR
1872 11 10 08 00  37.93   40.21 1021.2       DIYARBAKIR
1872 11 11 08 00  37.93   40.21 1018.5       DIYARBAKIR
1872 11 12 08 00  37.93   40.21 1021.2       DIYARBAKIR
1872 11 13 08 00  37.93   40.21 1023.8       DIYARBAKIR
1872 11 14 08 00  37.93   40.21 1022.5       DIYARBAKIR
1872 11 15 08 00  37.93   40.21 1021.8       DIYARBAKIR
1872 11 16 08 00  37.93   40.21 1022.1       DIYARBAKIR
1872 11 17 08 00  37.93   40.21 1025.4       DIYARBAKIR
1872 11 18 08 00  37.93   40.21 1026.5       DIYARBAKIR
1872 11 19 08 00  37.93   40.21 1025.7       DIYARBAKIR
1872 11 20 08 00  37.93   40.21 1028.4       DIYARBAKIR
1872 11 21 08 00  37.93   40.21 1028.4       DIYARBAKIR
1872 11 22 08 00  37.93   40.21 1025.8       DIYARBAKIR
1872 11 23 08 00  37.93   40.21 1023.7       DIYARBAKIR
1872 11 24 08 00  37.93   40.21 1024.5       DIYARBAKIR
1872 11 25 08 00  37.93   40.21 1027.8       DIYARBAKIR
1872 11 26 08 00  37.93   40.21 1029.2       DIYARBAKIR
1872 11 27 08 00  37.93   40.21 1025.7       DIYARBAKIR
1872 11 28 08 00  37.93   40.21 1021.4       DIYARBAKIR
1872 11 29 08 00  37.93   40.21 1021.2       DIYARBAKIR
1872 11 30 08 00  37.93   40.21 1021.4       DIYARBAKIR
1872 11 29 08 00  37.93   40.21 1025.7       DIYARBAKIR
1872 11 30 08 00  37.93   40.21 1025.4       DIYARBAKIR
1872 11 01 08 00  55.20   -6.99  994.2      GREENCASTLE
1872 11 01 14 00  55.20   -6.99  997.0      GREENCASTLE
1872 11 02 08 00  55.20   -6.99  979.0      GREENCASTLE
1872 11 02 14 00  55.20   -6.99  984.8      GREENCASTLE
1872 11 03 08 00  55.20   -6.99 1008.5      GREENCASTLE
1872 11 03 14 00  55.20   -6.99  981.4      GREENCASTLE
1872 11 04 08 00  55.20   -6.99 1004.1      GREENCASTLE
1872 11 05 08 00  55.20   -6.99  999.3      GREENCASTLE
1872 11 05 14 00  55.20   -6.99  998.6      GREENCASTLE
1872 11 06 08 00  55.20   -6.99  992.2      GREENCASTLE
1872 11 06 14 00  55.20   -6.99 1003.0      GREENCASTLE
1872 11 07 08 00  55.20   -6.99 1011.9      GREENCASTLE
1872 11 07 14 00  55.20   -6.99  986.8      GREENCASTLE
1872 11 08 08 00  55.20   -6.99 1018.6      GREENCASTLE
1872 11 08 14 00  55.20   -6.99 1015.9      GREENCASTLE
1872 11 09 08 00  55.20   -6.99 1015.2      GREENCASTLE
1872 11 09 14 00  55.20   -6.99 1020.0      GREENCASTLE
1872 11 10 08 00  55.20   -6.99 1017.9      GREENCASTLE
1872 11 10 14 00  55.20   -6.99 1009.5      GREENCASTLE
1872 11 11 08 00  55.20   -6.99 1024.4      GREENCASTLE
1872 11 12 08 00  55.20   -6.99 1028.4      GREENCASTLE
1872 11 12 14 00  55.20   -6.99 1023.7      GREENCASTLE
1872 11 13 08 00  55.20   -6.99 1028.8      GREENCASTLE
1872 11 13 14 00  55.20   -6.99 1028.8      GREENCASTLE
1872 11 14 08 00  55.20   -6.99 1024.0      GREENCASTLE
1872 11 14 14 00  55.20   -6.99 1028.4      GREENCASTLE
1872 11 15 08 00  55.20   -6.99 1027.4      GREENCASTLE
1872 11 15 14 00  55.20   -6.99 1023.0      GREENCASTLE
1872 11 16 08 00  55.20   -6.99 1012.5      GREENCASTLE
1872 11 16 14 00  55.20   -6.99 1023.7      GREENCASTLE
1872 11 17 08 00  55.20   -6.99 1009.8      GREENCASTLE
1872 11 17 14 00  55.20   -6.99 1008.5      GREENCASTLE
1872 11 18 08 00  55.20   -6.99  994.2      GREENCASTLE
1872 11 19 08 00  55.20   -6.99  992.6      GREENCASTLE
1872 11 19 14 00  55.20   -6.99  993.2      GREENCASTLE
1872 11 20 08 00  55.20   -6.99  982.4      GREENCASTLE
1872 11 20 14 00  55.20   -6.99  986.8      GREENCASTLE
1872 11 21 08 00  55.20   -6.99  992.2      GREENCASTLE
1872 11 21 14 00  55.20   -6.99  985.1      GREENCASTLE
1872 11 22 08 00  55.20   -6.99  991.5      GREENCASTLE
1872 11 22 14 00  55.20   -6.99  993.6      GREENCASTLE
1872 11 23 08 00  55.20   -6.99  969.2      GREENCASTLE
1872 11 23 14 00  55.20   -6.99  987.8      GREENCASTLE
1872 11 24 08 00  55.20   -6.99  980.0      GREENCASTLE
1872 11 24 14 00  55.20   -6.99  963.4      GREENCASTLE
1872 11 25 08 00  55.20   -6.99  986.8      GREENCASTLE
1872 11 26 08 00  55.20   -6.99  969.5      GREENCASTLE
1872 11 26 14 00  55.20   -6.99  977.0      GREENCASTLE
1872 11 27 08 00  55.20   -6.99  995.9      GREENCASTLE
1872 11 27 14 00  55.20   -6.99  977.7      GREENCASTLE
1872 11 28 08 00  55.20   -6.99 1004.4      GREENCASTLE
1872 11 28 14 00  55.20   -6.99 1001.4      GREENCASTLE
1872 11 29 08 00  55.20   -6.99  993.2      GREENCASTLE
1872 11 29 14 00  55.20   -6.99 1003.0      GREENCASTLE
1872 11 30 08 00  55.20   -6.99  974.9      GREENCASTLE
1872 11 30 14 00  55.20   -6.99  986.8      GREENCASTLE
