1861 02 01 08 00  57.20   -2.20 1006.8         ABERDEEN
1861 02 02 08 00  57.20   -2.20 1028.4         ABERDEEN
1861 02 04 08 00  57.20   -2.20  990.2         ABERDEEN
1861 02 05 08 00  57.20   -2.20  993.9         ABERDEEN
1861 02 06 08 00  57.20   -2.20  902.6         ABERDEEN
1861 02 07 08 00  57.20   -2.20  979.3         ABERDEEN
1861 02 08 08 00  57.20   -2.20 1005.4         ABERDEEN
1861 02 09 08 00  57.20   -2.20 1020.0         ABERDEEN
1861 02 11 08 00  57.20   -2.20 1025.1         ABERDEEN
1861 02 12 08 00  57.20   -2.20 1007.5         ABERDEEN
1861 02 13 08 00  57.20   -2.20 1003.0         ABERDEEN
1861 02 14 08 00  57.20   -2.20 1012.2         ABERDEEN
1861 02 15 08 00  57.20   -2.20 1000.3         ABERDEEN
1861 02 16 08 00  57.20   -2.20  997.0         ABERDEEN
1861 02 18 08 00  57.20   -2.20 1005.4         ABERDEEN
1861 02 19 08 00  57.20   -2.20 1002.4         ABERDEEN
1861 02 20 08 00  57.20   -2.20  997.6         ABERDEEN
1861 02 21 08 00  57.20   -2.20  981.0         ABERDEEN
1861 02 22 08 00  57.20   -2.20  982.4         ABERDEEN
1861 02 23 08 00  57.20   -2.20  999.7         ABERDEEN
1861 02 25 08 00  57.20   -2.20 1026.4         ABERDEEN
1861 02 26 08 00  57.20   -2.20 1016.9         ABERDEEN
1861 02 27 08 00  57.20   -2.20 1006.4         ABERDEEN
1861 02 28 08 00  57.20   -2.20  998.6         ABERDEEN
1861 02 01 08 00  53.27   -9.06 1006.8           GALWAY
1861 02 02 08 00  53.27   -9.06 1038.6           GALWAY
1861 02 04 08 00  53.27   -9.06 1010.2           GALWAY
1861 02 05 08 00  53.27   -9.06  988.5           GALWAY
1861 02 06 08 00  53.27   -9.06  979.7           GALWAY
1861 02 07 08 00  53.27   -9.06  994.2           GALWAY
1861 02 08 08 00  53.27   -9.06 1007.1           GALWAY
1861 02 09 08 00  53.27   -9.06 1016.3           GALWAY
1861 02 11 08 00  53.27   -9.06 1023.7           GALWAY
1861 02 12 08 00  53.27   -9.06 1005.8           GALWAY
1861 02 13 08 00  53.27   -9.06 1004.7           GALWAY
1861 02 14 08 00  53.27   -9.06 1008.5           GALWAY
1861 02 15 08 00  53.27   -9.06  993.9           GALWAY
1861 02 16 08 00  53.27   -9.06  997.3           GALWAY
1861 02 18 08 00  53.27   -9.06  994.2           GALWAY
1861 02 19 08 00  53.27   -9.06  979.7           GALWAY
1861 02 20 08 00  53.27   -9.06  982.4           GALWAY
1861 02 21 08 00  53.27   -9.06  985.1           GALWAY
1861 02 22 08 00  53.27   -9.06  994.6           GALWAY
1861 02 23 08 00  53.27   -9.06 1006.4           GALWAY
1861 02 25 08 00  53.27   -9.06 1024.7           GALWAY
1861 02 26 08 00  53.27   -9.06 1022.4           GALWAY
1861 02 27 08 00  53.27   -9.06 1003.4           GALWAY
1861 02 28 08 00  53.27   -9.06 1007.8           GALWAY
1861 02 01 08 00  50.38   -4.14 1020.7         PLYMOUTH
1861 02 02 08 00  50.38   -4.14 1039.3         PLYMOUTH
1861 02 04 08 00  50.38   -4.14 1019.0         PLYMOUTH
1861 02 05 08 00  50.38   -4.14 1005.8         PLYMOUTH
1861 02 06 08 00  50.38   -4.14  991.9         PLYMOUTH
1861 02 07 08 00  50.38   -4.14  997.6         PLYMOUTH
1861 02 08 08 00  50.38   -4.14  994.2         PLYMOUTH
1861 02 09 08 00  50.38   -4.14  995.6         PLYMOUTH
1861 02 11 08 00  50.38   -4.14 1018.6         PLYMOUTH
1861 02 12 08 00  50.38   -4.14 1005.4         PLYMOUTH
1861 02 13 08 00  50.38   -4.14  995.9         PLYMOUTH
1861 02 14 08 00  50.38   -4.14 1012.9         PLYMOUTH
1861 02 15 08 00  50.38   -4.14 1000.3         PLYMOUTH
1861 02 16 08 00  50.38   -4.14 1004.1         PLYMOUTH
1861 02 18 08 00  50.38   -4.14  999.0         PLYMOUTH
1861 02 19 08 00  50.38   -4.14  999.3         PLYMOUTH
1861 02 20 08 00  50.38   -4.14  999.3         PLYMOUTH
1861 02 22 08 00  50.38   -4.14 1002.4         PLYMOUTH
1861 02 23 08 00  50.38   -4.14 1001.7         PLYMOUTH
1861 02 25 08 00  50.38   -4.14 1024.0         PLYMOUTH
1861 02 26 08 00  50.38   -4.14 1021.3         PLYMOUTH
1861 02 27 08 00  50.38   -4.14 1020.0         PLYMOUTH
1861 02 28 08 00  50.38   -4.14 1012.9         PLYMOUTH
1861 02 01 08 00  48.39   -4.49 1024.7            BREST
1861 02 02 08 00  48.39   -4.49 1039.6            BREST
1861 02 05 08 00  48.39   -4.49 1011.9            BREST
1861 02 07 08 00  48.39   -4.49 1002.0            BREST
1861 02 09 08 00  48.39   -4.49  993.9            BREST
1861 02 14 08 00  48.39   -4.49 1010.5            BREST
1861 02 15 08 00  48.39   -4.49 1003.0            BREST
1861 02 16 08 00  48.39   -4.49 1008.8            BREST
1861 02 18 08 00  48.39   -4.49 1002.4            BREST
1861 02 20 08 00  48.39   -4.49 1003.0            BREST
1861 02 21 08 00  48.39   -4.49 1001.7            BREST
1861 02 22 08 00  48.39   -4.49 1004.1            BREST
1861 02 23 08 00  48.39   -4.49 1001.7            BREST
1861 02 25 08 00  48.39   -4.49 1031.5            BREST
1861 02 26 08 00  48.39   -4.49 1022.0            BREST
1861 02 27 08 00  48.39   -4.49 1021.3            BREST
