 Morning Wet bulb readings-Corrected Values begin 1884

1883
 1 50.7 31.4 46.0 41.5 45.7 52.0 58.3 52.7 51.3 44.3 48.3 40.2
 2 39.1 33.7 45.3 45.0 41.5 53.0 57.1 56.3 54.3 48.6 45.0 39.7
 3 38.6 35.1 41.0 43.7 41.3 54.0 56.0 57.3 53.7 45.4 45.1 48.6
 4 42.6 36.4 34.6 49.1 40.9 49.4 56.0 55.9 50.3 44.9 45.0 36.9
 5 45.0 43.8 40.3 42.2 41.2 52.7 56.5 54.0 49.0 46.7 42.0 34.0
 6 38.4 42.9 34.8 43.9 43.1 51.1 54.7 55.5 52.2 46.0 40.0 33.0
 7 38.5 37.8 31.9 46.1 44.9 51.7 57.4 54.0 51.0 51.5 39.7 27.0
 8 36.7 43.7 34.2 47.0 36.7 55.1 56.1 57.2 51.9 54.0 37.9 35.8
 9 35.4 34.9 33.7 46.3 37.0 54.9 58.2 51.9 52.7 54.1 38.7 43.0
10 39.0 37.6 34.7 42.0 41.1 52.1 56.2 52.5 53.8 48.2 37.6 42.1
11 42.9 33.9 36.8 46.4 42.1 51.3 56.1 53.6 50.2 45.2 35.1 38.9
12 39.9 40.0 30.2 46.2 47.0 55.0 56.9 53.0 51.0 42.3 41.5 36.9
13 40.6 35.1 36.2 45.7 51.0 56.3 53.6 61.0 53.1 51.8 32.7 49.7
14 43.2 48.1 34.3 44.0 49.7 54.3 46.9 57.4 55.1 54.3 28.3 41.0
15 36.9 36.3 30.2 47.8 49.0 48.7 50.8 53.0 52.7 43.3 28.0 37.2
16 37.0 36.9 35.9 41.9 49.0 48.6 52.4 52.7 52.6 45.3 41.1 34.0
17 49.2 45.7 31.0 44.0 48.5 50.4 54.9 57.8 53.8 43.4 39.0 31.0
18 40.9 37.9 32.7 42.4 49.0 49.5 52.7 54.9 56.9 41.5 41.0 40.3
19 41.6 31.8 33.4 44.2 49.9 49.4 51.7 54.7 56.8 44.9 34.6 40.0
20 35.4 46.3 34.9 45.4 51.0 50.9 50.0 54.2 56.0 41.2 35.8 46.9
21 44.1 48.7 34.0 46.4 56.0 50.2 50.9 54.9 54.0 43.9 36.1 42.5
22 43.6 40.9 30.5 39.0 52.3 51.9 49.3 55.3 52.8 40.0 36.1 46.3
23 42.4 41.0 30.1 39.6 50.9 52.9 52.0 55.0 52.0 43.7 35.9 34.1
24 47.3 46.0 35.6 39.7 50.4 54.4 51.0 57.1 59.1 44.1 39.1 48.9
25 34.0 45.2 37.8 40.2 55.9 54.5 51.9 57.4 55.0 47.3 42.0 43.6
26 32.1 39.6 33.2 41.0 47.9 53.0 53.1 58.4 50.0 41.7 37.7 42.0
27 36.4 46.0 33.9 44.3 47.9 51.9 53.6 57.6 52.0 46.0 37.0 42.9
28 38.0 41.4 34.2 48.4 55.9 54.6 55.2 54.0 51.3 51.3 53.0 48.3
29 38.0 -999 42.0 46.7 49.7 58.3 54.9 53.9 49.7 53.1 47.2 46.3
30 34.4 -999 39.8 44.7 47.7 58.7 55.7 56.2 46.0 51.0 44.3 33.7
31 25.8 -999 38.1 -999 52.0 -999 51.8 53.5 -999 48.9 -999 38.0
 
Corrected Values from here 
1884
 1 35.8 40.5 38.5 40.5 46.1 50.5 56.6 59.6 52.5 45.5 50.0 33.7 
 2 34.3 28.5 39.2 43.5 43.2 45.6 59.2 55.0 50.6 50.8 42.2 42.7
 3 40.4 42.6 42.6 44.2 41.4 50.1 57.3 52.5 50.3 46.3 40.2 42.6
 4 46.0 46.7 35.5 45.6 43.5 50.3 60.3 52.5 51.6 46.2 47.0 39.5
 5 46.7 45.0 38.3 43.5 44.5 50.5 60.0 52.8 50.8 48.4 46.8 36.4
 6 43.9 41.7 42.2 45.4 43.0 47.6 59.0 59.2 48.4 44.9 39.5 42.5
 7 39.5 36.5 44.5 47.5 41.0 49.0 62.2 60.6 50.5 46.5 44.4 43.9
 8 46.7 41.2 36.0 41.5 48.4 48.6 55.5 59.6 52.3 42.4 43.4 37.0
 9 49.4 45.9 37.3 44.5 53.3 45.5 55.5 56.5 61.5 45.7 45.5 33.2
10 45.2 33.4 32.8 44.5 53.5 52.2 57.3 61.5 60.2 37.2 41.4 43.5
11 35.5 33.8 34.5 41.9 52.7 52.5 56.0 60.5 56.8 38.7 50.5 42.0
12 37.2 46.2 40.0 41.7 51.5 53.4 55.0 64.4 55.5 40.6 51.2 42.8
13 42.0 46.6 47.3 42.4 47.7 60.7 59.4 57.4 55.2 41.5 37.5 47.8
14 46.6 37.4 47.2 42.5 47.8 48.5 56.5 55.5 57.1 45.3 30.3 41.4
15 44.5 40.7 47.5 43.6 52.0 47.5 56.5 56.7 53.3 52.3 37.0 33.7
16 40.2 34.5 48.4 44.5 52.5 50.3 52.5 60.3 57.5 54.3 33.4 35.6
17 43.5 37.4 47.5 40.2 51.7 54.0 54.2 60.3 59.5 51.5 33.4 31.2
18 44.3 42.2 47.5 41.6 44.2 53.6 51.2 61.8 53.5 51.5 31.7 41.0
19 47.0 43.6 44.6 41.9 44.6 54.3 49.2 55.4 55.5 47.0 31.6 37.4
20 41.4 41.3 39.0 42.3 44.0 54.5 52.8 55.9 56.7 45.7 39.6 37.0
21 40.2 35.0 39.8 41.1 47.9 53.3 57.5 52.8 57.0 48.2 37.0 36.0
22 50.0 35.4 43.5 40.7 56.0 56.6 55.3 58.6 51.2 49.0 32.0 24.5
23 46.8 38.2 39.5 42.3 51.5 50.0 55.2 60.2 48.8 49.9 38.3 33.0
24 33.5 36.8 42.5 44.5 56.0 56.0 52.5 58.4 50.7 44.5 33.6 32.2
25 35.1 39.0 44.7 42.3 51.2 51.5 50.5 51.2 50.8 44.9 36.2 34.6
26 33.9 32.6 36.7 41.7 47.2 58.5 48.0 50.8 49.0 40.3 39.3 32.8
27 30.7 40.0 38.2 42.5 53.5 61.0 54.5 52.7 51.1 38.8 43.3 38.2
28 33.9 37.2 37.4 40.0 52.4 61.5 53.7 50.6 52.5 41.8 35.7 35.5
29 45.8 35.0 36.7 43.5 48.8 57.5 58.4 49.5 46.8 36.7 32.5 34.8
30 37.2 -999 38.0 42.3 47.5 58.4 59.5 52.7 49.5 46.5 33.5 37.6
31 40.7 -999 34.4 -999 50.2 -999 55.6 51.5 -999 52.2 -999 41.5
 
1885
 1 43.4 36.9 34.8 40.9 44.0 49.0 53.2 59.9 52.1 47.8 44.3 40.8
 2 37.1 38.0 40.0 39.7 45.6 56.9 53.2 54.1 50.4 48.7 49.3 42.8
 3 36.3 37.6 42.0 44.5 44.8 55.9 54.6 53.2 54.2 45.0 54.9 36.4
 4 40.8 36.8 40.7 45.5 40.8 55.9 56.9 48.6 55.7 45.8 39.8 36.0
 5 37.3 32.0 37.8 42.3 41.0 49.8 57.0 52.3 54.4 41.0 37.3 32.2
 6 35.7 44.7 35.9 43.0 39.0 49.7 58.7 55.7 52.6 40.9 48.5 30.9
 7 34.5 39.1 34.9 44.0 40.0 49.0 58.4 55.9 55.9 48.0 49.7 29.6
 8 34.9 45.3 42.4 41.6 41.0 49.0 49.9 53.7 47.4 43.8 48.2 29.9
 9 33.8 38.1 32.2 44.2 42.5 48.6 51.6 59.8 50.9 47.8 43.2 31.7
10 44.5 38.2 31.6 44.8 39.9 46.8 54.8 53.9 50.9 43.5 42.7 31.1
11 36.9 42.8 33.9 39.8 41.8 54.6 58.1 53.8 51.7 42.3 43.6 30.4
12 30.6 48.0 33.6 42.0 42.0 54.1 50.0 50.3 48.9 39.8 42.0 38.7
13 24.9 46.1 31.2 42.5 45.3 53.8 50.2 48.9 50.7 41.7 42.9 43.6
14 26.7 37.8 32.0 42.1 43.8 51.5 51.0 49.9 50.8 43.0 40.8 46.5
15 29.0 30.0 39.8 45.0 46.2 50.0 55.9 51.6 52.1 48.0 30.9 44.1
16 34.0 30.6 39.0 43.9 45.9 48.9 51.6 59.1 51.9 47.0 36.8 48.2
17 35.3 31.6 44.8 49.3 45.4 52.0 50.4 57.9 54.2 49.7 34.4 48.0
18 35.8 33.0 39.0 51.6 41.8 50.7 57.8 56.0 51.6 47.7 36.0 44.6
19 28.5 30.8 39.0 50.9 44.8 53.0 50.2 53.3 52.8 44.4 38.0 41.7
20 34.8 31.8 47.0 51.7 40.7 50.7 55.8 56.1 49.4 40.8 42.0 44.0
21 33.0 35.0 38.2 53.9 43.8 49.3 54.3 56.1 48.9 42.0 42.9 42.8
22 36.4 42.3 39.8 46.4 44.8 50.4 61.6 58.4 50.9 40.6 38.1 36.9
23 38.1 46.2 38.0 48.9 40.8 46.5 62.0 54.9 48.9 39.8 40.8 32.5
24 39.8 49.9 42.2 44.5 47.2 50.0 66.0 56.7 47.1 38.2 40.7 39.0
25 41.6 41.3 38.0 51.0 49.4 48.1 61.9 55.6 44.6 35.8 41.9 42.5
26 46.7 50.7 47.4 51.7 51.7 52.9 60.9 52.9 45.0 43.5 45.7 40.5
27 43.5 46.6 39.0 49.3 54.8 53.0 57.1 49.3 44.6 39.8 39.6 39.7
28 45.8 38.8 40.0 46.8 52.2 59.0 58.4 49.9 47.6 40.8 42.3 44.5
29 49.3 -999 37.5 49.2 50.0 50.0 57.1 47.9 48.0 44.0 46.2 32.6
30 42.1 -999 38.8 49.3 47.7 47.9 61.0 48.4 49.4 44.5 39.8 34.9
31 42.6 -999 37.8 -999 48.7 -999 58.9 50.7 -999 41.2 -999 48.3
   
1886
 1 49.0 32.9 30.2 39.1 44.8 45.2 65.8 51.2 53.9 48.2 44.2 34.6 
 2 41.8 34.9 30.8 42.8 45.4 47.5 64.7 50.8 53.1 49.8 42.0 26.2
 3 49.5 35.9 35.9 36.3 51.7 46.8 62.8 50.1 55.1 54.2 31.4 24.4
 4 36.6 31.7 31.9 43.8 48.6 51.1 59.0 52.8 58.0 57.0 40.7 40.1
 5 35.0 34.0 35.0 43.8 50.9 53.9 57.6 56.4 55.4 59.1 40.6 48.9
 6 29.9 32.7 34.9 36.0 50.0 52.7 59.4 57.9 55.8 53.9 40.7 43.6
 7 30.0 39.8 32.9 36.8 49.9 54.3 54.8 60.6 51.7 51.7 40.2 35.6
 8 30.6 47.8 36.9 39.5 48.8 55.9 51.2 55.8 53.8 50.4 42.8 36.0
 9 34.3 44.0 33.2 38.0 52.2 54.7 48.8 54.6 54.7 51.6 43.0 34.8
10 38.9 44.8 34.7 35.0 51.0 53.9 50.2 54.6 49.1 44.7 40.9 34.0
11 36.7 40.1 31.1 38.3 42.8 52.9 63.6 51.0 55.9 44.7 42.0 41.3
12 39.0 41.8 31.1 42.8 36.7 51.9 54.0 51.3 56.4 49.0 43.7 39.6
13 34.6 45.6 36.0 44.2 38.6 53.6 53.2 59.9 52.7 46.5 43.0 29.9
14 34.8 35.2 33.0 45.8 43.1 54.9 51.1 50.4 53.2 47.9 47.4 35.4
15 38.8 30.1 32.9 44.5 43.8 50.3 50.4 57.3 50.0 53.8 51.0 38.0
16 33.1 32.0 33.0 43.8 47.9 53.0 50.0 53.9 48.3 49.9 37.7 32.0
17 32.7 33.9 35.1 38.7 46.4 51.8 54.0 54.8 51.3 43.8 40.7 30.0
18 27.8 34.9 33.2 39.2 46.0 52.0 62.0 58.7 53.0 46.8 42.8 31.6
19 32.0 33.6 45.5 41.8 46.6 56.9 54.8 56.2 53.4 46.6 50.4 29.1
20 30.3 39.8 50.8 44.5 44.8 54.0 56.4 60.0 48.6 47.2 50.2 47.8
21 34.4 39.0 52.8 45.7 49.5 53.7 58.2 54.0 48.0 46.2 38.1 36.2
22 34.0 39.8 45.8 41.3 50.5 53.1 55.3 52.8 45.7 42.9 47.1 36.7
23 28.5 35.9 54.9 42.8 49.1 50.0 55.2 58.3 46.1 45.7 50.4 34.6
24 32.7 32.2 51.7 47.8 49.6 52.6 54.0 56.5 48.8 46.9 47.4 35.9
25 28.5 32.9 50.7 46.8 51.2 50.6 55.8 56.3 45.8 45.8 46.8 32.8
26 35.3 32.6 49.0 51.1 42.1 49.9 52.3 58.0 52.8 44.1 41.0 32.1
27 34.9 34.8 42.8 51.0 43.5 49.9 49.0 55.0 53.1 44.1 43.6 32.2
28 35.4 32.3 41.5 42.5 45.5 57.8 48.8 61.1 49.0 49.6 44.1 34.1
29 41.9 -999 43.7 43.6 50.5 60.6 54.2 58.8 58.9 52.7 40.7 39.2
30 35.4 -999 40.7 41.8 49.8 58.0 55.7 60.8 59.8 52.0 38.6 32.8
31 32.3 -999 37.0 -999 47.8 -999 55.2 57.7 -999 47.9 -999 35.0

1887
 1 38.7 33.0 42.3 39.8 42.0 47.6 61.6 54.9 54.2 49.1 43.7 46.0
 2 38.8 39.9 44.7 45.3 43.5 47.0 63.3 55.0 53.6 49.9 43.7 45.7
 3 38.6 48.3 42.8 45.1 44.8 53.0 62.6 57.7 53.2 50.2 39.1 46.5
 4 27.6 40.8 38.6 43.7 43.2 52.6 60.0 56.8 53.7 49.8 43.9 36.0
 5 32.8 41.2 31.5 39.4 47.6 56.0 53.8 59.0 51.6 47.2 43.0 39.8
 6 20.0 33.0 40.7 36.0 47.8 55.6 51.9 58.8 51.9 45.5 45.8 37.4
 7 22.7 42.8 38.0 35.0 50.8 54.8 62.8 56.1 49.9 49.3 44.1 33.5
 8 28.5 36.0 36.9 37.8 50.0 53.3 60.0 63.0 50.0 41.8 45.0 38.5
 9 29.2 30.0 39.0 39.0 49.0 52.2 57.1 59.0 58.8 42.9 45.1 40.0
10 16.1 26.7 40.7 40.2 46.8 54.7 57.0 52.0 49.4 44.0 40.0 33.7
11 42.5 30.0 38.6 45.5 50.8 56.0 58.6 52.7 53.9 39.0 41.5 31.4
12 32.6 31.0 32.6 46.7 51.8 61.3 50.9 51.9 48.8 38.0 38.8 27.0
13 37.3 36.0 34.0 40.8 45.4 57.1 59.2 50.3 50.7 43.0 37.6 46.0
14 32.9 38.0 33.1 38.0 48.9 56.8 57.1 50.6 48.8 45.6 36.9 35.7
15 28.9 36.1 32.6 47.5 51.9 57.9 56.6 53.6 49.8 40.6 32.0 39.6
16 32.4 32.0 34.1 47.3 50.1 63.2 55.2 55.9 53.0 44.8 33.6 41.8
17 36.7 41.5 35.8 43.6 54.0 62.8 58.4 53.0 51.9 45.6 36.6 36.8
18 34.9 43.7 41.0 44.2 49.9 65.0 54.8 54.8 52.8 42.8 37.6 33.8
19 50.0 41.8 36.0 44.6 51.0 65.9 61.8 52.4 51.1 46.0 36.4 35.0
20 35.6 43.0 35.1 46.8 43.6 55.0 59.9 54.7 53.0 44.5 36.2 34.8
21 41.5 37.6 32.0 48.6 42.8 56.2 59.2 51.5 48.2 43.7 40.3 29.7
22 43.4 46.0 38.1 46.7 47.0 58.8 58.9 57.3 51.8 43.0 41.5 31.6
23 40.8 47.2 38.8 43.6 48.3 62.0 56.0 59.0 48.9 47.9 32.0 37.4
24 41.7 48.9 38.8 41.5 54.8 60.9 57.0 55.2 48.7 34.6 33.6 41.4
25 50.0 39.0 42.8 40.8 56.0 62.2 52.0 58.0 51.8 36.4 39.8 39.3
26 49.0 41.2 40.4 35.4 50.8 62.7 53.0 59.9 52.0 42.0 49.0 31.0
27 48.0 43.7 44.0 37.5 53.6 58.4 58.8 58.0 42.3 53.6 39.6 31.0
28 44.5 39.0 44.8 41.6 54.7 58.3 57.0 59.0 45.5 45.3 36.3 37.0
29 45.2 -999 42.8 43.5 48.4 55.6 57.9 56.9 47.9 41.6 31.6 34.0
30 42.7 -999 43.8 43.2 45.7 58.8 53.9 55.6 51.1 40.6 36.9 32.3
31 35.0 -999 42.1 -999 49.0 -999 55.0 55.8 -999 42.7 -999 31.9
  
1888 
 1 33.1 34.2 33.8 36.4 46.7 46.6 52.5 50.9 54.9 41.5 43.0 41.5
 2 32.6 33.9 33.0 44.2 45.5 47.0 54.6 52.9 54.7 41.0 42.7 49.0
 3 39.1 45.6 32.2 35.7 45.3 53.7 55.3 53.6 52.4 44.0 46.6 54.8
 4 49.7 45.0 37.0 39.8 44.8 49.1 54.6 56.4 51.1 42.8 46.7 45.8
 5 39.5 46.1 36.9 38.0 46.0 47.1 53.6 51.9 53.3 40.0 45.5 53.6
 6 44.4 44.5 42.4 37.7 54.0 44.6 51.2 53.7 50.2 42.7 38.7 49.6
 7 44.0 42.0 43.6 38.0 53.2 52.6 52.9 58.2 51.9 45.5 38.8 52.5
 8 48.7 43.4 49.0 35.7 46.0 52.9 52.8 57.4 48.6 49.1 42.0 37.0
 9 48.2 40.6 49.7 38.9 41.8 52.0 56.4 58.6 46.8 48.5 45.6 35.8
10 46.8 37.4 42.5 45.9 43.0 48.8 48.2 55.9 48.7 49.1 46.6 28.0
11 41.1 31.6 40.0 43.5 46.1 50.2 47.7 59.2 53.2 46.2 46.4 44.5
12 38.8 29.8 32.0 43.0 44.5 52.9 51.8 54.4 52.0 50.7 46.2 38.7
13 40.2 28.9 32.0 45.0 48.4 48.9 57.4 52.6 52.9 42.5 47.1 43.8
14 37.1 35.0 33.5 48.6 41.5 54.0 56.9 54.9 55.0 42.6 48.7 45.6
15 37.1 33.2 34.9 45.0 43.1 57.7 55.1 55.7 58.5 45.9 50.1 34.0
16 36.6 28.9 32.2 44.0 43.7 52.2 52.6 52.9 51.3 45.0 47.4 39.7
17 34.7 38.0 30.0 48.0 48.8 57.6 52.3 51.2 52.0 45.8 42.9 38.0
18 33.7 40.2 33.4 45.6 50.0 53.8 55.0 52.1 51.2 50.9 49.4 37.8
19 32.2 34.0 31.1 46.0 57.0 51.9 60.8 54.8 48.8 51.0 50.7 49.7
20 43.6 34.9 32.0 42.0 50.0 50.0 56.6 57.9 53.1 46.8 35.2 38.7
21 48.1 35.1 30.0 37.5 52.8 53.6 56.1 58.2 46.7 45.5 42.9 44.6
22 41.3 32.1 48.0 39.0 52.9 56.8 57.5 58.1 47.7 49.9 49.0 45.7
23 42.0 33.7 34.8 35.0 55.0 59.2 56.2 60.2 49.0 40.4 47.7 42.8
24 47.1 32.0 34.4 36.2 51.9 56.0 56.7 56.9 49.8 45.9 53.0 39.8
25 47.8 33.0 32.2 36.0 54.5 63.6 57.8 57.1 48.5 54.6 46.6 40.0
26 38.0 33.7 30.0 42.6 53.0 61.9 53.7 57.6 48.0 56.6 37.1 33.0
27 39.8 34.3 33.2 48.0 47.8 57.8 54.1 54.9 50.2 60.0 36.2 42.0
28 27.6 35.0 32.7 46.6 45.6 56.9 52.7 52.7 56.1 57.8 30.0 34.9
29 28.6 33.9 37.8 44.3 46.7 54.6 52.2 52.5 50.9 48.1 39.8 30.9
30 32.4 -999 39.8 42.6 51.7 51.9 48.9 51.1 44.3 48.0 41.5 28.2
31 37.7 -999 37.0 -999 48.8 -999 53.8 52.2 -999 47.1 -999 35.7
 
1889
 1 30.9 50.6 29.6 43.8 47.0 50.8 56.8 56.9 58.0 47.2 42.0 45.7
 2 26.2 32.7 29.0 40.9 46.1 53.3 57.9 56.6 55.6 48.9 41.8 41.8
 3 35.2 35.2 33.4 45.3 47.7 52.0 56.2 59.1 59.9 49.6 49.7 39.3
 4 37.4 36.9 33.3 38.0 49.2 51.7 58.7 55.1 57.7 48.7 40.0 30.6
 5 34.9 40.0 38.0 40.8 53.0 54.8 58.1 53.2 58.6 50.1 44.6 35.9
 6 38.8 43.3 39.0 37.8 56.7 55.9 64.3 54.8 57.6 50.2 44.1 33.7
 7 37.3 35.6 35.7 39.8 52.2 50.4 48.7 56.6 58.2 47.6 53.0 34.7
 8 45.2 35.8 36.9 38.8 49.1 48.2 50.3 55.4 55.4 42.8 48.6 39.2
 9 36.8 29.2 37.3 38.5 48.8 49.9 47.9 56.0 57.1 46.6 48.9 50.2
10 36.9 23.9 37.8 39.8 48.7 50.6 56.7 53.8 59.3 46.5 47.8 38.5
11 38.0 22.9 37.3 40.8 47.6 51.3 56.4 56.8 60.9 42.2 45.1 31.9
12 37.6 26.5 44.7 40.1 47.0 54.7 59.2 54.3 58.6 43.8 49.2 32.0
13 34.2 39.0 44.8 40.0 49.7 53.9 56.7 54.6 55.0 48.8 45.1 36.0
14 36.7 39.8 48.3 38.1 55.6 52.7 54.2 57.9 56.1 38.8 44.8 36.0
15 43.7 35.4 46.7 41.5 47.2 53.8 51.1 57.9 54.0 51.8 48.0 39.8
16 43.5 45.2 44.1 43.3 50.8 52.7 54.1 56.2 53.8 47.8 40.7 43.6
17 57.8 47.2 44.3 47.7 51.9 60.0 53.9 53.1 52.7 48.7 34.9 51.2
18 51.7 47.8 40.7 42.8 53.8 60.6 49.1 56.1 50.0 48.9 50.7 47.9
19 40.6 39.1 40.7 47.3 54.9 59.0 50.4 55.3 51.2 48.1 48.7 42.0
20 45.0 43.8 39.1 45.4 58.9 53.8 53.1 52.3 47.0 45.9 46.0 33.7
21 45.8 41.7 32.9 42.8 58.8 61.0 55.8 50.2 45.9 47.1 47.8 37.5
22 36.6 40.0 41.1 43.8 55.9 59.6 52.6 51.7 50.1 46.7 51.7 45.5
23 42.0 36.3 44.5 38.6 53.8 57.6 52.2 52.0 43.9 46.5 40.5 43.3
24 43.0 36.0 49.8 43.8 47.6 60.9 51.7 51.9 46.7 39.9 42.4 39.8
25 43.8 31.2 43.3 42.6 50.4 58.7 52.5 51.7 47.6 38.9 36.0 41.0
26 44.1 35.2 40.4 44.2 50.5 57.8 53.6 50.9 54.9 43.8 34.2 44.8
27 31.5 33.0 38.6 40.6 51.9 63.9 53.1 53.7 57.0 41.8 30.8 42.6
28 43.8 32.0 47.2 44.8 54.9 54.0 52.8 55.9 48.9 38.8 30.3 34.0
29 39.3 -999 48.0 40.0 49.1 52.2 59.1 57.9 47.7 40.3 35.7 42.5
30 46.3 -999 46.0 43.8 48.8 53.2 60.2 56.0 50.7 51.8 44.8 42.9
31 49.6 -999 44.1 -999 50.6 -999 60.8 53.0 -999 43.1 -999 46.3
 
1890
 1 37.0 44.8 34.6 44.1 49.7 49.1 52.0 55.7 52.0 46.1 45.1 50.4
 2 37.5 35.6 32.0 44.7 50.8 52.1 54.7 55.2 58.9 47.0 45.1 48.7
 3 42.5 42.8 30.7 43.3 46.1 52.9 51.6 55.7 59.6 54.4 39.7 36.0
 4 37.0 42.0 37.8 44.9 50.9 52.6 54.8 59.2 60.0 55.6 43.6 35.1
 5 41.0 32.9 40.5 45.6 50.2 57.2 49.8 58.2 58.6 56.0 42.8 40.6
 6 43.0 34.9 45.6 45.8 50.9 48.7 49.4 55.2 55.6 51.3 41.0 36.9
 7 45.8 35.9 45.1 44.1 48.0 49.3 48.9 56.9 58.6 50.0 41.6 36.0
 8 46.8 34.0 41.0 42.8 51.3 48.7 51.1 59.1 60.9 47.6 46.6 34.2
 9 41.9 35.9 34.9 40.8 51.9 53.4 51.0 55.1 61.0 48.9 34.9 34.0
10 40.8 34.8 49.7 41.8 48.0 54.7 49.5 58.9 54.9 54.1 40.6 27.1
11 50.2 41.4 50.9 40.0 55.4 54.0 49.6 57.1 56.6 53.9 40.6 43.3
12 41.8 37.0 49.6 39.1 52.0 51.2 48.6 58.5 53.0 48.8 40.3 41.3
13 40.1 35.0 45.1 37.5 45.7 57.0 58.6 55.7 57.6 49.3 40.7 34.0
14 48.0 37.0 38.6 43.8 44.8 51.9 53.0 54.4 56.2 52.0 46.6 36.4
15 38.5 45.0 44.3 41.3 45.0 58.0 53.4 50.9 56.0 44.8 40.5 40.2
16 50.8 33.6 37.7 43.1 48.7 54.5 54.4 52.4 56.3 41.8 46.0 33.0
17 43.5 39.5 39.0 43.7 48.0 52.2 55.0 55.9 53.1 45.0 46.0 33.6
18 36.9 41.8 37.7 38.7 48.0 59.6 51.9 52.8 54.2 47.7 49.0 33.1
19 37.0 39.8 40.5 39.8 50.8 53.0 54.6 52.9 54.5 49.0 54.9 32.9
20 33.0 41.5 44.7 38.5 52.1 51.9 54.7 55.3 55.1 53.9 54.0 25.8
21 34.6 38.8 40.5 49.0 51.4 53.4 60.0 56.8 54.9 49.9 44.8 17.7
22 32.2 41.3 38.5 44.7 57.1 56.6 57.3 53.6 53.1 49.7 44.0 38.5
23 34.2 45.0 41.6 45.8 55.9 58.2 60.6 51.6 54.0 48.9 53.8 41.6
24 35.9 41.5 41.2 44.0 57.0 55.4 53.6 51.9 55.9 52.8 37.6 32.4
25 45.6 38.4 42.5 44.8 55.9 55.0 54.0 52.2 52.2 46.4 36.0 35.7
26 36.9 38.7 44.8 46.1 46.8 54.2 59.2 51.3 60.0 40.4 32.8 30.5
27 35.8 32.9 47.0 45.8 49.6 54.0 56.0 47.7 59.0 36.2 25.9 33.9
28 34.8 31.4 46.8 47.0 50.1 53.1 52.1 52.6 57.9 42.7 27.6 33.8
29 32.1 -999 45.3 46.6 48.1 50.6 53.5 50.9 52.4 52.7 29.0 32.0
30 43.7 -999 45.0 47.0 46.7 53.9 58.0 52.1 58.0 45.6 41.7 32.2
31 48.3 -999 39.8 -999 46.5 -999 57.8 51.2 -999 50.5 -999 32.3
  
1891
 1 38.6 35.4 49.5 36.0 49.8 52.7 55.4 56.9 52.9 48.8 43.7 45.8
 2 40.9 45.8 41.6 39.7 41.8 52.0 52.9 55.5 51.9 48.7 47.0 38.5
 3 38.0 49.0 38.3 37.2 41.5 54.1 53.7 53.4 52.8 53.9 43.7 50.9
 4 37.6 46.3 46.2 42.3 46.3 47.8 54.2 54.3 53.5 52.9 42.3 46.3
 5 27.0 41.0 47.0 43.3 45.2 48.2 53.0 56.6 52.6 52.9 42.2 47.9
 6 26.9 45.8 41.8 40.8 49.8 47.2 52.9 53.2 50.6 47.9 40.7 40.5
 7 28.8 41.7 35.0 36.5 49.7 49.7 50.9 56.6 52.6 49.0 44.8 38.8
 8 34.2 39.0 29.6 39.3 44.0 47.9 50.2 59.0 59.9 48.6 41.8 41.2
 9 32.5 33.0 30.9 39.5 49.9 51.9 51.0 57.8 58.3 49.0 40.0 40.4
10 30.0 39.4 32.1 42.8 50.4 49.1 50.1 56.8 61.5 49.5 35.9 40.3
11 39.0 45.9 34.7 43.0 52.0 51.2 52.3 56.0 61.9 53.8 39.7 34.8
12 39.4 36.1 33.0 40.6 57.0 52.1 54.6 54.9 61.5 45.9 40.0 33.9
13 36.6 39.8 31.5 38.8 51.9 54.6 55.4 54.9 64.9 45.5 43.8 41.8
14 37.3 43.9 35.0 42.7 47.9 51.7 57.6 59.9 52.0 43.7 35.9 37.8
15 36.4 39.0 37.0 44.8 45.0 53.0 56.9 55.7 51.9 44.4 39.0 45.6
16 39.8 41.8 36.9 48.8 38.8 53.2 58.9 56.0 55.4 46.0 37.8 44.1
17 34.9 41.7 37.0 43.0 39.8 59.9 62.2 56.7 57.2 43.6 39.0 43.1
18 26.9 39.6 40.4 43.6 44.0 56.2 57.0 56.6 55.5 43.8 46.5 43.8
19 32.6 31.7 38.6 41.4 43.5 61.0 57.6 54.6 53.8 43.3 44.4 38.5
20 44.3 29.8 39.0 41.0 45.6 64.1 57.4 55.9 53.0 46.5 43.2 36.4
21 30.9 41.6 39.8 38.6 46.2 63.0 57.2 56.0 50.1 46.0 40.1 29.0
22 32.4 48.0 40.0 39.8 45.5 60.2 56.0 55.9 49.3 45.6 36.7 33.2
23 46.7 44.6 39.7 41.5 43.7 62.7 54.9 52.8 52.8 38.8 39.1 36.8
24 39.1 50.8 40.8 38.8 45.4 60.6 56.0 52.7 55.1 38.8 32.9 33.5
25 36.5 43.8 41.0 39.5 46.5 58.3 54.8 54.9 51.5 33.9 37.3 34.6
26 44.3 42.0 35.0 40.3 45.0 57.4 58.1 53.8 51.0 45.3 32.7 47.9
27 39.0 42.6 35.6 42.5 48.7 55.9 52.0 55.4 50.6 44.8 37.0 34.9
28 46.0 39.3 36.6 41.5 47.0 57.0 49.0 52.9 57.7 44.7 46.8 34.1
29 42.9 -999 41.2 42.0 45.6 58.2 52.2 51.6 52.1 35.9 35.6 39.8
30 39.5 -999 37.3 48.0 49.0 57.6 54.1 51.8 52.1 37.0 42.6 40.8
31 37.8 -999 36.8 -999 49.1 -999 50.9 55.8 -999 43.6 -999 36.9
  
1892 
 1 36.7 38.0 35.1 45.8 46.5 52.3 52.9 59.0 54.0 45.3 36.9 39.6
 2 38.3 32.9 33.0 44.6 46.6 53.0 58.8 58.7 50.5 45.2 48.5 27.5
 3 32.9 35.2 32.6 49.0 40.0 47.6 57.3 56.9 44.6 47.4 46.5 30.3
 4 30.0 37.0 32.0 45.3 40.8 51.0 52.1 53.5 48.0 50.1 49.6 29.9
 5 41.8 37.3 32.4 50.9 44.8 54.4 52.0 55.6 51.7 45.8 47.0 30.4
 6 31.4 40.8 30.0 50.0 43.8 54.1 52.9 52.3 54.6 47.4 44.5 34.7
 7 26.8 49.0 33.1 48.8 44.7 58.7 52.2 50.5 46.6 45.0 39.8 27.5
 8 28.7 42.8 35.9 48.7 45.0 63.9 52.7 52.6 50.9 43.7 47.4 33.0
 9 27.4 47.6 27.9 43.9 47.2 61.0 52.9 50.9 54.0 42.0 50.7 34.7
10 31.9 44.5 33.0 46.5 53.0 63.4 53.0 53.7 52.9 43.8 40.8 36.6
11 24.8 44.7 31.4 48.2 49.3 49.9 55.9 56.8 53.1 39.9 49.0 40.6
12 34.1 44.0 31.4 43.8 53.9 48.7 50.0 55.5 57.6 43.6 47.6 35.7
13 31.4 42.6 32.4 34.8 55.9 44.8 48.8 58.6 51.0 44.0 42.0 32.9
14 31.9 42.4 36.0 35.9 48.0 50.0 53.9 56.1 50.7 46.6 52.0 49.5
15 33.6 34.8 36.0 35.4 47.9 49.7 55.8 55.1 52.7 46.0 43.6 43.8
16 36.1 32.9 39.5 35.0 46.5 48.7 52.6 55.1 47.7 42.8 39.8 45.5
17 36.5 34.0 48.1 37.8 47.1 46.5 51.9 56.1 46.5 38.0 42.6 47.6
18 37.8 31.4 46.0 36.6 52.6 49.0 50.1 53.2 53.6 36.8 48.7 48.1
19 32.8 26.4 45.3 38.5 48.5 49.4 52.9 54.2 54.1 42.5 41.3 46.6
20 33.7 31.1 39.8 45.8 49.7 49.0 52.4 55.3 49.1 45.3 33.9 44.7
21 35.6 35.7 43.5 47.5 47.6 52.5 51.3 60.4 49.2 39.8 47.1 46.3
22 36.1 39.8 40.2 48.6 42.5 53.0 56.6 58.9 47.8 37.4 42.6 40.4
23 39.5 39.5 43.5 48.6 52.3 55.1 54.6 59.6 53.0 38.0 41.2 36.7
24 37.8 42.1 41.7 44.8 52.4 56.2 56.3 55.6 47.6 34.7 43.8 34.7
25 36.5 43.0 38.0 42.3 54.9 55.0 54.6 55.8 50.2 33.0 42.8 32.0
26 44.5 41.1 42.0 42.0 54.6 59.9 56.0 51.1 52.0 33.4 43.5 22.4
27 48.6 40.5 30.2 41.8 53.2 56.6 51.6 53.9 46.8 51.6 48.5 17.0
28 43.8 35.9 35.7 39.5 57.4 53.0 54.7 52.5 45.3 52.4 49.0 32.0
29 50.7 37.6 35.6 39.8 56.0 55.5 53.9 52.9 44.8 49.8 37.6 37.8
30 43.5 -999 38.8 42.0 57.3 54.4 56.4 58.4 45.5 42.8 34.6 40.0
31 40.8 -999 41.5 -999 54.5 -999 59.1 52.6 -999 38.8 -999 33.9
  
1893
 1 32.0 36.2 46.6 43.8 45.2 51.2 56.9 57.0 57.0 49.7 44.8 31.3
 2 26.0 41.1 47.0 46.3 50.6 52.0 61.0 54.8 57.6 46.7 42.7 30.4
 3 28.6 44.1 47.8 44.4 52.0 51.8 59.5 57.0 57.6 47.0 51.8 41.6
 4 22.4 45.1 44.4 47.4 54.7 52.7 57.4 55.7 54.8 46.5 39.0 46.5
 5 33.6 40.8 48.1 48.6 57.7 56.9 55.3 51.6 57.2 48.1 40.4 42.8
 6 35.2 42.9 47.6 50.1 57.0 57.1 56.9 54.0 56.7 47.0 29.0 47.7
 7 31.7 42.5 49.7 47.2 51.9 58.2 61.0 60.6 56.2 39.9 31.2 33.1
 8 34.8 36.9 45.1 44.5 49.9 59.0 60.7 62.1 55.7 44.2 32.7 38.0
 9 36.9 45.0 47.0 43.2 56.7 59.3 56.6 60.9 50.8 42.3 37.8 34.0
10 34.0 46.5 44.8 45.3 54.1 57.7 57.1 62.6 46.7 42.5 40.0 38.3
11 35.1 37.5 40.7 42.5 60.9 58.0 58.4 59.2 49.8 45.8 42.6 32.2
12 36.9 36.3 41.3 43.9 52.6 57.7 59.0 61.0 49.7 44.0 43.6 35.0
13 36.7 39.8 43.6 46.6 55.9 53.8 60.0 63.1 55.4 44.8 41.0 38.6
14 34.6 40.8 40.5 43.8 59.1 59.3 50.2 65.9 59.8 58.3 37.5 33.2
15 31.5 36.1 43.6 47.2 54.9 61.0 54.9 66.1 59.8 60.0 32.0 49.0
16 44.8 39.7 36.0 50.6 50.2 62.1 57.8 60.1 55.0 53.0 45.0 48.9
17 38.8 34.9 33.7 47.9 51.5 63.6 55.1 63.0 49.9 48.9 41.0 41.3
18 45.0 49.9 35.7 53.9 57.0 64.5 51.6 60.9 56.0 46.0 34.3 38.8
19 45.6 47.6 42.8 53.9 52.8 62.0 59.0 60.0 51.1 48.6 32.6 41.0
20 38.9 39.6 43.7 56.4 52.9 50.9 55.9 58.1 52.0 52.8 32.7 33.7
21 38.8 37.1 43.2 52.2 49.6 53.8 53.8 52.7 47.6 58.6 32.0 33.4
22 44.2 37.8 45.8 54.6 52.1 52.9 56.8 54.6 46.6 45.8 37.8 42.8
23 47.9 33.2 46.0 53.1 49.9 49.7 61.3 54.8 42.7 49.0 36.0 40.5
24 46.4 32.8 50.0 54.7 51.6 53.2 58.8 54.0 45.5 49.6 43.0 49.0
25 37.8 30.0 48.7 54.1 53.5 50.9 57.9 53.6 50.0 48.9 48.0 38.3
26 38.7 32.1 47.0 48.4 50.7 52.2 57.4 54.1 56.0 41.8 35.8 39.8
27 36.9 32.2 40.7 51.2 57.1 60.2 55.7 55.0 52.8 41.6 43.1 48.0
28 41.4 36.0 44.7 49.6 56.8 59.4 57.0 53.6 55.4 51.8 51.6 47.0
29 43.8 -999 46.5 46.5 54.9 52.6 56.0 53.0 50.3 42.6 48.2 44.8
30 47.0 -999 46.0 45.0 50.2 58.0 59.4 56.0 51.1 37.3 40.1 43.0
31 43.8 -999 46.5 -999 50.0 -999 54.9 59.1 -999 34.6 -999 35.7

1894
 1 35.9 34.0 40.8 44.7 45.8 51.4 60.4 60.5 56.0 50.3 54.5 33.2
 2 32.0 49.8 41.5 46.7 47.4 48.6 60.5 52.6 54.0 50.1 51.9 32.9
 3 32.6 40.3 40.3 44.8 47.8 49.9 54.2 57.0 49.2 47.8 50.7 39.0
 4 32.3 45.5 40.8 46.8 41.8 52.0 57.5 55.0 49.9 43.7 45.8 35.6
 5 29.4 36.9 38.8 44.9 47.1 48.7 60.3 52.0 52.9 49.4 48.0 36.3
 6 08.4 48.4 41.3 43.0 45.5 52.7 57.1 53.0 49.8 50.2 46.6 37.5
 7 24.2 51.0 38.0 44.0 46.7 52.6 52.1 53.9 46.5 52.6 46.7 45.8
 8 34.2 39.8 37.8 46.2 50.8 53.2 57.1 56.7 47.6 52.4 42.0 34.0
 9 41.8 42.6 48.0 49.5 45.7 53.9 56.6 56.8 51.7 52.0 48.0 42.0
10 46.0 39.8 40.7 49.0 47.6 51.2 53.2 55.0 50.0 53.0 43.0 48.1
11 44.0 48.1 36.9 51.7 48.0 47.5 54.4 55.6 53.1 55.1 41.6 52.0
12 41.8 35.3 38.8 47.6 47.0 53.6 54.9 56.3 57.0 55.3 41.8 38.8
13 44.8 33.7 38.0 45.6 44.8 51.4 53.3 51.9 53.8 54.6 36.9 51.3
14 36.4 35.0 38.6 43.8 46.0 54.0 55.9 54.2 50.7 42.5 40.8 46.2
15 38.6 44.8 38.8 45.5 48.9 57.2 52.2 54.9 51.2 40.8 37.6 37.8
16 46.6 46.1 39.8 48.0 47.0 51.6 60.0 51.6 52.6 45.0 37.4 41.8
17 41.7 41.0 43.2 47.1 46.5 53.6 52.9 54.0 51.0 46.3 50.0 46.0
18 41.6 37.7 45.5 48.2 48.6 49.8 55.8 53.3 51.1 43.8 48.0 38.5
19 43.5 35.0 45.7 46.7 44.7 50.8 54.0 59.5 52.9 36.0 44.3 39.6
20 40.0 39.0 43.6 49.8 42.6 51.9 55.4 51.4 54.6 41.8 44.4 38.8
21 43.4 41.4 42.0 48.2 44.0 54.0 54.9 52.7 54.1 42.0 40.2 41.8
22 35.0 34.5 39.3 47.8 44.7 57.4 54.1 53.7 54.9 32.5 48.3 37.0
23 31.6 43.2 39.3 44.0 47.0 51.6 54.8 53.9 50.5 43.0 31.8 41.2
24 44.3 35.3 46.2 47.0 47.7 48.1 55.4 52.0 50.0 53.0 37.6 45.5
25 39.0 49.2 46.6 45.8 49.2 58.2 55.0 53.8 51.9 47.9 46.0 48.7
26 32.0 45.6 44.0 47.8 47.8 59.7 59.9 50.6 49.0 42.7 43.8 44.5
27 46.1 36.8 42.6 49.9 46.2 60.9 59.2 53.2 49.1 41.8 36.0 38.2
28 31.9 37.8 43.7 49.9 45.0 60.6 57.8 52.9 47.2 43.4 43.3 41.8
29 31.8 -999 47.0 52.0 46.7 63.6 61.0 55.8 48.1 42.0 46.5 34.9
30 32.7 -999 45.7 46.5 48.8 63.7 61.9 53.8 51.0 44.6 36.4 30.4
31 33.0 -999 46.8 -999 49.0 -999 60.0 52.9 -999 55.2 -999 29.9
 
1895
 1 30.4 33.4 38.8 38.8 44.2 50.7 57.4 52.6 57.0 52.8 36.2 41.8
 2 37.4 33.0 33.9 39.8 46.5 57.0 55.9 56.2 59.0 42.6 45.3 43.4
 3 31.4 33.3 31.7 42.0 44.6 58.8 51.7 54.1 56.7 48.8 41.8 38.3
 4 27.6 33.2 34.1 34.2 48.9 57.7 54.5 54.7 52.7 44.8 31.7 43.8
 5 34.0 32.0 33.0 42.1 51.4 58.0 55.6 54.7 54.6 48.0 45.4 44.6
 6 37.4 26.9 43.5 46.1 51.9 58.9 57.9 54.0 51.0 46.1 45.8 35.8
 7 34.1 08.1 36.2 39.1 53.0 61.3 60.9 54.6 54.9 44.6 48.0 32.2
 8 21.4 22.3 40.6 46.3 49.9 57.7 56.1 56.1 56.3 44.7 45.8 31.6
 9 17.2 12.0 42.0 45.6 51.9 56.7 51.7 59.1 61.9 46.7 42.5 46.5
10 18.4 30.3 36.6 44.8 50.0 49.9 53.1 54.8 55.8 48.2 47.8 35.1
11 35.2 27.6 38.6 45.0 51.4 49.0 54.1 54.7 53.9 48.7 42.0 36.8
12 33.0 21.9 36.8 44.3 56.0 47.0 52.1 54.1 52.0 50.9 39.5 42.6
13 32.5 34.7 33.0 46.8 54.8 46.8 52.6 54.3 52.6 49.7 43.4 34.3
14 37.0 32.7 47.8 41.5 55.6 50.6 52.5 56.9 52.2 54.9 42.8 48.9
15 36.5 30.9 47.5 43.6 50.9 49.0 53.1 56.6 54.6 50.1 46.2 37.5
16 36.3 33.0 44.8 41.8 47.4 50.6 56.5 62.7 52.9 44.3 36.0 38.7
17 36.7 33.9 43.5 41.6 47.0 49.6 54.7 61.1 54.8 35.9 38.3 31.4
18 31.0 32.7 42.7 44.4 44.9 47.7 54.1 58.9 56.0 45.0 39.7 35.4
19 33.7 30.4 45.4 48.0 45.6 48.8 54.7 56.9 53.6 42.7 44.6 31.4
20 36.9 27.8 47.0 49.1 43.7 50.6 54.3 57.8 49.9 45.0 47.9 26.9
21 31.7 32.9 49.9 52.7 45.7 52.0 56.1 59.3 52.8 42.5 49.8 27.0
22 38.8 35.0 49.0 49.9 48.1 59.9 54.8 57.7 54.7 35.1 43.0 37.4
23 35.7 34.9 46.7 49.7 51.0 61.7 51.8 55.6 45.5 33.4 36.9 36.9
24 37.4 38.0 43.7 47.4 52.8 64.9 52.0 53.8 60.9 38.2 37.6 37.2
25 28.9 31.8 40.8 46.1 53.9 63.0 53.9 52.6 59.9 36.7 35.9 35.2
26 24.0 35.1 40.5 44.5 53.8 62.9 56.9 55.6 61.3 36.0 37.7 34.9
27 31.7 34.8 40.0 43.5 56.8 55.0 54.8 56.3 59.0 35.9 38.8 35.4
28 25.0 37.8 37.0 48.7 56.5 55.6 55.1 57.9 57.9 34.0 46.4 42.2
29 37.0 -999 39.6 48.2 56.8 55.4 53.7 58.0 56.6 36.9 45.7 45.8
30 30.9 -999 41.5 43.8 58.2 55.4 53.6 57.4 49.2 38.7 43.0 50.0
31 27.0 -999 39.5 -999 56.0 -999 53.1 53.0 -999 41.2 -999 46.5
  
1896
 1 48.0 37.5 41.4 46.4 43.4 51.5 55.7 57.0 54.3 54.7 39.8 38.2
 2 49.0 44.5 40.5 43.7 46.0 55.2 54.6 55.0 53.0 58.0 39.0 45.8
 3 48.0 43.3 33.9 47.1 44.8 54.9 54.7 55.2 53.9 50.8 39.3 41.2
 4 42.2 39.6 36.0 47.0 47.6 54.8 54.6 53.0 56.1 45.8 36.8 38.0
 5 43.4 47.5 40.2 46.5 49.9 54.9 53.1 53.2 56.4 39.7 37.0 41.0
 6 41.4 43.8 47.1 46.7 52.8 55.4 56.1 52.9 55.2 42.4 32.8 34.9
 7 42.9 45.8 37.4 49.2 49.7 54.8 53.9 54.7 52.9 40.8 46.7 36.8
 8 43.6 46.3 52.0 48.6 54.8 57.0 54.7 54.9 54.9 48.7 37.7 43.1
 9 31.7 42.7 44.6 48.7 50.3 54.2 53.2 54.7 55.4 45.8 33.8 42.3
10 29.6 45.7 38.7 44.6 53.9 55.8 55.1 52.0 58.8 44.6 37.8 47.8
11 35.9 47.9 50.1 41.8 55.2 56.9 59.9 59.2 54.9 37.4 46.5 36.9
12 39.8 46.7 38.4 42.2 58.7 56.8 59.6 60.8 55.6 41.6 45.8 39.7
13 36.9 46.1 38.1 41.6 55.6 58.2 56.1 61.0 56.2 40.1 47.9 34.8
14 41.1 38.0 34.4 48.2 55.0 64.7 57.1 55.2 54.0 32.2 44.0 32.0
15 43.7 37.7 42.6 44.2 50.1 66.2 54.9 53.1 51.8 47.0 42.9 36.2
16 41.7 40.8 42.1 45.6 50.2 59.6 52.9 52.8 50.9 47.7 43.0 34.9
17 47.6 38.6 44.8 45.9 58.1 56.9 53.6 54.7 54.2 46.6 39.8 32.3
18 45.5 35.2 38.8 49.7 57.1 51.8 60.8 54.0 49.9 38.7 43.8 25.6
19 36.8 42.5 39.0 48.3 49.0 52.9 60.7 53.6 51.0 44.8 37.1 33.7
20 31.2 42.0 44.0 52.0 46.5 54.0 59.5 51.9 49.8 43.8 39.0 24.7
21 27.1 42.2 43.0 55.1 48.2 53.4 54.1 55.9 47.6 37.8 47.1 34.9
22 39.1 40.6 43.8 50.4 53.9 54.0 50.9 55.0 55.1 40.0 47.6 28.7
23 37.0 37.3 45.6 48.9 53.6 55.1 53.1 60.6 50.0 36.1 46.1 25.9
24 45.8 36.0 45.5 48.1 49.7 56.7 56.1 56.4 50.3 40.8 47.1 44.6
25 43.0 41.1 45.5 49.6 51.6 55.9 55.4 51.0 46.5 37.5 42.4 37.6
26 38.8 34.8 42.6 48.8 54.1 58.0 54.2 50.6 54.0 40.9 38.4 52.0
27 50.0 45.8 38.6 49.4 57.7 63.2 52.0 52.7 51.9 42.5 38.1 37.1
28 35.4 47.5 38.8 46.0 55.6 54.8 53.5 50.7 46.7 34.9 43.7 38.8
29 57.8 48.7 42.5 45.6 53.7 55.7 58.0 55.0 51.2 37.8 41.4 39.6
30 41.8 -999 41.8 39.6 52.7 52.9 59.1 51.9 50.2 36.8 32.5 50.0
31 38.0 -999 47.4 -999 52.9 -999 56.7 52.0 -999 40.0 -999 46.5
   
1897
 1 35.7 33.8 36.9 35.0 45.1 52.0 51.8 63.9 54.6 51.9 52.7 36.7
 2 43.3 36.0 34.4 35.9 44.8 54.8 58.0 62.0 53.9 50.9 47.9 30.0
 3 43.6 36.9 37.7 37.8 41.8 57.8 53.9 60.9 45.8 51.0 45.8 34.9
 4 40.0 38.7 39.5 35.6 44.0 57.6 52.7 63.9 46.8 46.8 44.7 36.6
 5 30.8 40.6 37.8 36.7 42.8 59.2 58.0 63.5 54.0 49.8 43.8 44.6
 6 40.0 39.8 41.8 37.8 44.6 59.9 50.9 59.7 52.1 46.0 42.8 39.4
 7 40.3 40.8 37.7 41.8 46.8 54.6 50.3 55.4 51.0 49.0 44.9 48.0
 8 38.8 40.0 40.8 41.7 52.0 53.0 51.0 59.0 47.9 50.7 51.9 33.7
 9 36.1 44.6 44.5 42.6 46.0 47.0 55.8 56.9 50.6 47.8 52.0 38.8
10 37.0 40.2 40.6 42.7 46.7 52.9 51.0 56.1 49.6 52.0 52.9 41.2
11 39.7 37.0 39.8 40.5 45.0 58.1 56.0 55.5 47.6 47.9 52.9 37.5
12 33.4 34.8 39.0 44.7 38.6 58.3 60.8 55.5 52.9 40.0 53.3 33.7
13 34.2 47.8 40.8 45.6 43.0 61.4 59.2 59.7 56.9 41.0 50.6 41.3
14 30.2 45.1 37.2 38.0 48.6 57.9 56.7 54.0 56.6 39.7 46.7 35.7
15 27.9 44.3 37.7 42.8 47.9 49.8 60.9 56.9 52.3 54.9 34.7 38.5
16 29.0 40.8 41.6 39.4 54.0 47.0 63.5 57.0 50.3 48.8 39.7 49.4
17 21.6 40.0 43.4 45.0 50.9 47.9 64.7 56.8 46.7 57.0 53.9 45.8
18 26.7 43.2 42.4 48.0 51.4 44.3 62.7 55.9 47.3 50.9 42.5 45.8
19 33.0 49.7 41.3 43.0 46.3 47.6 54.8 54.4 46.7 49.7 48.2 45.8
20 36.4 41.4 44.4 44.5 44.2 48.7 55.9 59.7 50.9 50.8 50.7 40.7
21 33.3 43.0 48.6 42.7 52.1 55.7 57.9 52.8 49.1 43.8 45.7 38.8
22 34.7 50.0 48.0 40.8 52.6 59.3 53.4 55.7 50.0 48.0 43.6 33.0
23 32.0 45.6 47.4 39.5 50.7 58.0 61.8 50.7 51.4 48.1 41.8 37.7
24 33.0 44.7 47.3 42.5 51.9 53.6 59.0 55.1 51.6 47.9 41.5 42.5
25 33.4 53.4 46.4 40.6 50.0 53.7 55.9 58.4 49.3 47.4 45.3 47.0
26 27.9 52.0 49.3 47.6 46.2 61.5 57.0 57.8 52.9 45.7 46.0 49.9
27 32.6 38.6 43.7 43.5 46.8 54.9 58.0 57.0 52.6 52.6 45.8 44.0
28 35.9 40.3 30.8 47.4 53.7 56.8 58.9 56.1 54.9 53.9 43.8 40.3
29 36.4 -999 35.4 42.7 46.7 57.4 61.9 53.9 50.6 54.3 36.0 48.0
30 37.8 -999 34.4 46.3 50.7 60.5 63.2 52.8 51.0 54.8 40.7 38.8
31 35.3 -999 34.7 -999 51.9 -999 59.9 53.1 -999 52.0 -999 39.5
 
1898
 1 33.4 52.0 36.9 45.0 47.9 44.6 52.2 56.9 50.9 54.4 42.7 48.6
 2 41.8 37.4 41.8 44.3 43.7 48.5 53.1 60.0 62.9 60.0 56.7 47.8
 3 40.9 41.8 37.8 44.5 49.8 48.6 51.2 55.8 62.0 59.6 43.4 47.8
 4 43.6 33.6 37.7 41.8 49.6 49.8 51.2 52.1 64.0 50.8 44.8 48.4
 5 43.0 34.0 35.0 41.0 46.7 50.7 53.8 63.9 64.9 55.0 45.2 53.9
 6 46.8 35.8 36.0 52.0 49.2 55.0 61.1 53.1 66.0 53.8 45.5 47.6
 7 36.0 36.9 38.6 51.3 49.2 52.0 60.6 52.0 62.9 52.9 51.6 39.1
 8 44.5 40.3 34.4 47.9 53.0 53.2 55.7 52.2 60.8 52.8 44.8 35.3
 9 36.8 43.0 39.8 51.1 50.2 58.6 59.2 50.9 56.9 53.0 50.5 41.8
10 40.8 47.9 40.8 48.8 53.0 56.3 59.2 63.7 57.8 51.0 48.1 45.0
11 46.0 43.0 43.0 48.5 45.8 57.8 61.2 61.9 56.1 47.4 47.9 49.7
12 47.8 43.2 42.8 43.7 43.6 53.3 59.7 59.9 52.9 40.6 52.9 52.4
13 46.0 37.0 40.0 45.8 45.0 54.9 56.6 60.6 55.7 48.1 41.5 39.8
14 41.1 40.5 41.5 46.0 47.1 52.0 58.6 59.4 58.1 48.6 42.2 49.3
15 40.5 50.8 46.0 46.0 46.2 54.9 58.8 53.9 63.7 47.8 42.5 42.8
16 43.8 40.8 43.8 43.8 44.8 53.9 59.7 63.7 59.8 44.8 53.6 49.6
17 44.0 39.6 51.1 46.8 48.4 59.2 59.1 55.4 62.0 45.0 50.0 44.4
18 48.0 36.0 51.1 46.0 49.7 58.9 57.4 58.4 46.7 50.7 50.0 44.3
19 51.9 35.6 42.3 44.6 46.7 55.6 55.2 56.8 52.9 45.0 43.8 37.7
20 47.7 35.0 40.6 46.8 50.8 58.9 58.8 61.0 58.0 45.7 40.8 32.9
21 47.0 31.7 41.0 51.9 51.6 54.8 65.4 63.7 53.8 53.2 38.1 40.7
22 45.6 34.9 39.8 49.0 51.2 54.1 59.9 63.8 50.0 55.7 31.9 43.8
23 45.1 33.0 45.9 50.8 49.9 49.6 58.8 58.6 51.9 49.7 39.2 42.8
24 43.7 34.8 38.5 46.5 51.7 54.9 55.2 53.1 52.0 47.2 38.8 45.5
25 44.8 42.6 36.2 49.6 53.8 52.1 57.6 54.9 53.8 53.6 40.6 51.8
26 45.4 34.6 35.7 46.0 47.0 55.6 -999 59.9 52.9 49.7 40.7 44.7
27 44.1 39.8 37.2 44.5 45.6 52.6 62.9 54.6 55.0 50.0 34.0 39.6
28 43.9 38.0 36.9 46.7 48.7 55.9 53.8 49.7 48.7 47.0 33.9 36.9
29 47.9 -999 37.7 46.0 51.0 57.9 49.8 50.4 51.5 42.8 34.0 43.8
30 52.7 -999 39.0 45.8 50.0 51.9 53.7 55.6 49.9 42.2 41.8 34.0
31 40.6 -999 36.9 -999 44.2 -999 57.1 50.8 -999 44.4 -999 40.8

1899
 1 33.0 34.9 42.7 51.7 53.2 54.9 56.5 68.2 58.1 49.0 49.6 42.7
 2 35.0 31.7 42.8 50.7 49.4 52.7 54.0 60.6 56.5 45.6 50.9 36.0
 3 35.5 33.0 41.5 50.3 43.0 54.6 53.7 62.8 60.9 53.0 46.8 42.2
 4 48.8 36.2 36.0 50.1 41.3 59.2 56.2 60.9 61.6 46.8 47.7 49.8
 5 35.0 38.8 32.8 47.0 46.5 57.5 61.1 60.2 55.9 43.6 43.8 49.8
 6 42.8 41.0 41.8 43.0 48.0 61.7 61.2 57.7 57.8 40.6 43.5 53.7
 7 33.8 45.5 41.6 41.5 48.7 58.9 61.5 58.2 57.7 47.8 52.7 35.7
 8 48.5 44.8 39.0 42.2 50.6 56.0 54.5 56.6 53.0 44.0 45.7 40.4
 9 42.5 46.7 38.6 38.8 49.6 60.9 58.8 56.0 56.4 48.0 45.3 33.8
10 38.8 48.0 42.3 44.8 49.2 54.5 54.9 58.0 56.2 50.3 51.8 39.6
11 35.0 47.6 48.6 41.2 49.9 59.9 50.1 58.8 58.9 54.9 41.8 37.6
12 40.0 39.1 45.6 40.5 47.8 55.6 53.2 61.8 58.6 49.2 49.1 34.9
13 38.1 46.6 48.9 42.6 46.7 59.6 52.8 63.5 56.0 42.8 48.3 37.6
14 35.7 39.8 44.7 41.6 45.2 59.9 57.4 62.9 54.0 36.9 51.3 35.7
15 41.0 41.0 44.2 39.6 45.7 60.0 54.8 61.6 52.7 46.0 46.0 33.0
16 41.3 41.4 35.9 38.8 46.2 60.0 56.9 53.1 54.8 47.2 48.3 46.7
17 33.5 47.1 47.6 38.0 46.8 62.7 56.1 55.9 56.0 56.2 45.3 37.0
18 48.6 43.6 36.8 39.8 40.5 54.0 61.7 61.6 49.6 56.8 43.8 32.8
19 41.4 37.8 36.2 46.7 46.5 51.4 63.7 64.0 53.0 50.8 40.3 44.6
20 42.2 38.8 35.7 44.5 53.8 50.6 58.4 64.9 46.0 42.6 47.0 43.8
21 43.8 43.1 32.4 43.6 44.2 59.0 58.2 63.2 47.0 42.0 44.6 40.0
22 44.0 42.4 35.5 40.0 43.5 58.7 60.7 64.8 44.6 45.6 45.5 37.8
23 36.0 39.8 34.0 44.8 45.7 57.9 61.7 63.8 47.5 43.9 47.9 42.8
24 29.6 43.0 34.6 53.5 48.7 54.7 56.1 62.6 47.0 51.9 48.1 36.4
25 36.0 43.6 39.7 43.8 46.1 56.0 60.4 61.9 51.6 51.3 48.9 33.4
26 34.7 38.5 49.0 48.0 43.8 60.7 56.8 66.0 47.0 51.9 47.6 31.9
27 25.8 36.9 48.1 47.9 48.1 61.9 53.7 59.9 46.6 38.7 48.9 25.9
28 28.0 41.0 48.9 50.6 51.3 59.6 57.0 57.8 45.4 45.8 48.2 33.2
29 30.3 -999 47.7 52.8 52.0 56.9 58.7 57.9 44.0 53.1 46.0 38.1
30 35.0 -999 47.6 41.2 49.9 51.2 62.7 58.6 44.8 40.7 41.8 37.1
31 33.1 -999 50.7 -999 52.1 -999 61.6 55.9 -999 40.8 -999 32.1
 





