1964
 1 47.7 47.9 39.0 34.0 45.0 43.5 56.8 56.9 52.7 49.2 43.0 33.0
 2 48.0 47.7 35.2 38.3 49.2 44.7 55.3 58.0 55.0 45.2 36.2 45.1
 3 48.5 38.0 39.8 36.9 47.0 46.0 47.4 60.3 58.0 48.6 38.4 37.2
 4 37.8 39.8 38.0 35.2 43.4 52.0 49.8 61.9 55.0 56.0 42.9 34.1
 5 42.7 33.0 33.4 40.0 47.5 50.4 49.0 54.4 54.0 50.0 43.1 46.0
 6 45.7 30.8 34.0 38.0 50.4 53.8 51.5 51.6 51.4 53.2 34.0 44.2
 7 44.7 30.5 34.7 44.8 41.0 52.0 51.6 53.7 48.7 45.0 42.8 45.3
 8 42.0 31.8 34.4 48.0 49.6 51.6 46.4 52.4 58.0 41.2 38.4 50.6
 9 42.0 37.0 40.5 43.0 44.7 57.7 46.9 53.6 59.9 40.6 28.8 37.0
10 42.2 40.7 37.3 42.6 46.2 51.7 54.0 55.0 59.0 41.7 29.3 35.5
11 36.9 37.8 38.2 47.2 57.1 52.8 52.0 53.5 50.5 38.3 49.9 45.2
12 35.8 40.0 40.5 43.0 46.0 55.5 53.2 58.5 50.2 38.0 45.0 44.4
13 35.8 40.0 42.5 37.2 43.2 51.4 56.0 57.6 60.0 44.8 46.0 32.6
14 40.0 41.5 40.5 44.8 46.5 46.2 58.0 58.4 48.0 41.4 43.7 32.7
15 39.0 43.5 37.3 45.5 50.5 49.3 53.1 57.3 48.7 42.8 41.8 41.0
16 33.8 35.0 37.4 45.2 53.5 52.4 60.5 56.3 48.0 43.5 37.6 43.2
17 39.0 30.0 37.3 44.8 51.0 54.0 60.1 57.5 46.5 47.0 46.0 38.0
18 45.2 32.3 36.4 46.5 48.0 47.6 59.7 49.4 51.7 57.9 52.5 36.8
19 44.8 32.0 43.0 44.6 49.0 43.4 56.1 46.8 46.7 54.0 47.5 41.9
20 39.0 29.7 45.6 43.7 53.0 48.8 58.1 47.0 43.4 52.0 50.5 35.0
21 39.5 36.0 44.0 43.0 49.0 49.6 60.0 46.8 53.7 42.8 51.5 35.3
22 42.0 41.5 42.7 44.7 48.0 51.8 58.8 54.7 57.6 40.2 50.0 35.8
23 38.5 44.0 46.3 46.0 53.8 51.6 60.0 56.6 52.5 35.1 50.6 34.7
24 36.8 45.0 35.8 46.0 52.5 58.1 59.5 55.3 56.4 53.2 54.1 32.1
25 36.3 45.7 35.4 53.0 54.0 56.8 51.3 57.3 49.0 50.0 47.0 28.0
26 36.8 45.1 41.2 51.4 54.0 54.1 53.8 59.8 50.7 54.4 38.7 34.5
27 42.5 45.0 43.0 51.5 55.7 54.0 57.0 58.4 47.2 51.0 33.0 34.0
28 44.5 38.0 41.5 45.5 53.5 49.4 54.0 49.5 55.3 48.2 38.9 34.4
29 48.8 40.0 35.8 44.0 53.0 53.0 61.0 46.2 49.3 42.7 32.2 40.0
30 38.4 -9.9 33.8 43.5 56.6 53.0 60.0 48.7 47.7 46.1 35.1 34.5
31 49.7 -9.9 38.3 -9.9 46.7 -9.9 53.5 50.0 -9.9 47.0 -9.9 38.0
1965
 1 34.8 32.2 27.2
 2 29.0 29.6 26.7
 3 31.7 32.6 32.8
 4 28.0 29.8 31.0
 5 39.7 39.0 31.9
 6 48.6 39.9 34.9
 7 49.8 39.0 37.9
 8 35.9 39.0 34.8
 9 41.2 40.7
10 45.3 40.2
11 40.9 45.0
12 38.1 38.9
13 38.7 34.8
14 33.8 35.6
15 34.9 39.0
16 36.6 41.6
17 36.3 42.4
18 33.7 42.5
19 33.9 39.7
20 29.8 34.1
21 34.3 33.5
22 35.5 36.8
23 43.9 38.1
24 31.7 32.9
25 35.3 34.2
26 33.9 34.6
27 28.2 37.0
28 29.0 27.0
29 28.8 -9.9
30 28.0 -9.9
31 30.3 -99
