1877 01 01 08 00  36.75    3.06 1013.2          ALGIERS
1877 01 02 08 00  36.75    3.06 1017.1          ALGIERS
1877 01 07 08 00  36.75    3.06 1016.1          ALGIERS
1877 01 09 08 00  36.75    3.06 1017.8          ALGIERS
1877 01 10 08 00  36.75    3.06 1019.0          ALGIERS
1877 01 13 08 00  36.75    3.06 1019.7          ALGIERS
1877 01 21 08 00  36.75    3.06 1028.1          ALGIERS
1877 01 26 08 00  36.75    3.06 1018.0          ALGIERS
1877 01 27 08 00  36.75    3.06 1016.7          ALGIERS
1877 01 29 08 00  36.75    3.06 1030.0          ALGIERS
1877 01 30 08 00  36.75    3.06 1030.0          ALGIERS
1877 01 31 08 00  36.75    3.06 1017.5          ALGIERS
1877 01 20 08 00  30.51   47.78 1022.0            BASRA
1877 01 21 08 00  30.51   47.78 1021.4            BASRA
1877 01 22 08 00  30.51   47.78 1020.0            BASRA
1877 01 23 08 00  30.51   47.78 1020.0            BASRA
1877 01 24 08 00  30.51   47.78 1022.9            BASRA
1877 01 25 08 00  30.51   47.78 1020.6            BASRA
1877 01 26 08 00  30.51   47.78 1012.4            BASRA
1877 01 27 08 00  30.51   47.78 1013.5            BASRA
1877 01 28 08 00  30.51   47.78 1026.8            BASRA
1877 01 29 08 00  30.51   47.78 1026.1            BASRA
1877 01 30 08 00  30.51   47.78 1025.4            BASRA
1877 01 31 08 00  30.51   47.78 1011.2            BASRA
1877 01 01 08 00  38.66  -27.23  992.2            ANGRA
1877 01 02 08 00  38.66  -27.23  985.5            ANGRA
1877 01 03 08 00  38.66  -27.23  994.8            ANGRA
1877 01 04 08 00  38.66  -27.23 1000.2            ANGRA
1877 01 05 08 00  38.66  -27.23 1000.2            ANGRA
1877 01 06 08 00  38.66  -27.23  989.5            ANGRA
1877 01 07 08 00  38.66  -27.23  986.9            ANGRA
1877 01 08 08 00  38.66  -27.23  996.2            ANGRA
1877 01 09 08 00  38.66  -27.23 1005.5            ANGRA
1877 01 10 08 00  38.66  -27.23 1018.8            ANGRA
1877 01 11 08 00  38.66  -27.23 1025.4            ANGRA
1877 01 12 08 00  38.66  -27.23 1017.5            ANGRA
1877 01 13 08 00  38.66  -27.23 1013.5            ANGRA
1877 01 14 08 00  38.66  -27.23 1022.8            ANGRA
1877 01 15 08 00  38.66  -27.23 1022.8            ANGRA
1877 01 16 08 00  38.66  -27.23 1018.8            ANGRA
1877 01 17 08 00  38.66  -27.23 1016.1            ANGRA
1877 01 18 08 00  38.66  -27.23  996.2            ANGRA
1877 01 19 08 00  38.66  -27.23 1010.8            ANGRA
1877 01 20 08 00  38.66  -27.23 1012.1            ANGRA
1877 01 21 08 00  38.66  -27.23 1001.5            ANGRA
1877 01 22 08 00  38.66  -27.23 1006.8            ANGRA
1877 01 23 08 00  38.66  -27.23 1016.1            ANGRA
1877 01 24 08 00  38.66  -27.23 1017.5            ANGRA
1877 01 25 08 00  38.66  -27.23 1018.8            ANGRA
1877 01 26 08 00  38.66  -27.23 1022.8            ANGRA
1877 01 27 08 00  38.66  -27.23 1022.8            ANGRA
1877 01 28 08 00  38.66  -27.23 1029.4            ANGRA
1877 01 29 08 00  38.66  -27.23 1029.4            ANGRA
1877 01 30 08 00  38.66  -27.23 1025.4            ANGRA
1877 01 31 08 00  38.66  -27.23 1017.5            ANGRA
1877 01 01 08 00  38.72   -9.14  996.2           LISBON
1877 01 02 08 00  38.72   -9.14  998.8           LISBON
1877 01 03 08 00  38.72   -9.14  985.5           LISBON
1877 01 04 08 00  38.72   -9.14  993.5           LISBON
1877 01 05 08 00  38.72   -9.14  997.5           LISBON
1877 01 06 08 00  38.72   -9.14  993.5           LISBON
1877 01 07 08 00  38.72   -9.14  993.5           LISBON
1877 01 08 08 00  38.72   -9.14 1001.5           LISBON
1877 01 09 08 00  38.72   -9.14  998.8           LISBON
1877 01 10 08 00  38.72   -9.14 1008.1           LISBON
1877 01 11 08 00  38.72   -9.14 1012.1           LISBON
1877 01 12 08 00  38.72   -9.14 1014.8           LISBON
1877 01 13 08 00  38.72   -9.14 1014.8           LISBON
1877 01 14 08 00  38.72   -9.14 1016.1           LISBON
1877 01 15 08 00  38.72   -9.14 1018.8           LISBON
1877 01 16 08 00  38.72   -9.14 1017.5           LISBON
1877 01 17 08 00  38.72   -9.14 1012.1           LISBON
1877 01 18 08 00  38.72   -9.14 1008.1           LISBON
1877 01 19 08 00  38.72   -9.14 1009.5           LISBON
1877 01 20 08 00  38.72   -9.14 1016.1           LISBON
1877 01 21 08 00  38.72   -9.14 1014.8           LISBON
1877 01 22 08 00  38.72   -9.14 1012.1           LISBON
1877 01 23 08 00  38.72   -9.14 1012.1           LISBON
1877 01 24 08 00  38.72   -9.14 1014.8           LISBON
1877 01 25 08 00  38.72   -9.14 1014.8           LISBON
1877 01 26 08 00  38.72   -9.14 1014.8           LISBON
1877 01 27 08 00  38.72   -9.14 1014.8           LISBON
1877 01 28 08 00  38.72   -9.14 1017.5           LISBON
1877 01 29 08 00  38.72   -9.14 1021.4           LISBON
1877 01 30 08 00  38.72   -9.14 1018.8           LISBON
1877 01 31 08 00  38.72   -9.14 1017.5           LISBON
1877 01 01 08 00  57.20   -2.20  971.6         ABERDEEN
1877 01 02 08 00  57.20   -2.20  986.5         ABERDEEN
1877 01 03 08 00  57.20   -2.20 1006.8         ABERDEEN
1877 01 04 08 00  57.20   -2.20 1003.4         ABERDEEN
1877 01 05 08 00  57.20   -2.20  985.8         ABERDEEN
1877 01 06 08 00  57.20   -2.20  983.1         ABERDEEN
1877 01 07 08 00  57.20   -2.20  981.4         ABERDEEN
1877 01 08 08 00  57.20   -2.20  977.7         ABERDEEN
1877 01 09 08 00  57.20   -2.20  989.8         ABERDEEN
1877 01 10 08 00  57.20   -2.20 1013.2         ABERDEEN
1877 01 11 08 00  57.20   -2.20 1029.8         ABERDEEN
1877 01 12 08 00  57.20   -2.20 1009.8         ABERDEEN
1877 01 13 08 00  57.20   -2.20 1012.2         ABERDEEN
1877 01 14 08 00  57.20   -2.20 1011.9         ABERDEEN
1877 01 15 08 00  57.20   -2.20  996.3         ABERDEEN
1877 01 16 08 00  57.20   -2.20 1011.9         ABERDEEN
1877 01 17 08 00  57.20   -2.20 1003.0         ABERDEEN
1877 01 18 08 00  57.20   -2.20 1002.4         ABERDEEN
1877 01 19 08 00  57.20   -2.20  993.6         ABERDEEN
1877 01 20 08 00  57.20   -2.20  988.8         ABERDEEN
1877 01 21 08 00  57.20   -2.20 1021.7         ABERDEEN
1877 01 22 08 00  57.20   -2.20 1021.3         ABERDEEN
1877 01 23 08 00  57.20   -2.20 1027.8         ABERDEEN
1877 01 24 08 00  57.20   -2.20 1010.5         ABERDEEN
1877 01 25 08 00  57.20   -2.20 1011.5         ABERDEEN
1877 01 26 08 00  57.20   -2.20  997.0         ABERDEEN
1877 01 27 08 00  57.20   -2.20 1015.2         ABERDEEN
1877 01 28 08 00  57.20   -2.20 1009.8         ABERDEEN
1877 01 29 08 00  57.20   -2.20  992.6         ABERDEEN
1877 01 30 08 00  57.20   -2.20  996.6         ABERDEEN
1877 01 31 08 00  57.20   -2.20  998.0         ABERDEEN
1877 01 01 08 00  45.94   -0.96  998.6        ROCHEFORT
1877 01 02 08 00  45.94   -0.96 1004.1        ROCHEFORT
1877 01 03 08 00  45.94   -0.96 1007.5        ROCHEFORT
1877 01 04 08 00  45.94   -0.96  998.0        ROCHEFORT
1877 01 05 08 00  45.94   -0.96  994.9        ROCHEFORT
1877 01 06 08 00  45.94   -0.96  999.0        ROCHEFORT
1877 01 07 08 00  45.94   -0.96  997.6        ROCHEFORT
1877 01 08 08 00  45.94   -0.96 1005.4        ROCHEFORT
1877 01 09 08 00  45.94   -0.96 1002.7        ROCHEFORT
1877 01 10 08 00  45.94   -0.96 1018.6        ROCHEFORT
1877 01 11 08 00  45.94   -0.96 1013.9        ROCHEFORT
1877 01 12 08 00  45.94   -0.96 1013.9        ROCHEFORT
1877 01 13 08 00  45.94   -0.96 1012.2        ROCHEFORT
1877 01 14 08 00  45.94   -0.96 1023.7        ROCHEFORT
1877 01 15 08 00  45.94   -0.96 1015.2        ROCHEFORT
1877 01 16 08 00  45.94   -0.96 1025.7        ROCHEFORT
1877 01 17 08 00  45.94   -0.96 1025.7        ROCHEFORT
1877 01 18 08 00  45.94   -0.96 1016.9        ROCHEFORT
1877 01 19 08 00  45.94   -0.96 1019.3        ROCHEFORT
1877 01 20 08 00  45.94   -0.96 1022.4        ROCHEFORT
1877 01 21 08 00  45.94   -0.96 1033.5        ROCHEFORT
1877 01 22 08 00  45.94   -0.96 1033.9        ROCHEFORT
1877 01 23 08 00  45.94   -0.96 1031.8        ROCHEFORT
1877 01 24 08 00  45.94   -0.96 1026.1        ROCHEFORT
1877 01 25 08 00  45.94   -0.96 1026.1        ROCHEFORT
1877 01 26 08 00  45.94   -0.96 1017.6        ROCHEFORT
1877 01 27 08 00  45.94   -0.96 1025.4        ROCHEFORT
1877 01 28 08 00  45.94   -0.96 1029.8        ROCHEFORT
1877 01 29 08 00  45.94   -0.96 1028.4        ROCHEFORT
1877 01 30 08 00  45.94   -0.96 1029.1        ROCHEFORT
1877 01 31 08 00  45.94   -0.96 1018.3        ROCHEFORT
1877 01 01 08 00  50.38   -4.14  974.9         PLYMOUTH
1877 01 02 08 00  50.38   -4.14 1002.0         PLYMOUTH
1877 01 03 08 00  50.38   -4.14  992.9         PLYMOUTH
1877 01 04 08 00  50.38   -4.14  985.4         PLYMOUTH
1877 01 05 08 00  50.38   -4.14  987.8         PLYMOUTH
1877 01 06 08 00  50.38   -4.14  988.1         PLYMOUTH
1877 01 07 08 00  50.38   -4.14  983.1         PLYMOUTH
1877 01 08 08 00  50.38   -4.14  995.6         PLYMOUTH
1877 01 09 08 00  50.38   -4.14 1004.1         PLYMOUTH
1877 01 10 08 00  50.38   -4.14 1012.9         PLYMOUTH
1877 01 11 08 00  50.38   -4.14 1007.8         PLYMOUTH
1877 01 12 08 00  50.38   -4.14 1007.1         PLYMOUTH
1877 01 13 08 00  50.38   -4.14 1017.6         PLYMOUTH
1877 01 14 08 00  50.38   -4.14 1007.1         PLYMOUTH
1877 01 15 08 00  50.38   -4.14 1019.0         PLYMOUTH
1877 01 16 08 00  50.38   -4.14 1018.6         PLYMOUTH
1877 01 17 08 00  50.38   -4.14 1007.8         PLYMOUTH
1877 01 18 08 00  50.38   -4.14 1006.1         PLYMOUTH
1877 01 19 08 00  50.38   -4.14 1004.7         PLYMOUTH
1877 01 20 08 00  50.38   -4.14 1025.1         PLYMOUTH
1877 01 21 08 00  50.38   -4.14 1035.2         PLYMOUTH
1877 01 22 08 00  50.38   -4.14 1034.5         PLYMOUTH
1877 01 23 08 00  50.38   -4.14 1027.4         PLYMOUTH
1877 01 24 08 00  50.38   -4.14 1021.7         PLYMOUTH
1877 01 25 08 00  50.38   -4.14 1007.5         PLYMOUTH
1877 01 26 08 00  50.38   -4.14 1022.4         PLYMOUTH
1877 01 27 08 00  50.38   -4.14 1021.3         PLYMOUTH
1877 01 28 08 00  50.38   -4.14 1018.6         PLYMOUTH
1877 01 29 08 00  50.38   -4.14 1025.7         PLYMOUTH
1877 01 30 08 00  50.38   -4.14 1003.4         PLYMOUTH
1877 01 31 08 00  50.38   -4.14 1021.7         PLYMOUTH
1877 01 01 08 00  41.90   12.50 1020.1             ROME
1877 01 02 08 00  41.90   12.50 1016.1             ROME
1877 01 03 08 00  41.90   12.50 1021.4             ROME
1877 01 04 08 00  41.90   12.50 1018.8             ROME
1877 01 05 08 00  41.90   12.50 1012.1             ROME
1877 01 06 08 00  41.90   12.50 1010.8             ROME
1877 01 07 08 00  41.90   12.50 1017.5             ROME
1877 01 08 08 00  41.90   12.50 1025.4             ROME
1877 01 09 08 00  41.90   12.50 1028.1             ROME
1877 01 10 08 00  41.90   12.50 1024.1             ROME
1877 01 11 08 00  41.90   12.50 1018.8             ROME
1877 01 12 08 00  41.90   12.50 1005.5             ROME
1877 01 13 08 00  41.90   12.50 1009.5             ROME
1877 01 14 08 00  41.90   12.50 1013.5             ROME
1877 01 15 08 00  41.90   12.50 1012.1             ROME
1877 01 16 08 00  41.90   12.50 1013.5             ROME
1877 01 17 08 00  41.90   12.50 1016.1             ROME
1877 01 18 08 00  41.90   12.50 1017.5             ROME
1877 01 19 08 00  41.90   12.50 1024.1             ROME
1877 01 20 08 00  41.90   12.50 1026.8             ROME
1877 01 21 08 00  41.90   12.50 1018.8             ROME
1877 01 22 08 00  41.90   12.50 1018.8             ROME
1877 01 23 08 00  41.90   12.50 1018.8             ROME
1877 01 24 08 00  41.90   12.50 1018.8             ROME
1877 01 25 08 00  41.90   12.50 1017.5             ROME
1877 01 26 08 00  41.90   12.50 1009.5             ROME
1877 01 27 08 00  41.90   12.50 1006.8             ROME
1877 01 28 08 00  41.90   12.50 1021.4             ROME
1877 01 29 08 00  41.90   12.50 1018.8             ROME
1877 01 30 08 00  41.90   12.50 1017.5             ROME
1877 01 31 08 00  41.90   12.50  996.2             ROME
1877 01 01 08 00  48.39   -4.49  983.9            BREST
1877 01 02 08 00  48.39   -4.49 1002.0            BREST
1877 01 03 08 00  48.39   -4.49  992.8            BREST
1877 01 04 08 00  48.39   -4.49  987.0            BREST
1877 01 05 08 00  48.39   -4.49  990.1            BREST
1877 01 06 08 00  48.39   -4.49  989.8            BREST
1877 01 07 08 00  48.39   -4.49  986.3            BREST
1877 01 08 08 00  48.39   -4.49  995.8            BREST
1877 01 09 08 00  48.39   -4.49 1007.3            BREST
1877 01 10 08 00  48.39   -4.49 1005.2            BREST
1877 01 11 08 00  48.39   -4.49 1008.8            BREST
1877 01 12 08 00  48.39   -4.49 1006.1            BREST
1877 01 13 08 00  48.39   -4.49 1017.7            BREST
1877 01 14 08 00  48.39   -4.49 1008.9            BREST
1877 01 15 08 00  48.39   -4.49 1020.0            BREST
1877 01 16 08 00  48.39   -4.49 1019.3            BREST
1877 01 17 08 00  48.39   -4.49 1009.7            BREST
1877 01 18 08 00  48.39   -4.49 1007.5            BREST
1877 01 19 08 00  48.39   -4.49 1007.7            BREST
1877 01 20 08 00  48.39   -4.49 1023.3            BREST
1877 01 21 08 00  48.39   -4.49 1033.5            BREST
1877 01 22 08 00  48.39   -4.49 1030.9            BREST
1877 01 23 08 00  48.39   -4.49 1025.8            BREST
1877 01 24 08 00  48.39   -4.49 1022.5            BREST
1877 01 25 08 00  48.39   -4.49 1011.5            BREST
1877 01 26 08 00  48.39   -4.49 1022.5            BREST
1877 01 27 08 00  48.39   -4.49 1023.0            BREST
1877 01 28 08 00  48.39   -4.49 1021.7            BREST
1877 01 29 08 00  48.39   -4.49 1028.8            BREST
1877 01 30 08 00  48.39   -4.49 1014.3            BREST
1877 01 31 08 00  48.39   -4.49 1021.7            BREST
1877 01 01 08 00  31.20   29.91 1017.7       ALEXANDRIA
1877 01 02 08 00  31.20   29.91 1020.4       ALEXANDRIA
1877 01 03 08 00  31.20   29.91 1022.0       ALEXANDRIA
1877 01 04 08 00  31.20   29.91 1022.9       ALEXANDRIA
1877 01 05 08 00  31.20   29.91 1021.4       ALEXANDRIA
1877 01 06 08 00  31.20   29.91 1021.8       ALEXANDRIA
1877 01 07 08 00  31.20   29.91 1020.9       ALEXANDRIA
1877 01 08 08 00  31.20   29.91 1017.7       ALEXANDRIA
1877 01 09 08 00  31.20   29.91 1014.5       ALEXANDRIA
1877 01 10 08 00  31.20   29.91 1012.4       ALEXANDRIA
1877 01 11 08 00  31.20   29.91 1008.9       ALEXANDRIA
1877 01 12 08 00  31.20   29.91 1010.3       ALEXANDRIA
1877 01 13 08 00  31.20   29.91 1018.4       ALEXANDRIA
1877 01 14 08 00  31.20   29.91 1017.8       ALEXANDRIA
1877 01 15 08 00  31.20   29.91 1014.5       ALEXANDRIA
1877 01 16 08 00  31.20   29.91 1016.1       ALEXANDRIA
1877 01 17 08 00  31.20   29.91 1018.0       ALEXANDRIA
1877 01 18 08 00  31.20   29.91 1016.7       ALEXANDRIA
1877 01 19 08 00  31.20   29.91 1016.3       ALEXANDRIA
1877 01 20 08 00  31.20   29.91 1015.5       ALEXANDRIA
1877 01 21 08 00  31.20   29.91 1010.8       ALEXANDRIA
1877 01 22 08 00  31.20   29.91 1011.5       ALEXANDRIA
1877 01 23 08 00  31.20   29.91 1014.9       ALEXANDRIA
1877 01 24 08 00  31.20   29.91 1009.9       ALEXANDRIA
1877 01 25 08 00  31.20   29.91 1003.4       ALEXANDRIA
1877 01 26 08 00  31.20   29.91 1006.1       ALEXANDRIA
1877 01 27 08 00  31.20   29.91 1011.2       ALEXANDRIA
1877 01 28 08 00  31.20   29.91 1018.1       ALEXANDRIA
1877 01 29 08 00  31.20   29.91 1015.5       ALEXANDRIA
1877 01 30 08 00  31.20   29.91 1006.9       ALEXANDRIA
1877 01 31 08 00  31.20   29.91 1005.6       ALEXANDRIA
1877 01 01 08 00  45.76    4.84 1003.8            LYONS
1877 01 02 08 00  45.76    4.84 1012.4            LYONS
1877 01 03 08 00  45.76    4.84 1013.2            LYONS
1877 01 04 08 00  45.76    4.84 1002.6            LYONS
1877 01 05 08 00  45.76    4.84 1003.6            LYONS
1877 01 06 08 00  45.76    4.84 1010.0            LYONS
1877 01 07 08 00  45.76    4.84 1007.7            LYONS
1877 01 08 08 00  45.76    4.84 1011.6            LYONS
1877 01 09 08 00  45.76    4.84 1019.6            LYONS
1877 01 10 08 00  45.76    4.84 1016.1            LYONS
1877 01 11 08 00  45.76    4.84 1016.3            LYONS
1877 01 12 08 00  45.76    4.84 1013.7            LYONS
1877 01 13 08 00  45.76    4.84 1015.3            LYONS
1877 01 14 08 00  45.76    4.84 1021.7            LYONS
1877 01 15 08 00  45.76    4.84 1018.5            LYONS
1877 01 16 08 00  45.76    4.84 1025.0            LYONS
1877 01 17 08 00  45.76    4.84 1022.9            LYONS
1877 01 18 08 00  45.76    4.84 1020.1            LYONS
1877 01 19 08 00  45.76    4.84 1018.2            LYONS
1877 01 20 08 00  45.76    4.84 1028.1            LYONS
1877 01 21 08 00  45.76    4.84 1030.6            LYONS
1877 01 22 08 00  45.76    4.84 1029.6            LYONS
1877 01 23 08 00  45.76    4.84 1030.2            LYONS
1877 01 24 08 00  45.76    4.84 1026.2            LYONS
1877 01 25 08 00  45.76    4.84 1023.2            LYONS
1877 01 26 08 00  45.76    4.84 1018.4            LYONS
1877 01 27 08 00  45.76    4.84 1023.8            LYONS
1877 01 28 08 00  45.76    4.84 1030.5            LYONS
1877 01 29 08 00  45.76    4.84 1026.8            LYONS
1877 01 30 08 00  45.76    4.84 1025.4            LYONS
1877 01 31 08 00  45.76    4.84 1018.1            LYONS
1877 01 01 08 00  43.12    5.93 1018.3           TOULON
1877 01 02 08 00  43.12    5.93 1012.2           TOULON
1877 01 03 08 00  43.12    5.93 1016.9           TOULON
1877 01 04 08 00  43.12    5.93 1018.6           TOULON
1877 01 05 08 00  43.12    5.93 1001.7           TOULON
1877 01 06 08 00  43.12    5.93 1007.5           TOULON
1877 01 07 08 00  43.12    5.93 1015.2           TOULON
1877 01 08 08 00  43.12    5.93 1016.3           TOULON
1877 01 09 08 00  43.12    5.93 1025.1           TOULON
1877 01 10 08 00  43.12    5.93 1026.1           TOULON
1877 01 11 08 00  43.12    5.93 1021.0           TOULON
1877 01 12 08 00  43.12    5.93 1013.5           TOULON
1877 01 13 08 00  43.12    5.93 1010.8           TOULON
1877 01 14 08 00  43.12    5.93 1016.3           TOULON
1877 01 16 08 00  43.12    5.93 1016.9           TOULON
1877 01 17 08 00  43.12    5.93 1022.4           TOULON
1877 01 18 08 00  43.12    5.93 1021.7           TOULON
1877 01 19 08 00  43.12    5.93 1021.7           TOULON
1877 01 20 08 00  43.12    5.93 1028.4           TOULON
1877 01 21 08 00  43.12    5.93 1026.8           TOULON
1877 01 22 08 00  43.12    5.93 1023.7           TOULON
1877 01 23 08 00  43.12    5.93 1026.1           TOULON
1877 01 24 08 00  43.12    5.93 1024.4           TOULON
1877 01 25 08 00  43.12    5.93 1023.4           TOULON
1877 01 26 08 00  43.12    5.93 1015.2           TOULON
1877 01 27 08 00  43.12    5.93 1011.9           TOULON
1877 01 28 08 00  43.12    5.93 1021.3           TOULON
1877 01 30 08 00  43.12    5.93 1028.1           TOULON
1877 01 31 08 00  43.12    5.93 1017.9           TOULON
1877 01 01 08 00  58.20   -6.30  984.2        STORNOWAY
1877 01 02 08 00  58.20   -6.30 1000.2        STORNOWAY
1877 01 03 08 00  58.20   -6.30 1005.5        STORNOWAY
1877 01 04 08 00  58.20   -6.30  993.5        STORNOWAY
1877 01 05 08 00  58.20   -6.30  981.5        STORNOWAY
1877 01 06 08 00  58.20   -6.30  978.9        STORNOWAY
1877 01 07 08 00  58.20   -6.30  966.9        STORNOWAY
1877 01 08 08 00  58.20   -6.30  977.6        STORNOWAY
1877 01 09 08 00  58.20   -6.30 1002.8        STORNOWAY
1877 01 10 08 00  58.20   -6.30 1018.8        STORNOWAY
1877 01 11 08 00  58.20   -6.30 1009.5        STORNOWAY
1877 01 12 08 00  58.20   -6.30 1001.5        STORNOWAY
1877 01 13 08 00  58.20   -6.30 1004.2        STORNOWAY
1877 01 14 08 00  58.20   -6.30  993.5        STORNOWAY
1877 01 15 08 00  58.20   -6.30 1002.8        STORNOWAY
1877 01 16 08 00  58.20   -6.30  996.2        STORNOWAY
1877 01 17 08 00  58.20   -6.30  997.5        STORNOWAY
1877 01 18 08 00  58.20   -6.30  984.2        STORNOWAY
1877 01 19 08 00  58.20   -6.30  992.2        STORNOWAY
1877 01 20 08 00  58.20   -6.30 1009.5        STORNOWAY
1877 01 21 08 00  58.20   -6.30 1014.8        STORNOWAY
1877 01 22 08 00  58.20   -6.30 1024.1        STORNOWAY
1877 01 23 08 00  58.20   -6.30 1008.1        STORNOWAY
1877 01 24 08 00  58.20   -6.30  997.5        STORNOWAY
1877 01 25 08 00  58.20   -6.30  980.2        STORNOWAY
1877 01 26 08 00  58.20   -6.30 1008.1        STORNOWAY
1877 01 27 08 00  58.20   -6.30  997.5        STORNOWAY
1877 01 28 08 00  58.20   -6.30  982.9        STORNOWAY
1877 01 29 08 00  58.20   -6.30  989.5        STORNOWAY
1877 01 30 08 00  58.20   -6.30  985.5        STORNOWAY
1877 01 31 08 00  58.20   -6.30 1006.8        STORNOWAY
1877 01 01 08 00  32.67  -16.92 1012.1          FUNCHAL
1877 01 02 08 00  32.67  -16.92 1013.5          FUNCHAL
1877 01 03 08 00  32.67  -16.92 1004.2          FUNCHAL
1877 01 04 08 00  32.67  -16.92 1010.8          FUNCHAL
1877 01 05 08 00  32.67  -16.92 1016.1          FUNCHAL
1877 01 06 08 00  32.67  -16.92 1012.1          FUNCHAL
1877 01 07 08 00  32.67  -16.92 1004.2          FUNCHAL
1877 01 08 08 00  32.67  -16.92 1006.8          FUNCHAL
1877 01 09 08 00  32.67  -16.92 1005.5          FUNCHAL
1877 01 10 08 00  32.67  -16.92 1016.1          FUNCHAL
1877 01 11 08 00  32.67  -16.92 1022.8          FUNCHAL
1877 01 12 08 00  32.67  -16.92 1025.4          FUNCHAL
1877 01 13 08 00  32.67  -16.92 1022.8          FUNCHAL
1877 01 14 08 00  32.67  -16.92 1024.1          FUNCHAL
1877 01 15 08 00  32.67  -16.92 1026.8          FUNCHAL
1877 01 16 08 00  32.67  -16.92 1024.1          FUNCHAL
1877 01 17 08 00  32.67  -16.92 1022.8          FUNCHAL
1877 01 18 08 00  32.67  -16.92 1017.5          FUNCHAL
1877 01 19 08 00  32.67  -16.92 1016.1          FUNCHAL
1877 01 20 08 00  32.67  -16.92 1020.1          FUNCHAL
1877 01 21 08 00  32.67  -16.92 1018.8          FUNCHAL
1877 01 22 08 00  32.67  -16.92 1014.8          FUNCHAL
1877 01 23 08 00  32.67  -16.92 1013.5          FUNCHAL
1877 01 24 08 00  32.67  -16.92 1017.5          FUNCHAL
1877 01 25 08 00  32.67  -16.92 1018.8          FUNCHAL
1877 01 26 08 00  32.67  -16.92 1022.8          FUNCHAL
1877 01 27 08 00  32.67  -16.92 1024.1          FUNCHAL
1877 01 28 08 00  32.67  -16.92 1025.4          FUNCHAL
1877 01 29 08 00  32.67  -16.92 1025.4          FUNCHAL
1877 01 30 08 00  32.67  -16.92 1026.8          FUNCHAL
1877 01 31 08 00  32.67  -16.92 1025.4          FUNCHAL
