1873 06 01 08 00  36.75    3.06 1011.1          ALGIERS
1873 06 03 08 00  36.75    3.06 1009.5          ALGIERS
1873 06 04 08 00  36.75    3.06 1011.1          ALGIERS
1873 06 05 08 00  36.75    3.06 1016.0          ALGIERS
1873 06 06 08 00  36.75    3.06 1017.3          ALGIERS
1873 06 07 08 00  36.75    3.06 1016.8          ALGIERS
1873 06 09 08 00  36.75    3.06 1014.5          ALGIERS
1873 06 10 08 00  36.75    3.06 1012.9          ALGIERS
1873 06 11 08 00  36.75    3.06 1013.9          ALGIERS
1873 06 13 08 00  36.75    3.06 1013.9          ALGIERS
1873 06 14 08 00  36.75    3.06 1018.2          ALGIERS
1873 06 16 08 00  36.75    3.06 1014.3          ALGIERS
1873 06 17 08 00  36.75    3.06 1015.9          ALGIERS
1873 06 18 08 00  36.75    3.06 1019.3          ALGIERS
1873 06 19 08 00  36.75    3.06  622.4          ALGIERS
1873 06 20 08 00  36.75    3.06 1019.7          ALGIERS
1873 06 21 08 00  36.75    3.06 1019.2          ALGIERS
1873 06 23 08 00  36.75    3.06 1014.9          ALGIERS
1873 06 24 08 00  36.75    3.06 1014.1          ALGIERS
1873 06 25 08 00  36.75    3.06 1020.4          ALGIERS
1873 06 26 08 00  36.75    3.06 1017.2          ALGIERS
1873 06 27 08 00  36.75    3.06 1019.6          ALGIERS
1873 06 29 08 00  36.75    3.06 1015.6          ALGIERS
1873 06 30 08 00  36.75    3.06 1016.8          ALGIERS
1873 06 03 08 00  30.51   47.78 1009.5            BASRA
1873 06 13 08 00  30.51   47.78 1002.8            BASRA
1873 06 15 08 00  30.51   47.78 1006.8            BASRA
1873 06 29 08 00  30.51   47.78 1009.5            BASRA
1873 06 01 08 00  38.66  -27.23 1009.7            ANGRA
1873 06 02 08 00  38.66  -27.23 1010.4            ANGRA
1873 06 03 08 00  38.66  -27.23 1013.1            ANGRA
1873 06 04 08 00  38.66  -27.23 1013.1            ANGRA
1873 06 05 08 00  38.66  -27.23 1017.5            ANGRA
1873 06 06 08 00  38.66  -27.23 1020.8            ANGRA
1873 06 07 08 00  38.66  -27.23 1021.8            ANGRA
1873 06 08 08 00  38.66  -27.23 1020.2            ANGRA
1873 06 09 08 00  38.66  -27.23 1020.8            ANGRA
1873 06 10 08 00  38.66  -27.23 1019.0            ANGRA
1873 06 11 08 00  38.66  -27.23 1018.4            ANGRA
1873 06 12 08 00  38.66  -27.23 1016.8            ANGRA
1873 06 13 08 00  38.66  -27.23 1012.5            ANGRA
1873 06 14 08 00  38.66  -27.23 1012.4            ANGRA
1873 06 15 08 00  38.66  -27.23 1014.0            ANGRA
1873 06 16 08 00  38.66  -27.23 1019.2            ANGRA
1873 06 17 08 00  38.66  -27.23 1015.1            ANGRA
1873 06 18 08 00  38.66  -27.23 1008.9            ANGRA
1873 06 19 08 00  38.66  -27.23 1016.4            ANGRA
1873 06 20 08 00  38.66  -27.23 1020.2            ANGRA
1873 06 21 08 00  38.66  -27.23 1021.7            ANGRA
1873 06 22 08 00  38.66  -27.23 1023.6            ANGRA
1873 06 23 08 00  38.66  -27.23 1024.0            ANGRA
1873 06 24 08 00  38.66  -27.23 1022.2            ANGRA
1873 06 25 08 00  38.66  -27.23 1020.5            ANGRA
1873 06 26 08 00  38.66  -27.23 1017.6            ANGRA
1873 06 27 08 00  38.66  -27.23 1015.9            ANGRA
1873 06 28 08 00  38.66  -27.23 1013.7            ANGRA
1873 06 29 08 00  38.66  -27.23 1018.6            ANGRA
1873 06 30 08 00  38.66  -27.23 1021.6            ANGRA
1873 06 01 08 00  38.72   -9.14 1014.4           LISBON
1873 06 02 08 00  38.72   -9.14 1007.9           LISBON
1873 06 03 08 00  38.72   -9.14 1007.3           LISBON
1873 06 04 08 00  38.72   -9.14 1007.3           LISBON
1873 06 05 08 00  38.72   -9.14 1016.0           LISBON
1873 06 06 08 00  38.72   -9.14 1019.0           LISBON
1873 06 07 08 00  38.72   -9.14 1018.2           LISBON
1873 06 08 08 00  38.72   -9.14 1016.5           LISBON
1873 06 09 08 00  38.72   -9.14 1014.3           LISBON
1873 06 10 08 00  38.72   -9.14 1014.8           LISBON
1873 06 11 08 00  38.72   -9.14 1018.6           LISBON
1873 06 12 08 00  38.72   -9.14 1019.6           LISBON
1873 06 13 08 00  38.72   -9.14 1019.8           LISBON
1873 06 14 08 00  38.72   -9.14 1018.6           LISBON
1873 06 15 08 00  38.72   -9.14 1017.2           LISBON
1873 06 16 08 00  38.72   -9.14 1020.2           LISBON
1873 06 17 08 00  38.72   -9.14 1020.5           LISBON
1873 06 18 08 00  38.72   -9.14 1022.4           LISBON
1873 06 19 08 00  38.72   -9.14 1024.2           LISBON
1873 06 20 08 00  38.72   -9.14 1020.6           LISBON
1873 06 21 08 00  38.72   -9.14 1017.8           LISBON
1873 06 22 08 00  38.72   -9.14 1018.0           LISBON
1873 06 23 08 00  38.72   -9.14 1018.2           LISBON
1873 06 24 08 00  38.72   -9.14 1016.5           LISBON
1873 06 25 08 00  38.72   -9.14 1020.2           LISBON
1873 06 26 08 00  38.72   -9.14 1016.9           LISBON
1873 06 27 08 00  38.72   -9.14 1015.3           LISBON
1873 06 28 08 00  38.72   -9.14 1016.0           LISBON
1873 06 29 08 00  38.72   -9.14 1017.6           LISBON
1873 06 30 08 00  38.72   -9.14 1020.8           LISBON
1873 06 01 08 00  57.20   -2.20 1023.0         ABERDEEN
1873 06 02 08 00  57.20   -2.20 1027.4         ABERDEEN
1873 06 03 08 00  57.20   -2.20 1022.0         ABERDEEN
1873 06 04 08 00  57.20   -2.20 1015.6         ABERDEEN
1873 06 05 08 00  57.20   -2.20 1012.9         ABERDEEN
1873 06 06 08 00  57.20   -2.20 1021.0         ABERDEEN
1873 06 07 08 00  57.20   -2.20 1024.7         ABERDEEN
1873 06 08 08 00  57.20   -2.20 1018.6         ABERDEEN
1873 06 09 08 00  57.20   -2.20 1010.2         ABERDEEN
1873 06 10 08 00  57.20   -2.20  992.9         ABERDEEN
1873 06 11 08 00  57.20   -2.20  997.0         ABERDEEN
1873 06 12 08 00  57.20   -2.20 1002.4         ABERDEEN
1873 06 13 08 00  57.20   -2.20 1002.4         ABERDEEN
1873 06 14 08 00  57.20   -2.20 1003.4         ABERDEEN
1873 06 15 08 00  57.20   -2.20 1007.8         ABERDEEN
1873 06 16 08 00  57.20   -2.20 1009.8         ABERDEEN
1873 06 17 08 00  57.20   -2.20 1016.9         ABERDEEN
1873 06 18 08 00  57.20   -2.20 1015.2         ABERDEEN
1873 06 19 08 00  57.20   -2.20 1014.2         ABERDEEN
1873 06 20 08 00  57.20   -2.20 1014.2         ABERDEEN
1873 06 21 08 00  57.20   -2.20 1013.5         ABERDEEN
1873 06 22 08 00  57.20   -2.20 1011.5         ABERDEEN
1873 06 23 08 00  57.20   -2.20 1009.8         ABERDEEN
1873 06 24 08 00  57.20   -2.20 1007.5         ABERDEEN
1873 06 25 08 00  57.20   -2.20 1000.3         ABERDEEN
1873 06 26 08 00  57.20   -2.20 1015.6         ABERDEEN
1873 06 27 08 00  57.20   -2.20 1009.8         ABERDEEN
1873 06 28 08 00  57.20   -2.20 1008.8         ABERDEEN
1873 06 29 08 00  57.20   -2.20 1015.2         ABERDEEN
1873 06 30 08 00  57.20   -2.20 1009.5         ABERDEEN
1873 06 01 08 00  45.94   -0.96 1018.3        ROCHEFORT
1873 06 02 08 00  45.94   -0.96 1013.9        ROCHEFORT
1873 06 03 08 00  45.94   -0.96 1011.5        ROCHEFORT
1873 06 04 08 00  45.94   -0.96 1011.9        ROCHEFORT
1873 06 05 08 00  45.94   -0.96 1010.8        ROCHEFORT
1873 06 06 08 00  45.94   -0.96 1013.5        ROCHEFORT
1873 06 07 08 00  45.94   -0.96 1017.9        ROCHEFORT
1873 06 08 08 00  45.94   -0.96 1022.7        ROCHEFORT
1873 06 09 08 00  45.94   -0.96 1022.0        ROCHEFORT
1873 06 10 08 00  45.94   -0.96 1017.9        ROCHEFORT
1873 06 11 08 00  45.94   -0.96 1013.5        ROCHEFORT
1873 06 12 08 00  45.94   -0.96 1005.4        ROCHEFORT
1873 06 13 08 00  45.94   -0.96 1010.2        ROCHEFORT
1873 06 14 08 00  45.94   -0.96 1015.6        ROCHEFORT
1873 06 15 08 00  45.94   -0.96 1015.9        ROCHEFORT
1873 06 16 08 00  45.94   -0.96 1017.9        ROCHEFORT
1873 06 17 08 00  45.94   -0.96 1014.9        ROCHEFORT
1873 06 18 08 00  45.94   -0.96 1020.3        ROCHEFORT
1873 06 19 08 00  45.94   -0.96 1025.7        ROCHEFORT
1873 06 20 08 00  45.94   -0.96 1026.1        ROCHEFORT
1873 06 21 08 00  45.94   -0.96 1026.8        ROCHEFORT
1873 06 22 08 00  45.94   -0.96 1021.0        ROCHEFORT
1873 06 23 08 00  45.94   -0.96 1021.3        ROCHEFORT
1873 06 24 08 00  45.94   -0.96 1025.7        ROCHEFORT
1873 06 25 08 00  45.94   -0.96 1025.4        ROCHEFORT
1873 06 26 08 00  45.94   -0.96 1028.4        ROCHEFORT
1873 06 27 08 00  45.94   -0.96 1027.1        ROCHEFORT
1873 06 28 08 00  45.94   -0.96 1021.0        ROCHEFORT
1873 06 29 08 00  45.94   -0.96 1014.9        ROCHEFORT
1873 06 30 08 00  45.94   -0.96 1017.3        ROCHEFORT
1873 06 01 08 00  51.80   -8.30 1021.7      ROCHESPOINT
1873 06 02 08 00  51.80   -8.30 1021.7      ROCHESPOINT
1873 06 03 08 00  51.80   -8.30 1014.6      ROCHESPOINT
1873 06 04 08 00  51.80   -8.30 1009.5      ROCHESPOINT
1873 06 05 08 00  51.80   -8.30 1012.2      ROCHESPOINT
1873 06 06 08 00  51.80   -8.30 1020.0      ROCHESPOINT
1873 06 07 08 00  51.80   -8.30 1027.8      ROCHESPOINT
1873 06 08 08 00  51.80   -8.30 1027.1      ROCHESPOINT
1873 06 09 08 00  51.80   -8.30 1020.3      ROCHESPOINT
1873 06 10 08 00  51.80   -8.30 1003.7      ROCHESPOINT
1873 06 11 08 00  51.80   -8.30 1001.4      ROCHESPOINT
1873 06 12 08 00  51.80   -8.30 1000.0      ROCHESPOINT
1873 06 13 08 00  51.80   -8.30 1006.4      ROCHESPOINT
1873 06 14 08 00  51.80   -8.30 1008.1      ROCHESPOINT
1873 06 15 08 00  51.80   -8.30 1011.2      ROCHESPOINT
1873 06 16 08 00  51.80   -8.30 1013.5      ROCHESPOINT
1873 06 17 08 00  51.80   -8.30 1014.6      ROCHESPOINT
1873 06 18 08 00  51.80   -8.30 1013.2      ROCHESPOINT
1873 06 19 08 00  51.80   -8.30 1007.8      ROCHESPOINT
1873 06 20 08 00  51.80   -8.30 1020.3      ROCHESPOINT
1873 06 21 08 00  51.80   -8.30 1023.4      ROCHESPOINT
1873 06 22 08 00  51.80   -8.30 1016.3      ROCHESPOINT
1873 06 23 08 00  51.80   -8.30 1019.6      ROCHESPOINT
1873 06 24 08 00  51.80   -8.30 1014.9      ROCHESPOINT
1873 06 25 08 00  51.80   -8.30 1019.3      ROCHESPOINT
1873 06 26 08 00  51.80   -8.30 1023.7      ROCHESPOINT
1873 06 27 08 00  51.80   -8.30 1021.0      ROCHESPOINT
1873 06 28 08 00  51.80   -8.30 1015.9      ROCHESPOINT
1873 06 29 08 00  51.80   -8.30 1013.5      ROCHESPOINT
1873 06 30 08 00  51.80   -8.30 1014.9      ROCHESPOINT
1873 06 01 08 00  50.38   -4.14 1016.6         PLYMOUTH
1873 06 02 08 00  50.38   -4.14 1016.6         PLYMOUTH
1873 06 03 08 00  50.38   -4.14 1010.5         PLYMOUTH
1873 06 04 08 00  50.38   -4.14 1011.5         PLYMOUTH
1873 06 05 08 00  50.38   -4.14 1009.5         PLYMOUTH
1873 06 06 08 00  50.38   -4.14 1016.3         PLYMOUTH
1873 06 07 08 00  50.38   -4.14 1026.1         PLYMOUTH
1873 06 08 08 00  50.38   -4.14 1024.4         PLYMOUTH
1873 06 09 08 00  50.38   -4.14 1021.7         PLYMOUTH
1873 06 10 08 00  50.38   -4.14 1010.5         PLYMOUTH
1873 06 11 08 00  50.38   -4.14 1006.1         PLYMOUTH
1873 06 12 08 00  50.38   -4.14  998.0         PLYMOUTH
1873 06 13 08 00  50.38   -4.14 1005.4         PLYMOUTH
1873 06 14 08 00  50.38   -4.14 1005.4         PLYMOUTH
1873 06 15 08 00  50.38   -4.14 1011.2         PLYMOUTH
1873 06 16 08 00  50.38   -4.14 1015.2         PLYMOUTH
1873 06 17 08 00  50.38   -4.14 1015.6         PLYMOUTH
1873 06 18 08 00  50.38   -4.14 1016.9         PLYMOUTH
1873 06 19 08 00  50.38   -4.14 1016.9         PLYMOUTH
1873 06 20 08 00  50.38   -4.14 1023.7         PLYMOUTH
1873 06 21 08 00  50.38   -4.14 1026.1         PLYMOUTH
1873 06 22 08 00  50.38   -4.14 1021.7         PLYMOUTH
1873 06 23 08 00  50.38   -4.14 1021.0         PLYMOUTH
1873 06 24 08 00  50.38   -4.14 1019.6         PLYMOUTH
1873 06 25 08 00  50.38   -4.14 1018.3         PLYMOUTH
1873 06 26 08 00  50.38   -4.14 1026.4         PLYMOUTH
1873 06 27 08 00  50.38   -4.14 1023.7         PLYMOUTH
1873 06 28 08 00  50.38   -4.14 1019.3         PLYMOUTH
1873 06 29 08 00  50.38   -4.14 1014.2         PLYMOUTH
1873 06 30 08 00  50.38   -4.14 1012.5         PLYMOUTH
1873 06 01 08 00  41.90   12.50 1011.7             ROME
1873 06 02 08 00  41.90   12.50 1015.1             ROME
1873 06 03 08 00  41.90   12.50 1015.1             ROME
1873 06 04 08 00  41.90   12.50 1016.5             ROME
1873 06 05 08 00  41.90   12.50 1015.3             ROME
1873 06 06 08 00  41.90   12.50 1013.5             ROME
1873 06 07 08 00  41.90   12.50 1009.6             ROME
1873 06 08 08 00  41.90   12.50 1007.5             ROME
1873 06 09 08 00  41.90   12.50 1010.4             ROME
1873 06 10 08 00  41.90   12.50 1016.7             ROME
1873 06 11 08 00  41.90   12.50 1012.0             ROME
1873 06 12 08 00  41.90   12.50 1006.3             ROME
1873 06 13 08 00  41.90   12.50 1006.0             ROME
1873 06 14 08 00  41.90   12.50 1010.1             ROME
1873 06 15 08 00  41.90   12.50 1017.8             ROME
1873 06 16 08 00  41.90   12.50 1018.6             ROME
1873 06 17 08 00  41.90   12.50 1017.8             ROME
1873 06 18 08 00  41.90   12.50 1014.8             ROME
1873 06 19 08 00  41.90   12.50 1014.7             ROME
1873 06 20 08 00  41.90   12.50 1016.5             ROME
1873 06 21 08 00  41.90   12.50 1018.9             ROME
1873 06 22 08 00  41.90   12.50 1018.0             ROME
1873 06 23 08 00  41.90   12.50 1015.7             ROME
1873 06 24 08 00  41.90   12.50 1015.6             ROME
1873 06 25 08 00  41.90   12.50 1014.8             ROME
1873 06 26 08 00  41.90   12.50 1010.0             ROME
1873 06 27 08 00  41.90   12.50 1015.9             ROME
1873 06 28 08 00  41.90   12.50 1018.1             ROME
1873 06 29 08 00  41.90   12.50 1019.8             ROME
1873 06 30 08 00  41.90   12.50 1019.0             ROME
1873 06 01 08 00  48.39   -4.49 1016.9            BREST
1873 06 02 08 00  48.39   -4.49 1014.9            BREST
1873 06 03 08 00  48.39   -4.49 1010.5            BREST
1873 06 04 08 00  48.39   -4.49 1011.2            BREST
1873 06 05 08 00  48.39   -4.49 1011.5            BREST
1873 06 06 08 00  48.39   -4.49 1013.2            BREST
1873 06 07 08 00  48.39   -4.49 1022.4            BREST
1873 06 08 08 00  48.39   -4.49 1025.7            BREST
1873 06 09 08 00  48.39   -4.49 1023.0            BREST
1873 06 10 08 00  48.39   -4.49 1012.9            BREST
1873 06 11 08 00  48.39   -4.49 1008.8            BREST
1873 06 12 08 00  48.39   -4.49  999.3            BREST
1873 06 13 08 00  48.39   -4.49 1007.8            BREST
1873 06 14 08 00  48.39   -4.49 1007.1            BREST
1873 06 15 08 00  48.39   -4.49 1012.5            BREST
1873 06 16 08 00  48.39   -4.49 1016.3            BREST
1873 06 17 08 00  48.39   -4.49 1015.2            BREST
1873 06 18 08 00  48.39   -4.49 1018.3            BREST
1873 06 19 08 00  48.39   -4.49 1017.9            BREST
1873 06 20 08 00  48.39   -4.49 1024.4            BREST
1873 06 21 08 00  48.39   -4.49 1027.4            BREST
1873 06 22 08 00  48.39   -4.49 1021.0            BREST
1873 06 23 08 00  48.39   -4.49 1024.4            BREST
1873 06 24 08 00  48.39   -4.49 1022.7            BREST
1873 06 25 08 00  48.39   -4.49 1023.4            BREST
1873 06 26 08 00  48.39   -4.49 1029.1            BREST
1873 06 27 08 00  48.39   -4.49 1027.4            BREST
1873 06 28 08 00  48.39   -4.49 1020.3            BREST
1873 06 29 08 00  48.39   -4.49 1013.5            BREST
1873 06 30 08 00  48.39   -4.49 1015.6            BREST
1873 06 01 08 00  45.76    4.84 1020.0            LYONS
1873 06 02 08 00  45.76    4.84 1015.9            LYONS
1873 06 03 08 00  45.76    4.84 1015.6            LYONS
1873 06 04 08 00  45.76    4.84 1016.6            LYONS
1873 06 05 08 00  45.76    4.84 1015.6            LYONS
1873 06 06 08 00  45.76    4.84 1014.6            LYONS
1873 06 07 08 00  45.76    4.84 1015.9            LYONS
1873 06 08 08 00  45.76    4.84 1020.3            LYONS
1873 06 09 08 00  45.76    4.84 1022.7            LYONS
1873 06 10 08 00  45.76    4.84 1020.0            LYONS
1873 06 11 08 00  45.76    4.84 1014.9            LYONS
1873 06 12 08 00  45.76    4.84 1010.5            LYONS
1873 06 13 08 00  45.76    4.84 1010.5            LYONS
1873 06 14 08 00  45.76    4.84 1018.6            LYONS
1873 06 15 08 00  45.76    4.84 1019.6            LYONS
1873 06 16 08 00  45.76    4.84 1020.3            LYONS
1873 06 17 08 00  45.76    4.84 1019.3            LYONS
1873 06 18 08 00  45.76    4.84 1022.7            LYONS
1873 06 19 08 00  45.76    4.84 1025.1            LYONS
1873 06 20 08 00  45.76    4.84 1025.4            LYONS
1873 06 21 08 00  45.76    4.84 1025.4            LYONS
1873 06 22 08 00  45.76    4.84 1025.4            LYONS
1873 06 23 08 00  45.76    4.84 1021.0            LYONS
1873 06 24 08 00  45.76    4.84 1024.4            LYONS
1873 06 25 08 00  45.76    4.84 1025.4            LYONS
1873 06 26 08 00  45.76    4.84 1025.4            LYONS
1873 06 27 08 00  45.76    4.84 1026.8            LYONS
1873 06 28 08 00  45.76    4.84 1024.7            LYONS
1873 06 29 08 00  45.76    4.84 1021.3            LYONS
1873 06 30 08 00  45.76    4.84 1017.3            LYONS
1873 06 01 08 00  43.12    5.93 1013.5           TOULON
1873 06 02 08 00  43.12    5.93 1015.2           TOULON
1873 06 03 08 00  43.12    5.93 1012.2           TOULON
1873 06 04 08 00  43.12    5.93 1012.5           TOULON
1873 06 05 08 00  43.12    5.93 1014.2           TOULON
1873 06 06 08 00  43.12    5.93 1013.9           TOULON
1873 06 07 08 00  43.12    5.93 1010.5           TOULON
1873 06 09 08 00  43.12    5.93 1013.9           TOULON
1873 06 10 08 00  43.12    5.93 1017.3           TOULON
1873 06 11 08 00  43.12    5.93 1014.2           TOULON
1873 06 12 08 00  43.12    5.93 1008.8           TOULON
1873 06 13 08 00  43.12    5.93 1006.8           TOULON
1873 06 14 08 00  43.12    5.93 1013.9           TOULON
1873 06 15 08 00  43.12    5.93 1016.6           TOULON
1873 06 16 08 00  43.12    5.93 1019.0           TOULON
1873 06 17 08 00  43.12    5.93 1017.6           TOULON
1873 06 18 08 00  43.12    5.93 1018.3           TOULON
1873 06 19 08 00  43.12    5.93 1016.9           TOULON
1873 06 20 08 00  43.12    5.93 1018.6           TOULON
1873 06 21 08 00  43.12    5.93 1022.4           TOULON
1873 06 22 08 00  43.12    5.93 1021.3           TOULON
1873 06 23 08 00  43.12    5.93 1017.3           TOULON
1873 06 24 08 00  43.12    5.93 1016.3           TOULON
1873 06 25 08 00  43.12    5.93 1017.9           TOULON
1873 06 26 08 00  43.12    5.93 1013.5           TOULON
1873 06 27 08 00  43.12    5.93 1019.0           TOULON
1873 06 28 08 00  43.12    5.93 1019.3           TOULON
1873 06 29 08 00  43.12    5.93 1021.3           TOULON
1873 06 30 08 00  43.12    5.93 1019.3           TOULON
1873 06 02 08 00  33.31   44.36 1008.1          BAGHDAD
1873 06 03 08 00  33.31   44.36 1008.1          BAGHDAD
1873 06 09 08 00  33.31   44.36 1009.5          BAGHDAD
1873 06 10 08 00  33.31   44.36 1010.8          BAGHDAD
1873 06 12 08 00  33.31   44.36 1009.5          BAGHDAD
1873 06 14 08 00  33.31   44.36 1006.8          BAGHDAD
1873 06 15 08 00  33.31   44.36 1009.5          BAGHDAD
1873 06 22 08 00  33.31   44.36 1008.1          BAGHDAD
1873 06 23 08 00  33.31   44.36 1001.5          BAGHDAD
1873 06 27 08 00  33.31   44.36 1008.1          BAGHDAD
1873 06 29 08 00  33.31   44.36 1006.8          BAGHDAD
1873 06 30 08 00  33.31   44.36 1008.1          BAGHDAD
1873 06 01 08 00  58.20   -6.30 1024.7        STORNOWAY
1873 06 02 08 00  58.20   -6.30 1026.4        STORNOWAY
1873 06 03 08 00  58.20   -6.30 1021.7        STORNOWAY
1873 06 04 08 00  58.20   -6.30 1014.9        STORNOWAY
1873 06 05 08 00  58.20   -6.30 1016.9        STORNOWAY
1873 06 06 08 00  58.20   -6.30 1023.7        STORNOWAY
1873 06 07 08 00  58.20   -6.30 1022.4        STORNOWAY
1873 06 08 08 00  58.20   -6.30 1021.0        STORNOWAY
1873 06 09 08 00  58.20   -6.30 1008.5        STORNOWAY
1873 06 10 08 00  58.20   -6.30  983.1        STORNOWAY
1873 06 11 08 00  58.20   -6.30  992.2        STORNOWAY
1873 06 12 08 00  58.20   -6.30 1000.3        STORNOWAY
1873 06 13 08 00  58.20   -6.30 1003.7        STORNOWAY
1873 06 14 08 00  58.20   -6.30 1004.7        STORNOWAY
1873 06 15 08 00  58.20   -6.30 1006.4        STORNOWAY
1873 06 16 08 00  58.20   -6.30 1008.5        STORNOWAY
1873 06 17 08 00  58.20   -6.30 1014.9        STORNOWAY
1873 06 18 08 00  58.20   -6.30 1008.5        STORNOWAY
1873 06 19 08 00  58.20   -6.30 1009.8        STORNOWAY
1873 06 20 08 00  58.20   -6.30 1011.2        STORNOWAY
1873 06 21 08 00  58.20   -6.30 1012.2        STORNOWAY
1873 06 22 08 00  58.20   -6.30 1006.4        STORNOWAY
1873 06 23 08 00  58.20   -6.30 1006.4        STORNOWAY
1873 06 24 08 00  58.20   -6.30  998.6        STORNOWAY
1873 06 25 08 00  58.20   -6.30 1007.8        STORNOWAY
1873 06 26 08 00  58.20   -6.30 1013.9        STORNOWAY
1873 06 27 08 00  58.20   -6.30 1007.5        STORNOWAY
1873 06 28 08 00  58.20   -6.30 1009.5        STORNOWAY
1873 06 29 08 00  58.20   -6.30 1011.2        STORNOWAY
1873 06 30 08 00  58.20   -6.30 1009.8        STORNOWAY
1873 06 02 08 00  37.93   40.21 1014.8       DIYARBAKIR
1873 06 10 08 00  37.93   40.21 1016.1       DIYARBAKIR
1873 06 12 08 00  37.93   40.21 1006.8       DIYARBAKIR
1873 06 01 08 00  32.67  -16.92 1004.4          FUNCHAL
1873 06 02 08 00  32.67  -16.92 1001.4          FUNCHAL
1873 06 03 08 00  32.67  -16.92 1003.0          FUNCHAL
1873 06 04 08 00  32.67  -16.92 1011.2          FUNCHAL
1873 06 05 08 00  32.67  -16.92 1018.5          FUNCHAL
1873 06 06 08 00  32.67  -16.92 1020.8          FUNCHAL
1873 06 07 08 00  32.67  -16.92 1019.0          FUNCHAL
1873 06 08 08 00  32.67  -16.92 1016.5          FUNCHAL
1873 06 09 08 00  32.67  -16.92 1015.1          FUNCHAL
1873 06 10 08 00  32.67  -16.92 1017.8          FUNCHAL
1873 06 11 08 00  32.67  -16.92 1021.2          FUNCHAL
1873 06 12 08 00  32.67  -16.92 1020.1          FUNCHAL
1873 06 13 08 00  32.67  -16.92 1018.0          FUNCHAL
1873 06 14 08 00  32.67  -16.92 1015.6          FUNCHAL
1873 06 15 08 00  32.67  -16.92 1015.9          FUNCHAL
1873 06 16 08 00  32.67  -16.92 1016.4          FUNCHAL
1873 06 17 08 00  32.67  -16.92 1018.0          FUNCHAL
1873 06 18 08 00  32.67  -16.92 1019.0          FUNCHAL
1873 06 19 08 00  32.67  -16.92 1021.6          FUNCHAL
1873 06 20 08 00  32.67  -16.92 1020.6          FUNCHAL
1873 06 21 08 00  32.67  -16.92 1018.2          FUNCHAL
1873 06 22 08 00  32.67  -16.92 1017.7          FUNCHAL
1873 06 23 08 00  32.67  -16.92 1017.6          FUNCHAL
1873 06 24 08 00  32.67  -16.92 1015.6          FUNCHAL
1873 06 25 08 00  32.67  -16.92 1015.2          FUNCHAL
1873 06 26 08 00  32.67  -16.92 1013.5          FUNCHAL
1873 06 27 08 00  32.67  -16.92 1011.6          FUNCHAL
1873 06 28 08 00  32.67  -16.92 1012.3          FUNCHAL
1873 06 29 08 00  32.67  -16.92 1016.1          FUNCHAL
1873 06 30 08 00  32.67  -16.92 1017.8          FUNCHAL
1873 06 01 08 00  55.20   -6.99 1023.7      GREENCASTLE
1873 06 01 14 00  55.20   -6.99 1023.0      GREENCASTLE
1873 06 02 08 00  55.20   -6.99 1026.1      GREENCASTLE
1873 06 03 08 00  55.20   -6.99 1019.0      GREENCASTLE
1873 06 04 08 00  55.20   -6.99 1013.2      GREENCASTLE
1873 06 04 14 00  55.20   -6.99 1015.9      GREENCASTLE
1873 06 05 08 00  55.20   -6.99 1014.9      GREENCASTLE
1873 06 05 14 00  55.20   -6.99 1012.5      GREENCASTLE
1873 06 06 08 00  55.20   -6.99 1023.7      GREENCASTLE
1873 06 06 14 00  55.20   -6.99 1017.3      GREENCASTLE
1873 06 07 08 00  55.20   -6.99 1029.1      GREENCASTLE
1873 06 07 14 00  55.20   -6.99 1026.4      GREENCASTLE
1873 06 08 08 00  55.20   -6.99 1025.7      GREENCASTLE
1873 06 08 14 00  55.20   -6.99 1028.4      GREENCASTLE
1873 06 09 08 00  55.20   -6.99 1015.9      GREENCASTLE
1873 06 10 08 00  55.20   -6.99  997.3      GREENCASTLE
1873 06 10 14 00  55.20   -6.99 1012.5      GREENCASTLE
1873 06 11 08 00  55.20   -6.99  998.6      GREENCASTLE
1873 06 11 14 00  55.20   -6.99  998.3      GREENCASTLE
1873 06 12 08 00  55.20   -6.99 1001.0      GREENCASTLE
1873 06 12 14 00  55.20   -6.99  998.3      GREENCASTLE
1873 06 13 08 00  55.20   -6.99 1005.4      GREENCASTLE
1873 06 13 14 00  55.20   -6.99 1002.7      GREENCASTLE
1873 06 14 08 00  55.20   -6.99 1007.8      GREENCASTLE
1873 06 14 14 00  55.20   -6.99 1005.4      GREENCASTLE
1873 06 15 08 00  55.20   -6.99 1009.8      GREENCASTLE
1873 06 15 14 00  55.20   -6.99 1008.5      GREENCASTLE
1873 06 16 08 00  55.20   -6.99 1013.5      GREENCASTLE
1873 06 17 08 00  55.20   -6.99 1015.2      GREENCASTLE
1873 06 17 14 00  55.20   -6.99 1013.9      GREENCASTLE
1873 06 18 08 00  55.20   -6.99 1013.2      GREENCASTLE
1873 06 18 14 00  55.20   -6.99 1013.5      GREENCASTLE
1873 06 19 08 00  55.20   -6.99 1007.1      GREENCASTLE
1873 06 19 14 00  55.20   -6.99 1013.5      GREENCASTLE
1873 06 20 08 00  55.20   -6.99 1016.6      GREENCASTLE
1873 06 20 14 00  55.20   -6.99 1008.1      GREENCASTLE
1873 06 21 08 00  55.20   -6.99 1020.0      GREENCASTLE
1873 06 21 14 00  55.20   -6.99 1014.9      GREENCASTLE
1873 06 22 08 00  55.20   -6.99 1010.2      GREENCASTLE
1873 06 22 14 00  55.20   -6.99 1019.6      GREENCASTLE
1873 06 23 08 00  55.20   -6.99 1015.6      GREENCASTLE
1873 06 24 08 00  55.20   -6.99 1007.1      GREENCASTLE
1873 06 24 14 00  55.20   -6.99 1016.3      GREENCASTLE
1873 06 25 08 00  55.20   -6.99 1013.2      GREENCASTLE
1873 06 25 14 00  55.20   -6.99 1006.8      GREENCASTLE
1873 06 26 08 00  55.20   -6.99 1016.6      GREENCASTLE
1873 06 26 14 00  55.20   -6.99 1020.0      GREENCASTLE
1873 06 27 08 00  55.20   -6.99 1012.9      GREENCASTLE
1873 06 27 14 00  55.20   -6.99 1014.2      GREENCASTLE
1873 06 28 08 00  55.20   -6.99 1010.2      GREENCASTLE
1873 06 28 14 00  55.20   -6.99 1011.2      GREENCASTLE
1873 06 29 08 00  55.20   -6.99 1013.2      GREENCASTLE
1873 06 29 14 00  55.20   -6.99 1014.6      GREENCASTLE
1873 06 30 08 00  55.20   -6.99 1013.9      GREENCASTLE
