1867 11 01 08 00  57.20   -2.20 1002.0         ABERDEEN
1867 11 02 08 00  57.20   -2.20 1026.1         ABERDEEN
1867 11 03 08 00  57.20   -2.20 1023.7         ABERDEEN
1867 11 04 08 00  57.20   -2.20 1020.7         ABERDEEN
1867 11 05 08 00  57.20   -2.20 1028.4         ABERDEEN
1867 11 06 08 00  57.20   -2.20 1030.1         ABERDEEN
1867 11 07 08 00  57.20   -2.20 1025.7         ABERDEEN
1867 11 08 08 00  57.20   -2.20 1027.4         ABERDEEN
1867 11 09 08 00  57.20   -2.20 1035.2         ABERDEEN
1867 11 10 08 00  57.20   -2.20 1033.9         ABERDEEN
1867 11 11 08 00  57.20   -2.20 1027.4         ABERDEEN
1867 11 12 08 00  57.20   -2.20 1022.4         ABERDEEN
1867 11 13 08 00  57.20   -2.20 1011.2         ABERDEEN
1867 11 14 08 00  57.20   -2.20 1004.4         ABERDEEN
1867 11 15 08 00  57.20   -2.20 1004.7         ABERDEEN
1867 11 16 08 00  57.20   -2.20 1019.0         ABERDEEN
1867 11 17 08 00  57.20   -2.20 1026.8         ABERDEEN
1867 11 18 08 00  57.20   -2.20 1025.1         ABERDEEN
1867 11 19 08 00  57.20   -2.20 1023.7         ABERDEEN
1867 11 20 08 00  57.20   -2.20 1031.5         ABERDEEN
1867 11 21 08 00  57.20   -2.20 1037.6         ABERDEEN
1867 11 22 08 00  57.20   -2.20 1033.9         ABERDEEN
1867 11 23 08 00  57.20   -2.20 1034.2         ABERDEEN
1867 11 24 08 00  57.20   -2.20 1033.9         ABERDEEN
1867 11 25 08 00  57.20   -2.20 1024.4         ABERDEEN
1867 11 26 08 00  57.20   -2.20 1010.8         ABERDEEN
1867 11 27 08 00  57.20   -2.20 1021.7         ABERDEEN
1867 11 28 08 00  57.20   -2.20 1019.0         ABERDEEN
1867 11 29 08 00  57.20   -2.20 1021.0         ABERDEEN
1867 11 30 08 00  57.20   -2.20 1007.8         ABERDEEN
1867 11 01 08 00  45.94   -0.96 1018.6        ROCHEFORT
1867 11 02 08 00  45.94   -0.96 1025.4        ROCHEFORT
1867 11 03 08 00  45.94   -0.96 1033.2        ROCHEFORT
1867 11 04 08 00  45.94   -0.96 1030.5        ROCHEFORT
1867 11 05 08 00  45.94   -0.96 1025.4        ROCHEFORT
1867 11 06 08 00  45.94   -0.96 1022.7        ROCHEFORT
1867 11 07 08 00  45.94   -0.96 1026.8        ROCHEFORT
1867 11 08 08 00  45.94   -0.96 1031.8        ROCHEFORT
1867 11 09 08 00  45.94   -0.96 1033.2        ROCHEFORT
1867 11 10 08 00  45.94   -0.96 1034.5        ROCHEFORT
1867 11 11 08 00  45.94   -0.96 1021.3        ROCHEFORT
1867 11 12 08 00  45.94   -0.96 1015.9        ROCHEFORT
1867 11 13 08 00  45.94   -0.96 1013.2        ROCHEFORT
1867 11 14 08 00  45.94   -0.96 1006.8        ROCHEFORT
1867 11 15 08 00  45.94   -0.96  998.6        ROCHEFORT
1867 11 16 08 00  45.94   -0.96  991.9        ROCHEFORT
1867 11 17 08 00  45.94   -0.96  994.6        ROCHEFORT
1867 11 18 08 00  45.94   -0.96 1011.9        ROCHEFORT
1867 11 19 08 00  45.94   -0.96 1024.0        ROCHEFORT
1867 11 20 08 00  45.94   -0.96 1028.1        ROCHEFORT
1867 11 21 08 00  45.94   -0.96 1030.5        ROCHEFORT
1867 11 22 08 00  45.94   -0.96 1031.8        ROCHEFORT
1867 11 23 08 00  45.94   -0.96 1030.5        ROCHEFORT
1867 11 24 08 00  45.94   -0.96 1031.8        ROCHEFORT
1867 11 25 08 00  45.94   -0.96 1031.8        ROCHEFORT
1867 11 26 08 00  45.94   -0.96 1028.1        ROCHEFORT
1867 11 27 08 00  45.94   -0.96 1025.4        ROCHEFORT
1867 11 28 08 00  45.94   -0.96 1029.1        ROCHEFORT
1867 11 29 08 00  45.94   -0.96 1029.1        ROCHEFORT
1867 11 30 08 00  45.94   -0.96 1022.7        ROCHEFORT
1867 11 01 08 00  50.38   -4.14 1015.9         PLYMOUTH
1867 11 02 08 00  50.38   -4.14 1030.1         PLYMOUTH
1867 11 03 08 00  50.38   -4.14 1036.6         PLYMOUTH
1867 11 04 08 00  50.38   -4.14 1033.2         PLYMOUTH
1867 11 05 08 00  50.38   -4.14 1027.8         PLYMOUTH
1867 11 06 08 00  50.38   -4.14 1029.5         PLYMOUTH
1867 11 07 08 00  50.38   -4.14 1035.6         PLYMOUTH
1867 11 08 08 00  50.38   -4.14 1037.6         PLYMOUTH
1867 11 09 08 00  50.38   -4.14 1038.6         PLYMOUTH
1867 11 10 08 00  50.38   -4.14 1034.2         PLYMOUTH
1867 11 11 08 00  50.38   -4.14 1027.8         PLYMOUTH
1867 11 12 08 00  50.38   -4.14 1021.7         PLYMOUTH
1867 11 13 08 00  50.38   -4.14 1016.9         PLYMOUTH
1867 11 14 08 00  50.38   -4.14 1002.0         PLYMOUTH
1867 11 15 08 00  50.38   -4.14 1000.0         PLYMOUTH
1867 11 16 08 00  50.38   -4.14 1003.0         PLYMOUTH
1867 11 17 08 00  50.38   -4.14 1011.2         PLYMOUTH
1867 11 18 08 00  50.38   -4.14 1025.4         PLYMOUTH
1867 11 19 08 00  50.38   -4.14 1031.5         PLYMOUTH
1867 11 20 08 00  50.38   -4.14 1036.2         PLYMOUTH
1867 11 21 08 00  50.38   -4.14 1036.6         PLYMOUTH
1867 11 22 08 00  50.38   -4.14 1038.6         PLYMOUTH
1867 11 23 08 00  50.38   -4.14 1035.9         PLYMOUTH
1867 11 24 08 00  50.38   -4.14 1038.9         PLYMOUTH
1867 11 25 08 00  50.38   -4.14 1036.6         PLYMOUTH
1867 11 26 08 00  50.38   -4.14 1029.5         PLYMOUTH
1867 11 27 08 00  50.38   -4.14 1025.4         PLYMOUTH
1867 11 28 08 00  50.38   -4.14 1030.8         PLYMOUTH
1867 11 29 08 00  50.38   -4.14 1029.1         PLYMOUTH
1867 11 30 08 00  50.38   -4.14 1015.9         PLYMOUTH
1867 11 01 08 00  48.39   -4.49 1017.3            BREST
1867 11 02 08 00  48.39   -4.49 1029.1            BREST
1867 11 03 08 00  48.39   -4.49 1035.9            BREST
1867 11 04 08 00  48.39   -4.49 1033.2            BREST
1867 11 05 08 00  48.39   -4.49 1023.4            BREST
1867 11 06 08 00  48.39   -4.49 1026.8            BREST
1867 11 07 08 00  48.39   -4.49 1031.8            BREST
1867 11 08 08 00  48.39   -4.49 1034.5            BREST
1867 11 09 08 00  48.39   -4.49 1035.9            BREST
1867 11 10 08 00  48.39   -4.49 1031.8            BREST
1867 11 11 08 00  48.39   -4.49 1025.4            BREST
1867 11 12 08 00  48.39   -4.49 1018.6            BREST
1867 11 13 08 00  48.39   -4.49 1014.6            BREST
1867 11 14 08 00  48.39   -4.49 1001.4            BREST
1867 11 15 08 00  48.39   -4.49  997.3            BREST
1867 11 16 08 00  48.39   -4.49  995.9            BREST
1867 11 17 08 00  48.39   -4.49 1002.7            BREST
1867 11 18 08 00  48.39   -4.49 1018.6            BREST
1867 11 19 08 00  48.39   -4.49 1030.5            BREST
1867 11 20 08 00  48.39   -4.49 1031.8            BREST
1867 11 21 08 00  48.39   -4.49 1033.2            BREST
1867 11 22 08 00  48.39   -4.49 1035.9            BREST
1867 11 23 08 00  48.39   -4.49 1033.2            BREST
1867 11 24 08 00  48.39   -4.49 1034.5            BREST
1867 11 25 08 00  48.39   -4.49 1034.5            BREST
1867 11 26 08 00  48.39   -4.49 1029.1            BREST
1867 11 27 08 00  48.39   -4.49 1025.4            BREST
1867 11 28 08 00  48.39   -4.49 1029.1            BREST
1867 11 29 08 00  48.39   -4.49 1029.1            BREST
1867 11 30 08 00  48.39   -4.49 1015.9            BREST
1867 11 01 08 00  55.20   -6.99 1011.2      GREENCASTLE
1867 11 02 08 00  55.20   -6.99 1031.8      GREENCASTLE
1867 11 03 08 00  55.20   -6.99 1030.8      GREENCASTLE
1867 11 04 08 00  55.20   -6.99 1027.8      GREENCASTLE
1867 11 05 08 00  55.20   -6.99 1029.8      GREENCASTLE
1867 11 06 08 00  55.20   -6.99 1031.2      GREENCASTLE
1867 11 07 08 00  55.20   -6.99 1032.8      GREENCASTLE
1867 11 08 08 00  55.20   -6.99 1034.9      GREENCASTLE
1867 11 09 08 00  55.20   -6.99 1037.9      GREENCASTLE
1867 11 10 08 00  55.20   -6.99 1033.9      GREENCASTLE
1867 11 11 08 00  55.20   -6.99 1028.1      GREENCASTLE
1867 11 12 08 00  55.20   -6.99 1023.0      GREENCASTLE
1867 11 13 08 00  55.20   -6.99 1011.5      GREENCASTLE
1867 11 14 08 00  55.20   -6.99  996.6      GREENCASTLE
1867 11 15 08 00  55.20   -6.99 1005.4      GREENCASTLE
1867 11 16 08 00  55.20   -6.99 1018.6      GREENCASTLE
1867 11 17 08 00  55.20   -6.99 1027.1      GREENCASTLE
1867 11 18 08 00  55.20   -6.99 1029.8      GREENCASTLE
1867 11 19 08 00  55.20   -6.99 1032.2      GREENCASTLE
1867 11 20 08 00  55.20   -6.99 1037.3      GREENCASTLE
1867 11 21 08 00  55.20   -6.99 1039.3      GREENCASTLE
1867 11 22 08 00  55.20   -6.99 1040.0      GREENCASTLE
1867 11 23 08 00  55.20   -6.99 1036.9      GREENCASTLE
1867 11 24 08 00  55.20   -6.99 1036.6      GREENCASTLE
1867 11 25 08 00  55.20   -6.99 1030.1      GREENCASTLE
1867 11 26 08 00  55.20   -6.99 1017.6      GREENCASTLE
1867 11 27 08 00  55.20   -6.99 1026.1      GREENCASTLE
1867 11 28 08 00  55.20   -6.99 1026.4      GREENCASTLE
1867 11 29 08 00  55.20   -6.99 1023.7      GREENCASTLE
1867 11 30 08 00  55.20   -6.99 1003.7      GREENCASTLE
