01 29556 29536 29531 29510 29510 29495 29470 29470 29464 29460 29457 29429 29400 29380 29352 29346 29326 29296 29287 29292 29300 29320 29344 29359
02 29372 29392 29400 29419 29440 29493 29529 29545 29562 29575 29573 29564 29560 29564 29577 29600 29623 29645 29674 29683 29697 29710 29712 29711
03 29691 29683 29659 29636 29587 29535 29473 29430 29367 29300 29253 29200 29144 29105 29079 29067 29062 29075 29092 29121 29137 29145 29136 29140
04 29144 29145 29156 29160 29163 29167 29173 29180 29184 29203 29184 29154 29132 29123 29109 29109 29105 29103 29090 29077 29063 29057 29027 29004
05 28994 28973 28954 28944 28939 28916 28925 28925 28944 28970 28975 29031 29105 29164 29210 29265 29290 29334 29373 29405 29434 29470 29484 29514
06 29521 29555 29565 29593 29612 29634 29654 29670 29702 29727 29750 29773 29777 29799 29824 29845 29850 29873 29894 29907 29920 29921 29934 29930
07 29925 29916 29913 29896 29867 29840 29809 29792 29752 29706 29672 29610 29554 29490 29410 29360 29290 29217 29154 29098 29062 29064 29075 29076
08 29067 29061 29059 29051 29044 29054 29063 29097 29122 29144 29174 29195 29219 29240 29267 29295 29308 29337 29354 29395 29413 29432 29460 29467
09 29489 29537 29565 29594 29620 29654 29691 29734 29760 29808 29796 29845 29857 29870 29879 29880 29900 29914 29920 29924 29922 29935 29931 29927
10 29916 29907 29900 29880 29870 29845 29831 29823 29806 29796 29776 29744 29716 29696 29665 29660 29641 29632 29619 29607 29595 29595 29587 29577
11 29565 29504 29564 29565 29564 29569 29585 29610 29644 29679 29734 29745 29769 29795 29827 29865 29880 29907 29920 29955 29972 29970 29990 29987
12 29995 29975 29984 29949 29932 29914 29858 29824 29756 29697 29667 29630 29571 29555 29522 29520 29515 29513 29475 29479 29425 29350 29327 29269
13 29200 29117 29075 29024 29000 28996 28990 28992 28997 29024 29032 29030 29044 29055 29100 29170 29247 29324 29381 29444 29500 29540 29592 29636
14 29674 29696 29720 29734 29773 29777 29805 29805 29795 29775 29767 29710 29646 29617 29576 29545 29507 29475 29430 29424 29382 29340 29300 29272
15 29244 29213 29194 29160 29140 29137 29122 29120 29105 29104 29100 29075 29046 29035 29036 29024 29010 29009 28991 28980 28994 28987 28990 29000
16 29005 29013 29019 29035 29042 29060 29082 29092 29093 29100 29091 29085 29066 29045 29020 28985 28947 28892 28846 28825 28814 28800 28785 28770
17 28730 28735 28727 28740 28761 28772 28815 28833 28854 28861 28852 28835 28815 28805 28785 28790 28784 28791 28785 28792 28785 28796 28790 28790
18 28794 28703 28798 28799 28797 28805 28816 28831 28839 28855 28874 28873 28867 28870 28874 28885 28900 28915 28936 28950 28961 28971 28982 29006
19 29026 29044 29063 29084 29090 29100 29107 29116 29124 29130 29122 29115 29114 29104 29104 29115 29115 29145 29183 29227 29265 29300 29332 29355
20 29379 29406 29422 29445 29469 29496 29522 29557 29575 29604 29626 29635 29641 29644 29645 29662 29670 29679 29684 29683 29680 29677 29669 29659
21 29649 29641 29635 29634 29630 29627 29627 29633 29644 29647 29640 29632 29621 29617 29615 29607 29605 29607 29611 29611 29613 29614 29608 29607
22 29605 29604 29600 29596 29604 29605 29610 29626 29644 29667 29685 29692 29696 29707 29716 29724 29732 29744 29751 29760 29762 29760 29764 29767
23 29757 29754 29739 29724 29707 29700 29690 29687 29687 29690 29687 29680 29663 29657 29647 29656 29665 29672 29676 29675 29683 29674 29667 29663
24 29650 29640 29632 29621 29620 29614 29612 29611 29609 29607 29596 29590 29574 29545 29536 29532 29530 29531 29532 29534 29537 29542 29550 29564
25 29572 29585 29574 29569 29576 29577 29578 29585 29590 29597 29600 29607 29594 29592 29586 29587 29587 29592 29601 29627 29614 29624 29615 29617
26 29614 29621 29622 29622 29630 29632 29643 29652 29665 29675 29680 29680 29672 29665 29666 29670 29672 29672 29672 29679 29675 29676 29676 29672
27 29676 29687 29704 29726 29736 29748 29767 29784 29805 29825 29845 29847 29845 29845 29854 29864 29879 29884 29883 29894 29895 29890 29885 29879
28 29864 29850 29834 29813 29790 29773 29761 29759 29754 29750 29744 29727 29711 29700 29692 29675 29667 29650 29642 29628 29614 29605 29595 29582
29 29567 29540 29524 29493 29477 29462 29450 29434 29426 29417 29407 29384 29365 29346 29317 29305 29300 29287 29274 29275 29272 29275 29284 29287
30 29292 29294 29294 29293 29270 29240 29219 29195 29182 29182 29170 29127 29095 29075 29028 28987 28951 28940 28924 28915 28920 28910 28910 28915
31 28900 28882 28870 28837 28800 28785 28757 28730 28715 28705 28707 28695 28694 28700 28705 28721 28740 28760 28764 28773 28779 28781 28775 28775
