01 30002 30000 30000 30000 30000 30010 30012 30026 30056 30064 30066 30062 30062 30064 30062 30058 30062 30062 30066 30070 30074 30072 30072 30066
02 30062 30058 30056 30050 30048 30050 30056 30064 30074 30084 30090 30090 30088 30088 30082 30084 30090 30092 30092 30092 30100 30110 30116 30116
03 30117 30108 30106 30096 30100 30107 30118 30120 30128 30132 30136 30136 30144 30144 30144 30146 30144 30146 30142 30146 30148 30150 30156 30160
04 30154 30154 30150 30146 30148 30154 30166 30174 30178 30188 30198 30202 30208 30216 30216 30212 30212 30214 30218 30226 30238 30244 30248 30254
05 30250 30248 30246 30240 30240 30248 30254 30260 30262 30266 30261 30255 30249 30245 30229 30225 30211 30205 30205 30205 30209 30207 30203 30201
06 30193 30183 30177 30167 30154 30157 30155 30155 30151 30147 30144 30140 30130 30118 30102 30092 30076 30062 30062 30058 30058 30052 30044 30034
07 30022 30002 29988 29970 29962 29960 29956 29956 29952 29950 29947 29945 29941 29931 29921 29913 29901 29889 29879 29877 29875 29873 29869 29867
08 29853 29851 29839 29837 29833 29833 29835 29837 29837 29847 29846 29844 29844 29838 29830 29826 29824 29820 29824 29836 29836 29840 29844 29836
09 29832 29826 29818 29810 29808 29808 29806 29808 29804 29790 29784 29770 29758 29740 29730 29712 29698 29690 29680 29680 29684 29682 29680 29660
10 29646 29638 29632 29620 29616 29616 29620 29626 29630 29634 29642 29646 29654 29660 29660 29664 29674 29678 29680 29688 29698 29700 29704 29704
11 29698 29686 29676 29674 29682 29688 29688 29686 29686 29692 29686 29682 29676 29664 29656 29642 29628 29600 29586 29560 29540 29512 29486 29460
12 29430 29404 29376 29342 29320 29320 29305 29298 29290 29278 29280 29270 29260 29240 29220 29204 29190 29182 29160 29138 29122 29104 29100 29074
13 29062 29052 29032 29014 29014 29006 29010 29012 29000 28990 28985 28983 28989 28987 28989 28991 28997 29005 29013 29033 29047 29063 29071 29079
14 29095 29103 29105 29117 29147 29175 29193 29225 29247 29277 29309 29337 29369 29401 29417 29433 29454 29499 29529 29554 29583 29593 29609 29617
15 29621 29627 29639 29643 29663 29694 29719 29744 29763 29783 29793 29803 29819 29835 29849 29849 29855 29869 29879 29885 29889 29889 29887 29881
16 29863 29855 29839 29809 29793 29791 29783 29771 29764 29755 29748 29742 29744 29744 29746 29742 29742 29742 29744 29738 29744 29732 29722 29710
17 29690 29666 29636 29610 29606 29606 29602 29598 29584 29572 29549 29531 29501 29487 29463 29465 29499 29515 29523 29527 29541 29541 29535 29533
18 29515 29505 29497 29489 29487 29491 29493 29497 29499 29505 29511 29535 29545 29551 29573 29581 29597 29599 29613 29635 29649 29653 29661 29667
19 29669 29669 29669 29671 29683 29689 29691 29709 29717 29713 29726 29732 29724 29720 29716 29710 29704 29706 29708 29708 29716 29692 29686 29664
20 29644 29618 29596 29582 29582 29572 29576 29596 29592 29598 29598 29607 29625 29637 29645 29647 29658 29683 29703 29737 29763 29782 29793 29817
21 29825 29833 29838 29859 29877 29903 29927 29947 29961 29975 29983 29997 30003 30003 30005 30023 30009 30015 30017 30029 30047 30045 30035 30011
22 29999 29985 29975 29966 29966 29963 29971 29975 29973 29971 29961 29953 29951 29951 29951 29943 29932 29931 29941 29927 29939 29935 29935 29933
23 29925 29915 29909 29899 29889 29904 29913 29911 29911 29913 29921 29913 29907 29883 29887 29887 29881 29875 29877 29875 29877 29863 29859 29844
24 29845 29839 29833 29823 29817 29819 29813 29817 29813 29799 29789 29781 29779 29771 29755 29745 29737 29735 29727 29717 29719 29707 29695 29675
25 29657 29641 29619 29607 29589 29581 29573 29569 29555 29539 29536 29517 29505 29491 29481 29479 29475 29481 29483 29485 29491 29485 29483 29479
26 29473 29467 29457 29451 29451 29457 29463 29463 29461 29457 29457 29447 29441 29423 29417 29411 29403 29395 29391 29383 29377 29367 29353 29349
27 29345 29323 29315 29307 29307 29307 29309 29303 29295 29277 29260 29222 29200 29190 29182 29180 29164 29174 29196 29258 29304 29344 29382 29404
28 29410 29416 29426 29440 29452 29469 29486 29496 29504 29516 29526 29530 29530 29534 29540 29550 29556 29560 29570 29574 29590 29594 29592 29596
29 29588 29584 29582 29582 29588 29600 29612 29622 29624 29632 29639 29643 29649 29653 29653 29657 29661 29673 29681 29691 29713 29721 29725 29727
30 29725 29723 29723 29723 29733 29749 29761 29773 29781 29787 29792 29788 29788 29790 29786 29780 29770 29768 29764 29766 29778 29776 29770 29762
31 29748 29736 29730 29708 29704 29698 29698 29698 29696 29696 29690 29694 29676 29672 29652 29634 29620 29612 29616 29618 29622 29628 29624 29618
