01 29491 29487 29487 29485 29481 29476 29477 29476 29477 29469 29470 29483 29477 29479 29467 29455 29454 29455 29463 29468 29474 29481 29481 29477
02 29475 29471 29467 29471 29475 29482 29487 29496 29504 29515 29516 29535 29542 29554 29567 29595 29615 29632 29654 29683 29700 29724 29737 29765
03 29773 29787 29800 29819 29839 29860 29873 29892 29907 29914 29920 29932 29935 29947 29954 29965 29975 29982 30000 30020 30034 30047 30047 30049
04 30049 30047 30044 30043 30047 30053 30058 30059 30050 30047 30042 30041 30039 30035 30012 30000 29996 29995 29995 29992 29991 29987 29975 29960
05 29937 29923 29915 29906 29895 29884 29869 29865 29835 29820 29819 29795 29784 29763 29752 29735 29717 29703 29683 29679 29672 29660 29654 29645
06 29640 29647 29645 29636 29654 29663 29665 29681 29683 29676 29693 29682 29680 29679 29667 29665 29664 29657 29670 29675 29687 29691 29694 29685
07 29675 29651 29644 29629 29591 29575 29570 29547 29529 29511 29499 29503 29523 29555 29564 29595 29610 29627 29645 29660 29676 29692 29691 29685
08 29688 29690 29692 29695 29693 29692 29697 29695 29692 29686 29691 29700 29700 29694 29695 29700 29705 29713 29720 29729 29735 29744 29747 29747
09 29744 29743 29754 29759 29761 29763 29765 29774 29780 29779 29767 29765 29757 29745 29747 29742 29746 29752 29745 29745 29745 29749 29748 29734
10 29730 29723 29724 29700 29700 29697 29695 29680 29666 29653 29644 29623 29613 29587 29582 29561 29552 29541 29529 29502 29487 29479 29459 29434
11 29414 29405 29409 29409 29414 29424 29429 29445 29454 29483 29494 29510 29517 29523 29530 29533 29545 29560 29573 29590 29593 29595 29597 29596
12 29595 29595 29597 29597 29596 29600 29597 29597 29596 29590 29590 29587 29595 29587 29585 29588 29574 29570 29562 29569 29554 29549 29535 29522
13 29504 29493 29474 29462 29457 29452 29455 29451 29450 29452 29447 29451 29451 29452 29452 29464 29475 29496 29509 29532 29547 29565 29583 29583
14 29604 29613 29615 29634 29650 29677 29699 29719 29736 29756 29775 29793 29807 29817 29827 29836 29845 29854 29856 29870 29875 29865 29865 29863
15 29847 29825 29807 29796 29795 29785 29767 29754 29723 29725 29712 29696 29679 29679 29664 29642 29629 29603 29582 29563 29556 29532 29505 29485
16 29457 29435 29424 29402 29400 29392 29385 29374 29373 29370 29382 29394 29400 29404 29413 29414 29432 29442 29457 29485 29499 29516 29542 29565
17 29584 29615 29632 29652 29682 29705 29734 29764 29797 29817 29845 29866 29887 29887 29911 29927 29950 29969 29992 30005 30020 30044 30043 30043
18 30047 30053 30050 30050 30054 30055 30061 30050 30049 30030 30024 30021 30018 30015 30001 29983 29975 29964 29955 29957 29956 29950 29953 29957
19 29975 29991 29997 30005 30027 30049 30069 30088 30108 30127 30125 30139 30141 30147 30151 30167 30164 30155 30147 30147 30133 30125 30102 30100
20 30076 30049 30035 30007 30005 30010 29995 29980 29973 29959 29949 29935 29927 29905 29891 29887 29892 29909 29917 29932 29943 29955 29967 29976
21 29985 30000 30007 30015 30031 30045 30055 30065 30076 30084 30084 30090 30085 30081 30069 30069 30057 30054 30063 30071 30073 30076 30076 30074
22 30072 30072 30068 30064 30067 30074 30077 30075 30074 30064 30054 30048 30045 30034 30023 30011 30010 30010 30015 30025 30027 30025 30024 30011
23 30001 29996 29991 29985 29980 29982 29982 29979 29982 29974 29960 29944 29934 29920 29907 29895 29894 29887 29890 29887 29885 29876 29864 29847
24 29835 29821 29787 29779 29771 29759 29757 29754 29741 29739 29734 29729 29723 29715 29711 29707 29702 29696 29700 29712 29710 29703 29714 29714
25 29704 29697 29692 29687 29690 29692 29693 29696 29695 29693 29687 29679 29684 29667 29656 29645 29622 29624 29620 29622 29617 29604 29579 29573
26 29570 29567 29562 29554 29564 29599 29636 29651 29669 29664 29665 29655 29650 29649 29649 29624 29620 29619 29634 29660 29687 29712 29735 29761
27 29779 29805 29817 29829 29844 29857 29879 29900 29916 29924 29932 29954 29967 29983 29992 29992 29993 30006 30015 30025 30027 30025 30015 30009
28 29994 29974 29957 29937 29915 29901 29890 29892 29885 29867 29854 29847 29835 29817 29804 29791 29777 29769 29767 29774 29765 29750 29750 29754
29 29747 29755 29755 29747 29740 29735 29732 29741 29750 29765 29764 29756 29745 29748 29747 29740 29739 29755 29762 29772 29791 29792 29790 29783
30 29775 29774 29770 29761 29745 29744 29741 29747 29761 29763 29774 29775 29770 29769 29755 29756 29753 29747 29747 29741 29734 29725 29736 29720
31 29710 29700 29705 29699 29687 29693 29690 29695 29724 29736 29748 29757 29770 29760 29763 29787 29791 29799 29815 29822 29833 29844 29847 29847
