01 29817 29837 29839 29856 29867 29868 29879 29887 29887 29889 29886 29883 29886 29886 29889 29887 29875 29847 29831 29819 29795 29773 29759 29749
02 29746 29746 29755 29774 29801 29821 29842 29856 29867 29876 29880 29886 29893 29884 29891 29900 29919 29935 29941 29951 29961 29965 29980 29981
03 29981 29993 29999 30010 30013 30021 30040 30056 30061 30083 30069 30064 30052 30058 30063 30069 30072 30068 30063 30051 30058 30036 30013 29987
04 29965 29932 29915 29881 29847 29817 29797 29787 29767 29735 29703 29673 29677 29674 29695 29724 29758 29801 29829 29856 29877 29897 29927 29955
05 29972 29977 29987 30012 30026 30032 30047 30055 30059 30069 30063 30053 30042 30013 29993 29975 29976 29958 29925 29931 29916 29894 29883 29856
06 29843 29835 29800 29795 29807 29809 29797 29785 29786 29788 29771 29754 29724 29719 29696 29660 29629 29580 29552 29528 29485 29454 29418 29390
07 29364 29364 29355 29356 29347 29340 29344 29350 29357 29368 29391 29443 29470 29496 29527 29543 29565 29569 29578 29572 29561 29539 29515 29465
08 29405 29326 29247 29128 29023 28907 28765 28626 28607 28547 28538 28508 28467 28452 28437 28401 28371 28364 28325 28323 28303 28307 28302 28309
09 28305 28309 28296 28292 28276 28287 28307 28345 28401 28470 28525 28576 28601 28668 28721 28798 28844 28881 28929 28948 28975 29006 29025 29038
10 29051 29069 29077 29083 29093 29110 29141 29177 29209 29249 29287 29300 29329 29349 29379 29407 29422 29446 29471 29491 29501 29512 29525 29539
11 29532 29531 29520 29501 29495 29474 29451 29434 29403 29412 29408 29391 29391 29371 29356 29342 29327 29292 29271 29235 29185 29150 29103 29063
12 29107 29156 29187 29207 29227 29240 29279 29292 29316 29339 29362 29352 29376 29403 29422 29426 29436 29483 29493 29524 29534 29544 29572 29584
13 29590 29594 29600 29618 29624 29645 29663 29684 29692 29699 29704 29687 29660 29631 29603 29580 29535 29525 29506 29512 29490 29490 29503 29489
14 29491 29506 29507 29510 29513 29500 29506 29494 29481 29445 29399 29386 29356 29363 29384 29408 29422 29436 29435 29442 29430 29416 29383 29350
15 29300 29250 29205 29160 29125 29095 29087 29076 29060 29073 29099 29119 29121 29114 29125 29130 29141 29168 29191 29213 29237 29265 29287 29296
16 29296 29299 29303 29296 29305 29323 29327 29347 29368 29377 29386 29365 29372 29365 29384 29418 29433 29440 29460 29490 29509 29523 29534 29544
17 29549 29556 29572 29592 29605 29623 29626 29632 29645 29654 29647 29637 29621 29611 29590 29591 29581 29570 29569 29553 29547 29532 29532 29517
18 29527 29537 29558 29564 29600 29633 29655 29675 29696 29711 29715 29706 29703 29698 29708 29719 29727 29731 29743 29758 29773 29780 29788 29787
19 29769 29775 29783 29778 29777 29778 29779 29785 29790 29797 29789 29775 29763 29749 29747 29747 29759 29768 29776 29779 29797 29808 29823 29832
20 29837 29856 29869 29876 29886 29909 29932 29957 29977 29995 30004 30001 30009 30018 30049 30080 30116 30140 30176 30199 30228 30236 30253 30270
21 30288 30312 30314 30326 30337 30354 30367 30378 30392 30395 30383 30379 30371 30354 30349 30347 30346 30342 30348 30343 30337 30311 30303 30271
22 30226 30221 30183 30135 30101 30071 30043 30004 29969 29914 29861 29781 29726 29638 29586 29527 29493 29497 29511 29522 29532 29548 29561 29563
23 29552 29564 29581 29590 29601 29619 29644 29671 29691 29701 29729 29750 29756 29765 29793 29812 29819 29829 29824 29823 29823 29817 29815 29805
24 29774 29758 29743 29713 29675 29658 29643 29625 29589 29570 29555 29520 29480 29474 29470 29480 29526 29554 29584 29623 29654 29699 29727 29747
25 29760 29783 29790 29806 29830 29848 29858 29876 29897 29914 29920 29912 29918 29913 29920 29930 29931 29939 29945 29951 29952 29952 29953 29945
26 29940 29936 29934 29920 29902 29895 29888 29868 29859 29838 29805 29768 29720 29664 29607 29546 29481 29413 29345 29270 29199 29146 29121 29119
27 29127 29175 29227 29289 29351 29407 29467 29527 29597 29665 29724 29755 29779 29829 29853 29883 29918 29931 29941 29945 29951 29931 29908 29885
28 29860 29841 29831 29818 29813 29821 29833 29845 29855 29861 29869 29847 29825 29806 29787 29764 29749 29739 29737 29727 29716 29719 29718 29720
29 29718 29725 29733 29731 29747 29773 29796 29836 29857 29882 29904 29901 29895 29899 29910 29921 29930 29949 29962 29991 30016 30032 30052 30085
30 30110 30132 30152 30164 30180 30200 30228 30259 30279 30302 30313 30314 30319 30326 30349 30373 30385 30396 30413 30427 30447 30464 30469 30477
31 30471 30485 30490 30495 30503 30510 30517 30529 30546 30559 30550 30545 30540 30532 30534 30533 30538 30542 30542 30541 30537 30523 30512 30508
