01 30072 30077 30077 30089 30089 30101 30109 30129 30137 30143 30145 30149 30147 30147 30146 30146 30143 30142 30145 30148 30151 30157 30156 30156
02 30149 30149 30137 30143 30143 30144 30158 30158 30156 30157 30156 30159 30166 30156 30155 30153 30157 30158 30157 30168 30162 30177 30175 30175
03 30167 30157 30149 30147 30141 30139 30153 30153 30154 30149 30135 30135 30127 30120 30108 30107 30097 30087 30082 30083 30082 30066 30049 30041
04 30015 29990 29983 29975 29947 29928 29928 29927 29914 29905 29907 29923 29917 29913 29907 29894 29898 29895 29880 29877 29876 29868 29863 29854
05 29842 29827 29807 29807 29795 29791 29795 29796 29803 29804 29799 29797 29788 29789 29777 29777 29771 29767 29757 29761 29758 29761 29763 29771
06 29763 29762 29751 29733 29719 29717 29711 29703 29681 29652 29623 29624 29695 29737 29754 29769 29779 29793 29801 29819 29838 29855 29863 29864
07 29860 29835 29811 29783 29764 29757 29758 29759 29763 29785 29783 29782 29763 29762 29748 29740 29725 29707 29697 29694 29680 29663 29635 29608
08 29573 29542 29510 29478 29452 29480 29498 29498 29516 29534 29543 29556 29565 29580 29587 29597 29609 29620 29631 29659 29670 29679 29666 29660
09 29635 29605 29579 29512 29518 29444 29420 29399 29379 29423 29464 29478 29487 29503 29508 29512 29516 29517 29524 29537 29525 29532 29538 29547
10 29551 29552 29561 29574 29595 29615 29637 29657 29672 29702 29702 29720 29730 29743 29731 29737 29736 29740 29740 29748 29756 29739 29720 29715
11 29690 29666 29640 29627 29610 29606 29614 29618 29610 29622 29609 29603 29595 29599 29593 29592 29596 29609 29609 29628 29644 29659 29669 29685
12 29696 29703 29715 29735 29750 29777 29803 29821 29833 29863 29873 29873 29881 29887 29891 29891 29889 29889 29889 29900 29897 29901 29897 29876
13 29863 29846 29835 29823 29805 29796 29797 29803 29798 29807 29814 29824 29829 29832 29836 29855 29866 29875 29904 29928 29940 29958 29970 29988
14 29990 30012 30024 30028 30043 30065 30088 30115 30136 30156 30161 30179 30189 30199 30204 30215 30235 30248 30269 30274 30277 30288 30306 30323
15 30324 30324 30324 30328 30319 30317 30332 30332 30332 30339 30326 30331 30335 30329 30324 30320 30319 30320 30333 30353 30369 30371 30360 30360
16 30353 30348 30343 30341 30334 30337 30338 30343 30347 30353 30345 30334 30307 30290 30281 30271 30254 30254 30260 30268 30254 30244 30240 30225
17 30211 30197 30160 30147 30132 30120 30120 30112 30110 30108 30106 30101 30080 30055 30039 30023 30019 30023 30015 30021 30019 30012 30008 30008
18 29997 29984 29969 29961 29953 29951 29953 29953 29951 29954 29945 29951 29947 29939 29929 29919 29925 29920 29927 29927 29926 29925 29925 29919
19 29911 29906 29900 29899 29900 29900 29905 29923 29927 29937 29937 29936 29934 29934 29926 29926 29919 29921 29920 29924 29920 29919 29910 29903
20 29896 29881 29869 29859 29854 29846 29855 29853 29849 29840 29819 29810 29794 29774 29747 29726 29727 29726 29727 29719 29703 29696 29686 29674
21 29650 29645 29623 29606 29599 29606 29606 29615 29611 29610 29607 29604 29598 29600 29595 29591 29605 29621 29646 29666 29689 29704 29714 29715
22 29723 29738 29757 29771 29794 29819 29843 29871 29901 29913 29927 29934 29935 29946 29959 29990 30004 30025 30030 30077 30087 30112 30113 30123
23 30118 30119 30121 30130 30151 30169 30187 30200 30213 30211 30205 30208 30200 30195 30192 30193 30194 30200 30205 30223 30233 30215 30220 30220
24 30221 30217 30205 30200 30201 30194 30193 30193 30194 30193 30190 30183 30166 30162 30144 30130 30122 30104 30096 30080 30068 30052 30034 30016
25 29992 29966 29933 29918 29900 29879 29873 29871 29870 29875 29875 29879 29879 29887 29889 29895 29909 29933 29955 29971 29997 30014 30023 30030
26 30041 30044 30047 30059 30065 30076 30093 30103 30102 30110 30103 30093 30079 30071 30047 30018 29993 29954 29911 29884 29873 29829 29783 29762
27 29747 29733 29704 29678 29691 29680 29684 29715 29734 29773 29804 29817 29839 29846 29857 29869 29885 29903 29917 29945 29967 29985 29994 30006
28 30023 30023 30025 30034 30031 30028 30027 30025 30031 30011 29998 29953 29900 29874 29866 29862 29862 29859 29865 29867 29869 29863 29855 29843
29 29835 29825 29816 29810 29795 29785 29779 29777 29768 29773 29762 29753 29737 29715 29701 29693 29690 29695 29705 29710 29717 29708 29697 29685
30 29671 29657 29638 29619 29603 29583 29577 29567 29562 29551 29533 29529 29514 29514 29506 29515 29520 29535 29540 29542 29556 29559 29560 29558
