01 30017 29979 29939 29896 29863 29839 29807 29787 29759 29734 29684 29661 29624 29595 29562 29531 29495 29466 29432 29403 29364 29325 29308 29325
02 29326 29325 29320 29312 29312 29295 29302 29310 29305 29310 29311 29311 29298 29279 29268 29250 29243 29245 29232 29219 29221 29222 29220 29219
03 29224 29235 29247 29264 29286 29305 29341 29370 29415 29454 29512 29564 29597 29629 29671 29703 29728 29753 29780 29793 29810 29816 29817 29818
04 29818 29812 29818 29824 29831 29835 29843 29856 29851 29843 29836 29830 29826 29808 29789 29776 29762 29753 29751 29733 29716 29694 29656 29623
05 29581 29539 29499 29452 29414 29386 29361 29338 29317 29291 29282 29262 29244 29231 29222 29233 29244 29255 29271 29285 29304 29324 29339 29362
06 29386 29425 29446 29479 29512 29550 29578 29622 29645 29672 29706 29727 29741 29781 29834 29890 29923 29968 30001 30031 30055 30077 30099 30119
07 30129 30139 30144 30154 30169 30173 30184 30204 30209 30217 30223 30224 30222 30216 30211 30210 30205 30214 30215 30225 30233 30240 30244 30245
08 30245 30252 30250 30243 30253 30264 30272 30286 30288 30295 30307 30312 30308 30301 30298 30306 30315 30340 30354 30365 30371 30371 30373 30379
09 30374 30366 30355 30364 30366 30368 30375 30386 30381 30373 30371 30367 30363 30357 30347 30340 30338 30345 30346 30344 30338 30336 30339 30341
10 30344 30343 30344 30345 30349 30353 30358 30362 30363 30367 30370 30365 30360 30357 30355 30352 30359 30369 30379 30380 30378 30381 30382 30385
11 30386 30383 30381 30380 30377 30379 30381 30381 30376 30373 30375 30366 30354 30342 30334 30323 30320 30325 30326 30327 30329 30325 30323 30322
12 30316 30311 30310 30308 30300 30296 30304 30305 30307 30306 30306 30297 30292 30279 30276 30266 30270 30276 30280 30290 30300 30309 30317 30318
13 30316 30315 30313 30318 30320 30322 30328 30338 30339 30341 30341 30332 30326 30316 30312 30307 30314 30315 30317 30315 30315 30314 30313 30309
14 30298 30279 30266 30255 30251 30255 30260 30261 30255 30237 30227 30209 30196 30182 30167 30152 30142 30132 30130 30125 30122 30107 30094 30086
15 30073 30048 30028 30026 30007 30006 30011 30012 30012 30007 29997 29991 29977 29958 29947 29935 29936 29935 29938 29936 29937 29930 29921 29910
16 29900 29887 29877 29870 29857 29849 29845 29836 29825 29817 29813 29811 29796 29777 29771 29777 29784 29792 29800 29811 29814 29824 29826 29839
17 29845 29846 29843 29842 29848 29864 29870 29876 29878 29875 29868 29872 29871 29868 29865 29869 29877 29908 29921 29947 29945 29949 29946 29949
18 29951 29945 29939 29938 29943 29956 29957 29963 29965 29976 29975 29976 29973 29968 29965 29964 29970 29979 29988 29993 29997 29995 29996 29988
19 29983 29971 29960 29962 29957 29968 29972 29977 29975 29973 29963 29954 29946 29949 29953 29936 29927 29913 29917 29923 29929 29933 29934 29936
20 29934 29937 29936 29944 29945 29951 29948 29961 29979 29980 29980 29974 29968 29969 29967 29967 29973 29979 29985 29988 29989 29980 29980 29977
21 29964 29948 29937 29938 29931 29925 29939 29950 29955 29949 29965 29962 29961 29957 29957 29956 29954 29972 29989 30010 30022 30042 30053 30044
22 30039 30046 30053 30066 30065 30074 30080 30083 30093 30108 30104 30100 30099 30091 30088 30091 30087 30089 30096 30106 30105 30111 30105 30108
23 30107 30103 30095 30094 30097 30096 30115 30116 30124 30130 30124 30126 30116 30099 30091 30080 30086 30091 30090 30086 30086 30084 30084 30079
24 30064 30062 30046 30047 30034 30027 30019 30016 30000 29986 29969 29946 29912 29888 29870 29856 29845 29856 29857 29852 29832 29828 29837 29843
25 29842 29841 29851 29855 29867 29881 29890 29905 29924 29930 29928 29928 29930 29924 29922 29919 29922 29928 29936 29938 29928 29922 29918 29911
26 29909 29893 29893 29895 29902 29906 29920 29927 29938 29942 29932 29907 29913 29905 29893 29876 29854 29848 29845 29820 29815 29812 29818 29815
27 29821 29812 29804 29801 29797 29802 29805 29808 29812 29814 29809 29801 29789 29783 29781 29784 29767 29777 29786 29788 29807 29816 29825 29828
28 29837 29833 29833 29843 29845 29868 29873 29873 29872 29862 29859 29858 29840 29830 29828 29831 29835 29838 29844 29856 29859 29876 29877 29876
29 29859 29824 29803 29765 29739 29707 29687 29659 29643 29629 29617 29578 29575 29538 29542 29576 29625 29665 29709 29758 29801 29842 29876 29907
30 29938 29960 29977 29997 30019 30029 30048 30063 30053 30046 30015 29993 29949 29923 29907 29890 29880 29867 29853 29840 29823 29817 29798 29788
31 29756 29723 29687 29655 29623 29617 29608 29624 29643 29668 29677 29690 29685 29729 29717 29735 29778 29827 29863 29888 29920 29937 29955 29963
