1874 09 01 08 00  36.75    3.06 1018.4          ALGIERS
1874 09 02 08 00  36.75    3.06 1016.8          ALGIERS
1874 09 03 08 00  36.75    3.06 1018.9          ALGIERS
1874 09 04 08 00  36.75    3.06 1016.3          ALGIERS
1874 09 05 08 00  36.75    3.06 1016.9          ALGIERS
1874 09 06 08 00  36.75    3.06 1018.2          ALGIERS
1874 09 07 08 00  36.75    3.06 1018.4          ALGIERS
1874 09 08 08 00  36.75    3.06 1016.5          ALGIERS
1874 09 09 08 00  36.75    3.06 1013.9          ALGIERS
1874 09 10 08 00  36.75    3.06 1017.6          ALGIERS
1874 09 12 08 00  36.75    3.06 1019.3          ALGIERS
1874 09 13 08 00  36.75    3.06 1014.1          ALGIERS
1874 09 14 08 00  36.75    3.06 1015.9          ALGIERS
1874 09 15 08 00  36.75    3.06 1018.5          ALGIERS
1874 09 16 08 00  36.75    3.06 1017.1          ALGIERS
1874 09 17 08 00  36.75    3.06 1015.5          ALGIERS
1874 09 18 08 00  36.75    3.06 1011.2          ALGIERS
1874 09 19 08 00  36.75    3.06 1010.8          ALGIERS
1874 09 20 08 00  36.75    3.06 1013.5          ALGIERS
1874 09 21 08 00  36.75    3.06 1012.5          ALGIERS
1874 09 22 08 00  36.75    3.06 1012.8          ALGIERS
1874 09 23 08 00  36.75    3.06 1012.9          ALGIERS
1874 09 24 08 00  36.75    3.06 1018.9          ALGIERS
1874 09 25 08 00  36.75    3.06 1024.2          ALGIERS
1874 09 26 08 00  36.75    3.06 1019.4          ALGIERS
1874 09 27 08 00  36.75    3.06 1018.1          ALGIERS
1874 09 28 08 00  36.75    3.06 1018.8          ALGIERS
1874 09 29 08 00  36.75    3.06 1018.2          ALGIERS
1874 09 30 08 00  36.75    3.06 1015.5          ALGIERS
1874 09 01 08 00  30.51   47.78 1010.4            BASRA
1874 09 02 08 00  30.51   47.78 1012.1            BASRA
1874 09 03 08 00  30.51   47.78 1012.3            BASRA
1874 09 04 08 00  30.51   47.78 1012.1            BASRA
1874 09 05 08 00  30.51   47.78 1012.5            BASRA
1874 09 06 08 00  30.51   47.78 1012.9            BASRA
1874 09 07 08 00  30.51   47.78 1013.5            BASRA
1874 09 08 08 00  30.51   47.78 1011.1            BASRA
1874 09 09 08 00  30.51   47.78 1011.6            BASRA
1874 09 10 08 00  30.51   47.78 1012.0            BASRA
1874 09 11 08 00  30.51   47.78 1012.1            BASRA
1874 09 12 08 00  30.51   47.78 1013.5            BASRA
1874 09 13 08 00  30.51   47.78 1014.8            BASRA
1874 09 14 08 00  30.51   47.78 1014.1            BASRA
1874 09 15 08 00  30.51   47.78 1013.1            BASRA
1874 09 16 08 00  30.51   47.78 1015.2            BASRA
1874 09 17 08 00  30.51   47.78 1016.1            BASRA
1874 09 18 08 00  30.51   47.78 1015.2            BASRA
1874 09 19 08 00  30.51   47.78 1013.7            BASRA
1874 09 20 08 00  30.51   47.78 1016.0            BASRA
1874 09 21 08 00  30.51   47.78 1015.6            BASRA
1874 09 22 08 00  30.51   47.78 1013.9            BASRA
1874 09 23 08 00  30.51   47.78 1016.9            BASRA
1874 09 24 08 00  30.51   47.78 1015.5            BASRA
1874 09 25 08 00  30.51   47.78 1014.8            BASRA
1874 09 26 08 00  30.51   47.78 1016.1            BASRA
1874 09 27 08 00  30.51   47.78 1019.2            BASRA
1874 09 28 08 00  30.51   47.78 1018.5            BASRA
1874 09 29 08 00  30.51   47.78 1017.5            BASRA
1874 09 30 08 00  30.51   47.78 1016.1            BASRA
1874 09 01 08 00  31.51   -9.76 1013.5          MOGADOR
1874 09 02 08 00  31.51   -9.76 1016.1          MOGADOR
1874 09 03 08 00  31.51   -9.76 1014.8          MOGADOR
1874 09 04 08 00  31.51   -9.76 1013.5          MOGADOR
1874 09 05 08 00  31.51   -9.76 1013.5          MOGADOR
1874 09 06 08 00  31.51   -9.76 1014.8          MOGADOR
1874 09 07 08 00  31.51   -9.76 1018.8          MOGADOR
1874 09 08 08 00  31.51   -9.76 1017.5          MOGADOR
1874 09 09 08 00  31.51   -9.76 1016.1          MOGADOR
1874 09 10 08 00  31.51   -9.76 1013.5          MOGADOR
1874 09 11 08 00  31.51   -9.76 1016.1          MOGADOR
1874 09 12 08 00  31.51   -9.76 1016.1          MOGADOR
1874 09 13 08 00  31.51   -9.76 1016.1          MOGADOR
1874 09 14 08 00  31.51   -9.76 1012.1          MOGADOR
1874 09 15 08 00  31.51   -9.76 1012.1          MOGADOR
1874 09 16 08 00  31.51   -9.76 1014.8          MOGADOR
1874 09 17 08 00  31.51   -9.76 1016.1          MOGADOR
1874 09 18 08 00  31.51   -9.76 1016.1          MOGADOR
1874 09 19 08 00  31.51   -9.76 1014.8          MOGADOR
1874 09 20 08 00  31.51   -9.76 1013.5          MOGADOR
1874 09 21 08 00  31.51   -9.76 1014.8          MOGADOR
1874 09 22 08 00  31.51   -9.76 1014.8          MOGADOR
1874 09 23 08 00  31.51   -9.76 1014.8          MOGADOR
1874 09 24 08 00  31.51   -9.76 1018.8          MOGADOR
1874 09 25 08 00  31.51   -9.76 1021.4          MOGADOR
1874 09 26 08 00  31.51   -9.76 1018.8          MOGADOR
1874 09 27 08 00  31.51   -9.76 1018.8          MOGADOR
1874 09 28 08 00  31.51   -9.76 1018.8          MOGADOR
1874 09 29 08 00  31.51   -9.76 1017.5          MOGADOR
1874 09 30 08 00  31.51   -9.76 1016.1          MOGADOR
1874 09 01 08 00  38.66  -27.23 1016.1            ANGRA
1874 09 02 08 00  38.66  -27.23 1013.5            ANGRA
1874 09 03 08 00  38.66  -27.23 1021.4            ANGRA
1874 09 04 08 00  38.66  -27.23 1028.1            ANGRA
1874 09 05 08 00  38.66  -27.23 1026.8            ANGRA
1874 09 06 08 00  38.66  -27.23 1022.8            ANGRA
1874 09 07 08 00  38.66  -27.23 1022.8            ANGRA
1874 09 08 08 00  38.66  -27.23 1025.4            ANGRA
1874 09 09 08 00  38.66  -27.23 1026.8            ANGRA
1874 09 10 08 00  38.66  -27.23 1022.8            ANGRA
1874 09 11 08 00  38.66  -27.23 1022.8            ANGRA
1874 09 12 08 00  38.66  -27.23 1024.1            ANGRA
1874 09 14 08 00  38.66  -27.23 1020.1            ANGRA
1874 09 15 08 00  38.66  -27.23 1024.1            ANGRA
1874 09 16 08 00  38.66  -27.23 1028.1            ANGRA
1874 09 17 08 00  38.66  -27.23 1028.1            ANGRA
1874 09 18 08 00  38.66  -27.23 1026.8            ANGRA
1874 09 19 08 00  38.66  -27.23 1021.4            ANGRA
1874 09 20 08 00  38.66  -27.23 1024.1            ANGRA
1874 09 21 08 00  38.66  -27.23 1021.4            ANGRA
1874 09 22 08 00  38.66  -27.23 1014.8            ANGRA
1874 09 23 08 00  38.66  -27.23 1014.8            ANGRA
1874 09 24 08 00  38.66  -27.23 1020.1            ANGRA
1874 09 25 08 00  38.66  -27.23 1017.5            ANGRA
1874 09 26 08 00  38.66  -27.23 1021.4            ANGRA
1874 09 27 08 00  38.66  -27.23 1021.4            ANGRA
1874 09 28 08 00  38.66  -27.23 1020.1            ANGRA
1874 09 29 08 00  38.66  -27.23 1022.8            ANGRA
1874 09 30 08 00  38.66  -27.23 1020.1            ANGRA
1874 09 01 08 00  38.72   -9.14 1016.3           LISBON
1874 09 02 08 00  38.72   -9.14 1020.1           LISBON
1874 09 03 08 00  38.72   -9.14 1021.0           LISBON
1874 09 04 08 00  38.72   -9.14 1020.2           LISBON
1874 09 05 08 00  38.72   -9.14 1017.7           LISBON
1874 09 06 08 00  38.72   -9.14 1017.5           LISBON
1874 09 07 08 00  38.72   -9.14 1018.4           LISBON
1874 09 08 08 00  38.72   -9.14 1017.2           LISBON
1874 09 09 08 00  38.72   -9.14 1019.2           LISBON
1874 09 10 08 00  38.72   -9.14 1021.0           LISBON
1874 09 11 08 00  38.72   -9.14 1023.0           LISBON
1874 09 12 08 00  38.72   -9.14 1022.8           LISBON
1874 09 13 08 00  38.72   -9.14 1022.2           LISBON
1874 09 14 08 00  38.72   -9.14 1017.3           LISBON
1874 09 15 08 00  38.72   -9.14 1016.9           LISBON
1874 09 16 08 00  38.72   -9.14 1016.7           LISBON
1874 09 17 08 00  38.72   -9.14 1016.5           LISBON
1874 09 18 08 00  38.72   -9.14 1017.1           LISBON
1874 09 19 08 00  38.72   -9.14 1017.1           LISBON
1874 09 20 08 00  38.72   -9.14 1013.5           LISBON
1874 09 21 08 00  38.72   -9.14 1014.9           LISBON
1874 09 22 08 00  38.72   -9.14 1013.7           LISBON
1874 09 23 08 00  38.72   -9.14 1012.0           LISBON
1874 09 24 08 00  38.72   -9.14 1017.3           LISBON
1874 09 25 08 00  38.72   -9.14 1020.5           LISBON
1874 09 26 08 00  38.72   -9.14 1016.1           LISBON
1874 09 27 08 00  38.72   -9.14 1016.7           LISBON
1874 09 28 08 00  38.72   -9.14 1019.7           LISBON
1874 09 29 08 00  38.72   -9.14 1018.6           LISBON
1874 09 01 08 00  57.20   -2.20  992.9         ABERDEEN
1874 09 02 08 00  57.20   -2.20  999.7         ABERDEEN
1874 09 03 08 00  57.20   -2.20 1001.7         ABERDEEN
1874 09 04 08 00  57.20   -2.20  998.0         ABERDEEN
1874 09 05 08 00  57.20   -2.20 1007.8         ABERDEEN
1874 09 06 08 00  57.20   -2.20 1013.5         ABERDEEN
1874 09 07 08 00  57.20   -2.20 1012.9         ABERDEEN
1874 09 08 08 00  57.20   -2.20 1008.1         ABERDEEN
1874 09 09 08 00  57.20   -2.20  993.9         ABERDEEN
1874 09 10 08 00  57.20   -2.20  988.1         ABERDEEN
1874 09 11 08 00  57.20   -2.20  994.2         ABERDEEN
1874 09 12 08 00  57.20   -2.20  999.7         ABERDEEN
1874 09 13 08 00  57.20   -2.20 1020.0         ABERDEEN
1874 09 14 08 00  57.20   -2.20 1018.3         ABERDEEN
1874 09 15 08 00  57.20   -2.20 1003.0         ABERDEEN
1874 09 16 08 00  57.20   -2.20 1015.6         ABERDEEN
1874 09 17 08 00  57.20   -2.20  982.7         ABERDEEN
1874 09 18 08 00  57.20   -2.20  999.3         ABERDEEN
1874 09 19 08 00  57.20   -2.20 1007.8         ABERDEEN
1874 09 20 08 00  57.20   -2.20 1004.1         ABERDEEN
1874 09 21 08 00  57.20   -2.20 1006.8         ABERDEEN
1874 09 22 08 00  57.20   -2.20 1002.4         ABERDEEN
1874 09 23 08 00  57.20   -2.20 1009.1         ABERDEEN
1874 09 24 08 00  57.20   -2.20 1013.9         ABERDEEN
1874 09 25 08 00  57.20   -2.20 1012.2         ABERDEEN
1874 09 26 08 00  57.20   -2.20 1019.0         ABERDEEN
1874 09 27 08 00  57.20   -2.20 1012.2         ABERDEEN
1874 09 28 08 00  57.20   -2.20 1003.0         ABERDEEN
1874 09 29 08 00  57.20   -2.20  991.9         ABERDEEN
1874 09 30 08 00  57.20   -2.20 1000.3         ABERDEEN
1874 09 01 08 00  45.94   -0.96 1013.2        ROCHEFORT
1874 09 02 08 00  45.94   -0.96 1018.6        ROCHEFORT
1874 09 03 08 00  45.94   -0.96 1014.9        ROCHEFORT
1874 09 04 08 00  45.94   -0.96 1023.4        ROCHEFORT
1874 09 05 08 00  45.94   -0.96 1023.7        ROCHEFORT
1874 09 06 08 00  45.94   -0.96 1021.7        ROCHEFORT
1874 09 07 08 00  45.94   -0.96 1021.7        ROCHEFORT
1874 09 08 08 00  45.94   -0.96 1019.6        ROCHEFORT
1874 09 09 08 00  45.94   -0.96 1012.2        ROCHEFORT
1874 09 10 08 00  45.94   -0.96 1011.9        ROCHEFORT
1874 09 11 08 00  45.94   -0.96 1020.3        ROCHEFORT
1874 09 12 08 00  45.94   -0.96 1019.0        ROCHEFORT
1874 09 13 08 00  45.94   -0.96 1018.3        ROCHEFORT
1874 09 14 08 00  45.94   -0.96 1025.7        ROCHEFORT
1874 09 15 08 00  45.94   -0.96 1023.7        ROCHEFORT
1874 09 16 08 00  45.94   -0.96 1016.6        ROCHEFORT
1874 09 17 08 00  45.94   -0.96 1012.2        ROCHEFORT
1874 09 18 08 00  45.94   -0.96 1018.6        ROCHEFORT
1874 09 19 08 00  45.94   -0.96 1019.3        ROCHEFORT
1874 09 20 08 00  45.94   -0.96 1012.2        ROCHEFORT
1874 09 21 08 00  45.94   -0.96 1005.1        ROCHEFORT
1874 09 22 08 00  45.94   -0.96 1014.6        ROCHEFORT
1874 09 23 08 00  45.94   -0.96 1011.9        ROCHEFORT
1874 09 24 08 00  45.94   -0.96 1022.4        ROCHEFORT
1874 09 25 08 00  45.94   -0.96 1024.4        ROCHEFORT
1874 09 26 08 00  45.94   -0.96 1021.0        ROCHEFORT
1874 09 27 08 00  45.94   -0.96 1016.6        ROCHEFORT
1874 09 28 08 00  45.94   -0.96 1016.3        ROCHEFORT
1874 09 29 08 00  45.94   -0.96 1014.9        ROCHEFORT
1874 09 30 08 00  45.94   -0.96 1010.8        ROCHEFORT
1874 09 01 08 00  51.80   -8.30  994.9      ROCHESPOINT
1874 09 02 08 00  51.80   -8.30 1001.7      ROCHESPOINT
1874 09 03 08 00  51.80   -8.30 1007.5      ROCHESPOINT
1874 09 04 08 00  51.80   -8.30 1012.9      ROCHESPOINT
1874 09 05 08 00  51.80   -8.30 1018.6      ROCHESPOINT
1874 09 06 08 00  51.80   -8.30 1014.2      ROCHESPOINT
1874 09 07 08 00  51.80   -8.30 1014.2      ROCHESPOINT
1874 09 08 08 00  51.80   -8.30 1013.5      ROCHESPOINT
1874 09 09 08 00  51.80   -8.30  998.3      ROCHESPOINT
1874 09 10 08 00  51.80   -8.30 1002.0      ROCHESPOINT
1874 09 11 08 00  51.80   -8.30 1000.3      ROCHESPOINT
1874 09 12 08 00  51.80   -8.30 1006.8      ROCHESPOINT
1874 09 13 08 00  51.80   -8.30 1024.0      ROCHESPOINT
1874 09 14 08 00  51.80   -8.30 1024.4      ROCHESPOINT
1874 09 15 08 00  51.80   -8.30 1015.6      ROCHESPOINT
1874 09 16 08 00  51.80   -8.30 1017.9      ROCHESPOINT
1874 09 17 08 00  51.80   -8.30 1017.9      ROCHESPOINT
1874 09 18 08 00  51.80   -8.30 1015.6      ROCHESPOINT
1874 09 19 08 00  51.80   -8.30 1013.9      ROCHESPOINT
1874 09 20 08 00  51.80   -8.30 1003.0      ROCHESPOINT
1874 09 21 08 00  51.80   -8.30  997.6      ROCHESPOINT
1874 09 22 08 00  51.80   -8.30  993.6      ROCHESPOINT
1874 09 23 08 00  51.80   -8.30 1012.9      ROCHESPOINT
1874 09 24 08 00  51.80   -8.30 1019.6      ROCHESPOINT
1874 09 25 08 00  51.80   -8.30 1022.0      ROCHESPOINT
1874 09 26 08 00  51.80   -8.30 1022.0      ROCHESPOINT
1874 09 27 08 00  51.80   -8.30 1014.6      ROCHESPOINT
1874 09 28 08 00  51.80   -8.30 1002.0      ROCHESPOINT
1874 09 29 08 00  51.80   -8.30  994.2      ROCHESPOINT
1874 09 30 08 00  51.80   -8.30 1004.1      ROCHESPOINT
1874 09 01 08 00  50.38   -4.14 1002.0         PLYMOUTH
1874 09 02 08 00  50.38   -4.14 1011.2         PLYMOUTH
1874 09 03 08 00  50.38   -4.14 1011.2         PLYMOUTH
1874 09 04 08 00  50.38   -4.14 1015.6         PLYMOUTH
1874 09 05 08 00  50.38   -4.14 1019.3         PLYMOUTH
1874 09 06 08 00  50.38   -4.14 1014.6         PLYMOUTH
1874 09 07 08 00  50.38   -4.14 1017.6         PLYMOUTH
1874 09 08 08 00  50.38   -4.14 1015.9         PLYMOUTH
1874 09 09 08 00  50.38   -4.14 1000.3         PLYMOUTH
1874 09 10 08 00  50.38   -4.14 1004.4         PLYMOUTH
1874 09 11 08 00  50.38   -4.14 1002.4         PLYMOUTH
1874 09 12 08 00  50.38   -4.14 1006.8         PLYMOUTH
1874 09 13 08 00  50.38   -4.14 1022.0         PLYMOUTH
1874 09 14 08 00  50.38   -4.14 1027.8         PLYMOUTH
1874 09 15 08 00  50.38   -4.14 1022.7         PLYMOUTH
1874 09 16 08 00  50.38   -4.14 1017.3         PLYMOUTH
1874 09 17 08 00  50.38   -4.14 1014.6         PLYMOUTH
1874 09 18 08 00  50.38   -4.14 1015.9         PLYMOUTH
1874 09 19 08 00  50.38   -4.14 1018.3         PLYMOUTH
1874 09 20 08 00  50.38   -4.14 1011.5         PLYMOUTH
1874 09 21 08 00  50.38   -4.14 1000.0         PLYMOUTH
1874 09 22 08 00  50.38   -4.14 1005.8         PLYMOUTH
1874 09 23 08 00  50.38   -4.14 1012.9         PLYMOUTH
1874 09 24 08 00  50.38   -4.14 1021.0         PLYMOUTH
1874 09 25 08 00  50.38   -4.14 1025.1         PLYMOUTH
1874 09 26 08 00  50.38   -4.14 1022.0         PLYMOUTH
1874 09 27 08 00  50.38   -4.14 1014.2         PLYMOUTH
1874 09 28 08 00  50.38   -4.14 1009.5         PLYMOUTH
1874 09 29 08 00  50.38   -4.14 1003.7         PLYMOUTH
1874 09 30 08 00  50.38   -4.14 1008.1         PLYMOUTH
1874 09 01 08 00  41.90   12.50 1020.8             ROME
1874 09 02 08 00  41.90   12.50 1020.5             ROME
1874 09 03 08 00  41.90   12.50 1020.0             ROME
1874 09 04 08 00  41.90   12.50 1018.1             ROME
1874 09 05 08 00  41.90   12.50 1016.1             ROME
1874 09 06 08 00  41.90   12.50 1016.5             ROME
1874 09 07 08 00  41.90   12.50 1016.1             ROME
1874 09 08 08 00  41.90   12.50 1015.7             ROME
1874 09 09 08 00  41.90   12.50 1013.7             ROME
1874 09 10 08 00  41.90   12.50 1014.9             ROME
1874 09 11 08 00  41.90   12.50 1016.5             ROME
1874 09 12 08 00  41.90   12.50 1016.7             ROME
1874 09 13 08 00  41.90   12.50 1009.6             ROME
1874 09 14 08 00  41.90   12.50 1008.5             ROME
1874 09 15 08 00  41.90   12.50 1012.8             ROME
1874 09 16 08 00  41.90   12.50 1014.0             ROME
1874 09 17 08 00  41.90   12.50 1015.6             ROME
1874 09 18 08 00  41.90   12.50 1017.2             ROME
1874 09 19 08 00  41.90   12.50 1016.3             ROME
1874 09 20 08 00  41.90   12.50 1016.8             ROME
1874 09 21 08 00  41.90   12.50 1017.7             ROME
1874 09 22 08 00  41.90   12.50 1018.8             ROME
1874 09 23 08 00  41.90   12.50 1019.0             ROME
1874 09 24 08 00  41.90   12.50 1021.4             ROME
1874 09 25 08 00  41.90   12.50 1020.0             ROME
1874 09 26 08 00  41.90   12.50 1019.4             ROME
1874 09 27 08 00  41.90   12.50 1022.1             ROME
1874 09 28 08 00  41.90   12.50 1024.5             ROME
1874 09 29 08 00  41.90   12.50 1021.3             ROME
1874 09 30 08 00  41.90   12.50 1019.7             ROME
1874 09 01 08 00  48.39   -4.49 1007.1            BREST
1874 09 02 08 00  48.39   -4.49 1014.6            BREST
1874 09 03 08 00  48.39   -4.49 1013.2            BREST
1874 09 04 08 00  48.39   -4.49 1021.0            BREST
1874 09 05 08 00  48.39   -4.49 1022.4            BREST
1874 09 06 08 00  48.39   -4.49 1019.6            BREST
1874 09 07 08 00  48.39   -4.49 1021.3            BREST
1874 09 08 08 00  48.39   -4.49 1018.6            BREST
1874 09 09 08 00  48.39   -4.49 1006.8            BREST
1874 09 10 08 00  48.39   -4.49 1010.5            BREST
1874 09 11 08 00  48.39   -4.49 1012.2            BREST
1874 09 12 08 00  48.39   -4.49 1012.9            BREST
1874 09 13 08 00  48.39   -4.49 1022.4            BREST
1874 09 14 08 00  48.39   -4.49 1027.4            BREST
1874 09 15 08 00  48.39   -4.49 1025.7            BREST
1874 09 16 08 00  48.39   -4.49 1019.3            BREST
1874 09 17 08 00  48.39   -4.49 1013.5            BREST
1874 09 18 08 00  48.39   -4.49 1020.3            BREST
1874 09 19 08 00  48.39   -4.49 1021.0            BREST
1874 09 20 08 00  48.39   -4.49 1013.2            BREST
1874 09 21 08 00  48.39   -4.49 1001.7            BREST
1874 09 22 08 00  48.39   -4.49 1008.8            BREST
1874 09 23 08 00  48.39   -4.49 1011.9            BREST
1874 09 24 08 00  48.39   -4.49 1017.3            BREST
1874 09 25 08 00  48.39   -4.49 1024.4            BREST
1874 09 26 08 00  48.39   -4.49 1021.0            BREST
1874 09 27 08 00  48.39   -4.49 1015.9            BREST
1874 09 28 08 00  48.39   -4.49 1012.9            BREST
1874 09 29 08 00  48.39   -4.49 1007.8            BREST
1874 09 30 08 00  48.39   -4.49 1010.2            BREST
1874 09 06 08 00  45.76    4.84 1012.1            LYONS
1874 09 01 08 00  43.12    5.93 1024.4           TOULON
1874 09 02 08 00  43.12    5.93 1023.7           TOULON
1874 09 03 08 00  43.12    5.93 1024.4           TOULON
1874 09 04 08 00  43.12    5.93 1020.3           TOULON
1874 09 05 08 00  43.12    5.93 1018.6           TOULON
1874 09 06 08 00  43.12    5.93 1016.9           TOULON
1874 09 07 08 00  43.12    5.93 1019.0           TOULON
1874 09 08 08 00  43.12    5.93 1014.9           TOULON
1874 09 09 08 00  43.12    5.93 1016.6           TOULON
1874 09 10 08 00  43.12    5.93 1015.9           TOULON
1874 09 11 08 00  43.12    5.93 1022.7           TOULON
1874 09 12 08 00  43.12    5.93 1020.3           TOULON
1874 09 13 08 00  43.12    5.93 1013.9           TOULON
1874 09 14 08 00  43.12    5.93 1016.6           TOULON
1874 09 15 08 00  43.12    5.93 1022.0           TOULON
1874 09 16 08 00  43.12    5.93 1019.6           TOULON
1874 09 17 08 00  43.12    5.93 1019.3           TOULON
1874 09 18 08 00  43.12    5.93 1019.0           TOULON
1874 09 19 08 00  43.12    5.93 1019.6           TOULON
1874 09 20 08 00  43.12    5.93 1014.9           TOULON
1874 09 21 08 00  43.12    5.93 1017.9           TOULON
1874 09 22 08 00  43.12    5.93 1019.0           TOULON
1874 09 23 08 00  43.12    5.93 1017.9           TOULON
1874 09 24 08 00  43.12    5.93 1019.3           TOULON
1874 09 25 08 00  43.12    5.93 1025.7           TOULON
1874 09 26 08 00  43.12    5.93 1023.4           TOULON
1874 09 27 08 00  43.12    5.93 1024.7           TOULON
1874 09 28 08 00  43.12    5.93 1024.4           TOULON
1874 09 29 08 00  43.12    5.93 1019.3           TOULON
1874 09 30 08 00  43.12    5.93 1018.6           TOULON
1874 09 01 08 00  33.31   44.36 1008.1          BAGHDAD
1874 09 02 08 00  33.31   44.36 1008.1          BAGHDAD
1874 09 03 08 00  33.31   44.36 1009.5          BAGHDAD
1874 09 04 08 00  33.31   44.36 1009.5          BAGHDAD
1874 09 05 08 00  33.31   44.36 1010.8          BAGHDAD
1874 09 06 08 00  33.31   44.36 1009.5          BAGHDAD
1874 09 07 08 00  33.31   44.36 1010.8          BAGHDAD
1874 09 08 08 00  33.31   44.36 1012.1          BAGHDAD
1874 09 09 08 00  33.31   44.36 1012.1          BAGHDAD
1874 09 10 08 00  33.31   44.36 1012.1          BAGHDAD
1874 09 11 08 00  33.31   44.36 1010.8          BAGHDAD
1874 09 12 08 00  33.31   44.36 1009.5          BAGHDAD
1874 09 13 08 00  33.31   44.36 1010.8          BAGHDAD
1874 09 14 08 00  33.31   44.36 1010.8          BAGHDAD
1874 09 15 08 00  33.31   44.36 1012.1          BAGHDAD
1874 09 16 08 00  33.31   44.36 1010.8          BAGHDAD
1874 09 17 08 00  33.31   44.36 1012.1          BAGHDAD
1874 09 18 08 00  33.31   44.36 1013.5          BAGHDAD
1874 09 19 08 00  33.31   44.36 1012.1          BAGHDAD
1874 09 20 08 00  33.31   44.36 1013.5          BAGHDAD
1874 09 21 08 00  33.31   44.36 1013.5          BAGHDAD
1874 09 22 08 00  33.31   44.36 1012.1          BAGHDAD
1874 09 23 08 00  33.31   44.36 1012.1          BAGHDAD
1874 09 24 08 00  33.31   44.36 1013.5          BAGHDAD
1874 09 25 08 00  33.31   44.36 1013.5          BAGHDAD
1874 09 26 08 00  33.31   44.36 1014.8          BAGHDAD
1874 09 27 08 00  33.31   44.36 1021.4          BAGHDAD
1874 09 28 08 00  33.31   44.36 1021.4          BAGHDAD
1874 09 29 08 00  33.31   44.36 1017.5          BAGHDAD
1874 09 30 08 00  33.31   44.36 1016.1          BAGHDAD
1874 09 01 08 00  58.20   -6.30  981.5        STORNOWAY
1874 09 02 08 00  58.20   -6.30  986.9        STORNOWAY
1874 09 03 08 00  58.20   -6.30  989.5        STORNOWAY
1874 09 04 08 00  58.20   -6.30  992.2        STORNOWAY
1874 09 05 08 00  58.20   -6.30 1005.5        STORNOWAY
1874 09 06 08 00  58.20   -6.30 1009.5        STORNOWAY
1874 09 07 08 00  58.20   -6.30 1005.5        STORNOWAY
1874 09 08 08 00  58.20   -6.30 1001.5        STORNOWAY
1874 09 09 08 00  58.20   -6.30  985.5        STORNOWAY
1874 09 10 08 00  58.20   -6.30  978.9        STORNOWAY
1874 09 11 08 00  58.20   -6.30  985.5        STORNOWAY
1874 09 12 08 00  58.20   -6.30  998.8        STORNOWAY
1874 09 13 08 00  58.20   -6.30 1016.1        STORNOWAY
1874 09 14 08 00  58.20   -6.30 1006.8        STORNOWAY
1874 09 15 08 00  58.20   -6.30  994.8        STORNOWAY
1874 09 16 08 00  58.20   -6.30 1009.5        STORNOWAY
1874 09 17 08 00  58.20   -6.30 1002.8        STORNOWAY
1874 09 18 08 00  58.20   -6.30  997.5        STORNOWAY
1874 09 19 08 00  58.20   -6.30  993.5        STORNOWAY
1874 09 20 08 00  58.20   -6.30  998.8        STORNOWAY
1874 09 21 08 00  58.20   -6.30 1001.5        STORNOWAY
1874 09 22 08 00  58.20   -6.30  994.8        STORNOWAY
1874 09 23 08 00  58.20   -6.30 1001.5        STORNOWAY
1874 09 24 08 00  58.20   -6.30 1009.5        STORNOWAY
1874 09 25 08 00  58.20   -6.30 1006.8        STORNOWAY
1874 09 26 08 00  58.20   -6.30 1012.1        STORNOWAY
1874 09 27 08 00  58.20   -6.30 1004.2        STORNOWAY
1874 09 28 08 00  58.20   -6.30  990.9        STORNOWAY
1874 09 29 08 00  58.20   -6.30  985.5        STORNOWAY
1874 09 30 08 00  58.20   -6.30  986.9        STORNOWAY
1874 09 01 08 00  32.67  -16.92 1018.8          FUNCHAL
1874 09 02 08 00  32.67  -16.92 1020.1          FUNCHAL
1874 09 03 08 00  32.67  -16.92 1021.4          FUNCHAL
1874 09 04 08 00  32.67  -16.92 1020.1          FUNCHAL
1874 09 05 08 00  32.67  -16.92 1020.1          FUNCHAL
1874 09 06 08 00  32.67  -16.92 1017.5          FUNCHAL
1874 09 07 08 00  32.67  -16.92 1018.8          FUNCHAL
1874 09 08 08 00  32.67  -16.92 1021.4          FUNCHAL
1874 09 09 08 00  32.67  -16.92 1021.4          FUNCHAL
1874 09 10 08 00  32.67  -16.92 1020.1          FUNCHAL
1874 09 11 08 00  32.67  -16.92 1021.4          FUNCHAL
1874 09 12 08 00  32.67  -16.92 1021.4          FUNCHAL
1874 09 13 08 00  32.67  -16.92 1018.8          FUNCHAL
1874 09 14 08 00  32.67  -16.92 1017.5          FUNCHAL
1874 09 15 08 00  32.67  -16.92 1017.5          FUNCHAL
1874 09 16 08 00  32.67  -16.92 1018.8          FUNCHAL
1874 09 17 08 00  32.67  -16.92 1017.5          FUNCHAL
1874 09 18 08 00  32.67  -16.92 1020.1          FUNCHAL
1874 09 19 08 00  32.67  -16.92 1020.1          FUNCHAL
1874 09 20 08 00  32.67  -16.92 1017.5          FUNCHAL
1874 09 21 08 00  32.67  -16.92 1017.5          FUNCHAL
1874 09 22 08 00  32.67  -16.92 1014.8          FUNCHAL
1874 09 23 08 00  32.67  -16.92 1012.1          FUNCHAL
1874 09 24 08 00  32.67  -16.92 1016.1          FUNCHAL
1874 09 25 08 00  32.67  -16.92 1018.8          FUNCHAL
1874 09 26 08 00  32.67  -16.92 1017.5          FUNCHAL
1874 09 27 08 00  32.67  -16.92 1018.8          FUNCHAL
1874 09 28 08 00  32.67  -16.92 1021.4          FUNCHAL
1874 09 29 08 00  32.67  -16.92 1018.8          FUNCHAL
1874 09 30 08 00  32.67  -16.92 1017.5          FUNCHAL
1874 09 01 08 00  33.89   35.50 1005.1           BEIRUT
1874 09 02 08 00  33.89   35.50 1007.6           BEIRUT
1874 09 03 08 00  33.89   35.50 1006.9           BEIRUT
1874 09 04 08 00  33.89   35.50 1006.1           BEIRUT
1874 09 05 08 00  33.89   35.50 1006.4           BEIRUT
1874 09 06 08 00  33.89   35.50 1007.2           BEIRUT
1874 09 07 08 00  33.89   35.50 1003.0           BEIRUT
1874 09 08 08 00  33.89   35.50 1001.9           BEIRUT
1874 09 09 08 00  33.89   35.50 1000.6           BEIRUT
1874 09 10 08 00  33.89   35.50 1004.7           BEIRUT
1874 09 11 08 00  33.89   35.50 1008.5           BEIRUT
1874 09 12 08 00  33.89   35.50 1004.9           BEIRUT
1874 09 13 08 00  33.89   35.50 1004.7           BEIRUT
1874 09 14 08 00  33.89   35.50 1007.9           BEIRUT
1874 09 15 08 00  33.89   35.50 1008.4           BEIRUT
1874 09 16 08 00  33.89   35.50 1008.5           BEIRUT
1874 09 17 08 00  33.89   35.50 1006.7           BEIRUT
1874 09 18 08 00  33.89   35.50 1006.5           BEIRUT
1874 09 19 08 00  33.89   35.50 1007.1           BEIRUT
1874 09 22 08 00  33.89   35.50 1006.8           BEIRUT
1874 09 23 08 00  33.89   35.50 1006.8           BEIRUT
1874 09 24 08 00  33.89   35.50 1010.3           BEIRUT
1874 09 25 08 00  33.89   35.50 1008.5           BEIRUT
1874 09 26 08 00  33.89   35.50 1010.0           BEIRUT
1874 09 27 08 00  33.89   35.50 1010.1           BEIRUT
1874 09 28 08 00  33.89   35.50 1013.3           BEIRUT
1874 09 29 08 00  33.89   35.50 1010.5           BEIRUT
1874 09 30 08 00  33.89   35.50 1010.0           BEIRUT
1874 09 01 08 00  55.20   -6.99  988.1      GREENCASTLE
1874 09 01 14 00  55.20   -6.99  999.3      GREENCASTLE
1874 09 02 08 00  55.20   -6.99  996.3      GREENCASTLE
1874 09 02 14 00  55.20   -6.99  994.6      GREENCASTLE
1874 09 03 08 00  55.20   -6.99 1002.4      GREENCASTLE
1874 09 03 14 00  55.20   -6.99  999.3      GREENCASTLE
1874 09 04 08 00  55.20   -6.99 1005.1      GREENCASTLE
1874 09 04 14 00  55.20   -6.99 1003.4      GREENCASTLE
1874 09 05 08 00  55.20   -6.99 1013.5      GREENCASTLE
1874 09 05 14 00  55.20   -6.99 1008.1      GREENCASTLE
1874 09 06 08 00  55.20   -6.99 1012.2      GREENCASTLE
1874 09 06 14 00  55.20   -6.99 1013.2      GREENCASTLE
1874 09 07 08 00  55.20   -6.99 1012.5      GREENCASTLE
1874 09 08 08 00  55.20   -6.99 1009.8      GREENCASTLE
1874 09 08 14 00  55.20   -6.99 1011.9      GREENCASTLE
1874 09 09 08 00  55.20   -6.99  994.6      GREENCASTLE
1874 09 09 14 00  55.20   -6.99 1005.8      GREENCASTLE
1874 09 10 08 00  55.20   -6.99  987.1      GREENCASTLE
1874 09 10 14 00  55.20   -6.99  990.5      GREENCASTLE
1874 09 11 08 00  55.20   -6.99  996.3      GREENCASTLE
1874 09 11 14 00  55.20   -6.99  990.9      GREENCASTLE
1874 09 12 08 00  55.20   -6.99 1005.4      GREENCASTLE
1874 09 12 14 00  55.20   -6.99  994.6      GREENCASTLE
1874 09 13 08 00  55.20   -6.99 1023.4      GREENCASTLE
1874 09 13 14 00  55.20   -6.99 1010.8      GREENCASTLE
1874 09 14 08 00  55.20   -6.99 1019.0      GREENCASTLE
1874 09 15 08 00  55.20   -6.99 1007.8      GREENCASTLE
1874 09 15 14 00  55.20   -6.99 1015.6      GREENCASTLE
1874 09 16 08 00  55.20   -6.99 1018.3      GREENCASTLE
1874 09 16 14 00  55.20   -6.99 1012.5      GREENCASTLE
1874 09 17 08 00  55.20   -6.99 1013.5      GREENCASTLE
1874 09 17 14 00  55.20   -6.99 1016.9      GREENCASTLE
1874 09 18 08 00  55.20   -6.99 1008.5      GREENCASTLE
1874 09 18 14 00  55.20   -6.99 1009.5      GREENCASTLE
1874 09 19 08 00  55.20   -6.99 1006.4      GREENCASTLE
1874 09 19 14 00  55.20   -6.99 1012.2      GREENCASTLE
1874 09 20 08 00  55.20   -6.99 1004.1      GREENCASTLE
1874 09 20 14 00  55.20   -6.99 1005.4      GREENCASTLE
1874 09 21 08 00  55.20   -6.99 1003.0      GREENCASTLE
1874 09 22 08 00  55.20   -6.99  989.8      GREENCASTLE
1874 09 22 14 00  55.20   -6.99  999.7      GREENCASTLE
1874 09 23 08 00  55.20   -6.99 1005.1      GREENCASTLE
1874 09 23 14 00  55.20   -6.99  993.2      GREENCASTLE
1874 09 24 08 00  55.20   -6.99 1017.6      GREENCASTLE
1874 09 24 14 00  55.20   -6.99 1011.2      GREENCASTLE
1874 09 25 08 00  55.20   -6.99 1018.3      GREENCASTLE
1874 09 25 14 00  55.20   -6.99 1011.2      GREENCASTLE
1874 09 26 08 00  55.20   -6.99 1018.6      GREENCASTLE
1874 09 26 14 00  55.20   -6.99 1017.9      GREENCASTLE
1874 09 27 08 00  55.20   -6.99 1012.5      GREENCASTLE
1874 09 27 14 00  55.20   -6.99 1021.3      GREENCASTLE
1874 09 28 08 00  55.20   -6.99  999.0      GREENCASTLE
1874 09 29 08 00  55.20   -6.99  994.2      GREENCASTLE
1874 09 29 14 00  55.20   -6.99  994.9      GREENCASTLE
1874 09 30 08 00  55.20   -6.99  998.6      GREENCASTLE
1874 09 30 14 00  55.20   -6.99  991.2      GREENCASTLE
