1861 01 01 08 00  57.20   -2.20 1002.0         ABERDEEN
1861 01 02 08 00  57.20   -2.20 1023.7         ABERDEEN
1861 01 03 08 00  57.20   -2.20 1027.1         ABERDEEN
1861 01 04 08 00  57.20   -2.20 1023.0         ABERDEEN
1861 01 05 08 00  57.20   -2.20 1021.0         ABERDEEN
1861 01 07 08 00  57.20   -2.20 1022.4         ABERDEEN
1861 01 09 08 00  57.20   -2.20 1015.6         ABERDEEN
1861 01 10 08 00  57.20   -2.20 1025.1         ABERDEEN
1861 01 11 08 00  57.20   -2.20 1017.6         ABERDEEN
1861 01 12 08 00  57.20   -2.20 1005.4         ABERDEEN
1861 01 14 08 00  57.20   -2.20  984.1         ABERDEEN
1861 01 15 08 00  57.20   -2.20 1026.4         ABERDEEN
1861 01 16 08 00  57.20   -2.20 1029.1         ABERDEEN
1861 01 17 08 00  57.20   -2.20 1029.1         ABERDEEN
1861 01 18 08 00  57.20   -2.20 1023.0         ABERDEEN
1861 01 19 08 00  57.20   -2.20 1016.3         ABERDEEN
1861 01 21 08 00  57.20   -2.20 1019.0         ABERDEEN
1861 01 22 08 00  57.20   -2.20 1021.3         ABERDEEN
1861 01 23 08 00  57.20   -2.20 1015.6         ABERDEEN
1861 01 24 08 00  57.20   -2.20 1005.4         ABERDEEN
1861 01 25 08 00  57.20   -2.20  996.6         ABERDEEN
1861 01 26 08 00  57.20   -2.20 1008.8         ABERDEEN
1861 01 28 08 00  57.20   -2.20 1014.2         ABERDEEN
1861 01 29 08 00  57.20   -2.20 1014.9         ABERDEEN
1861 01 30 08 00  57.20   -2.20 1009.8         ABERDEEN
1861 01 31 08 00  57.20   -2.20 1007.8         ABERDEEN
1861 01 01 08 00  53.27   -9.06 1007.8           GALWAY
1861 01 02 08 00  53.27   -9.06 1023.0           GALWAY
1861 01 03 08 00  53.27   -9.06 1026.8           GALWAY
1861 01 04 08 00  53.27   -9.06 1016.6           GALWAY
1861 01 05 08 00  53.27   -9.06 1013.5           GALWAY
1861 01 07 08 00  53.27   -9.06 1017.9           GALWAY
1861 01 08 08 00  53.27   -9.06 1017.9           GALWAY
1861 01 09 08 00  53.27   -9.06 1014.6           GALWAY
1861 01 10 08 00  53.27   -9.06 1025.7           GALWAY
1861 01 11 08 00  53.27   -9.06 1015.6           GALWAY
1861 01 12 08 00  53.27   -9.06 1019.6           GALWAY
1861 01 14 08 00  53.27   -9.06 1005.1           GALWAY
1861 01 15 08 00  53.27   -9.06 1016.6           GALWAY
1861 01 16 08 00  53.27   -9.06 1026.1           GALWAY
1861 01 17 08 00  53.27   -9.06 1027.8           GALWAY
1861 01 18 08 00  53.27   -9.06 1021.0           GALWAY
1861 01 19 08 00  53.27   -9.06 1016.3           GALWAY
1861 01 21 08 00  53.27   -9.06 1030.8           GALWAY
1861 01 22 08 00  53.27   -9.06 1027.4           GALWAY
1861 01 23 08 00  53.27   -9.06 1014.6           GALWAY
1861 01 24 08 00  53.27   -9.06  997.6           GALWAY
1861 01 25 08 00  53.27   -9.06  995.3           GALWAY
1861 01 26 08 00  53.27   -9.06 1020.0           GALWAY
1861 01 28 08 00  53.27   -9.06 1014.2           GALWAY
1861 01 29 08 00  53.27   -9.06 1012.5           GALWAY
1861 01 30 08 00  53.27   -9.06 1007.5           GALWAY
1861 01 31 08 00  53.27   -9.06 1004.4           GALWAY
1861 01 01 08 00  50.38   -4.14 1005.4         PLYMOUTH
1861 01 02 08 00  50.38   -4.14 1012.9         PLYMOUTH
1861 01 03 08 00  50.38   -4.14 1023.4         PLYMOUTH
1861 01 04 08 00  50.38   -4.14 1019.3         PLYMOUTH
1861 01 05 08 00  50.38   -4.14 1013.5         PLYMOUTH
1861 01 07 08 00  50.38   -4.14 1019.0         PLYMOUTH
1861 01 08 08 00  50.38   -4.14 1023.7         PLYMOUTH
1861 01 09 08 00  50.38   -4.14 1023.7         PLYMOUTH
1861 01 10 08 00  50.38   -4.14 1025.4         PLYMOUTH
1861 01 11 08 00  50.38   -4.14 1028.4         PLYMOUTH
1861 01 12 08 00  50.38   -4.14 1021.3         PLYMOUTH
1861 01 14 08 00  50.38   -4.14  992.6         PLYMOUTH
1861 01 15 08 00  50.38   -4.14 1009.1         PLYMOUTH
1861 01 16 08 00  50.38   -4.14 1018.3         PLYMOUTH
1861 01 17 08 00  50.38   -4.14 1024.7         PLYMOUTH
1861 01 18 08 00  50.38   -4.14 1026.4         PLYMOUTH
1861 01 19 08 00  50.38   -4.14 1022.7         PLYMOUTH
1861 01 21 08 00  50.38   -4.14 1035.2         PLYMOUTH
1861 01 22 08 00  50.38   -4.14 1031.5         PLYMOUTH
1861 01 23 08 00  50.38   -4.14 1022.4         PLYMOUTH
1861 01 24 08 00  50.38   -4.14 1015.6         PLYMOUTH
1861 01 25 08 00  50.38   -4.14 1011.5         PLYMOUTH
1861 01 26 08 00  50.38   -4.14 1025.7         PLYMOUTH
1861 01 28 08 00  50.38   -4.14 1023.4         PLYMOUTH
1861 01 29 08 00  50.38   -4.14 1021.0         PLYMOUTH
1861 01 30 08 00  50.38   -4.14 1019.0         PLYMOUTH
1861 01 31 08 00  50.38   -4.14 1019.0         PLYMOUTH
1861 01 03 08 00  48.39   -4.49 1022.4            BREST
1861 01 04 08 00  48.39   -4.49 1017.6            BREST
1861 01 05 08 00  48.39   -4.49 1017.9            BREST
1861 01 07 08 00  48.39   -4.49 1021.7            BREST
1861 01 08 08 00  48.39   -4.49 1025.7            BREST
1861 01 09 08 00  48.39   -4.49 1024.7            BREST
1861 01 10 08 00  48.39   -4.49 1025.7            BREST
1861 01 11 08 00  48.39   -4.49 1029.5            BREST
1861 01 12 08 00  48.39   -4.49 1027.1            BREST
1861 01 14 08 00  48.39   -4.49 1004.7            BREST
1861 01 15 08 00  48.39   -4.49 1004.7            BREST
1861 01 16 08 00  48.39   -4.49 1011.9            BREST
1861 01 17 08 00  48.39   -4.49 1023.7            BREST
1861 01 19 08 00  48.39   -4.49 1024.4            BREST
1861 01 22 08 00  48.39   -4.49 1032.8            BREST
1861 01 23 08 00  48.39   -4.49 1025.4            BREST
1861 01 25 08 00  48.39   -4.49 1016.9            BREST
1861 01 28 08 00  48.39   -4.49 1011.2            BREST
1861 01 29 08 00  48.39   -4.49 1021.3            BREST
1861 01 31 08 00  48.39   -4.49 1021.7            BREST
