01 30144 30146 30154 30162 30168 30169 30166 30168 30178 30180 30181 30179 30170 30165 30159 30155 30151 30150 30154 30159 30171 30179 30174 30176
02 30173 30166 30163 30164 30163 30159 30160 30154 30150 30140 30132 30115 30103 30095 30079 30060 30050 30045 30048 30047 30055 30062 30059 30055
03 30043 30034 30020 30013 30016 30019 30020 30013 29997 29985 29968 29958 29944 29936 29926 29902 29899 29898 29897 29906 29912 29913 29914 29910
04 29898 29892 29883 29885 29880 29884 29881 29878 29870 29864 29863 29849 29839 29834 29829 29827 29833 29847 29852 29865 29889 29897 29895 29892
05 29883 29872 29871 29880 29869 29872 29892 29899 29903 29903 29899 29896 29899 29906 29900 29892 29890 29892 29896 29906 29920 29914 29922 29922
06 29922 29912 29902 29903 29912 29919 29927 29930 29930 29926 29932 29929 29926 29937 29950 29946 29944 29949 29954 29964 29974 29982 29983 29990
07 29982 29979 29980 29979 29982 29980 29981 29982 29977 29967 29948 29942 29935 29925 29918 29911 29906 29902 29901 29902 29906 29910 29908 29911
08 29906 29890 29880 29881 29889 29886 29888 29889 29878 29870 29853 29845 29833 29831 29829 29826 29827 29828 29838 29853 29861 29863 29861 29860
09 29851 29838 29833 29828 29823 29811 29810 29807 29790 29778 29758 29730 29718 29704 29711 29703 29694 29695 29701 29709 29704 29698 29689 29674
10 29658 29649 29636 29623 29620 29608 29608 29612 29614 29601 29607 29606 29596 29588 29578 29584 29612 29606 29624 29639 29648 29656 29671 29671
11 29685 29683 29692 29700 29706 29716 29728 29732 29733 29741 29748 29751 29754 29747 29746 29742 29737 29743 29749 29747 29750 29761 29761 29762
12 29764 29774 29790 29797 29802 29824 29833 29829 29831 29851 29860 29871 29868 29870 29870 29871 29872 29864 29865 29874 29880 29891 29892 29891
13 29888 29887 29886 29885 29898 29904 29905 29906 29880 29862 29831 29820 29808 29807 29814 29821 29828 29835 29843 29851 29859 29871 29873 29883
14 29885 29899 29911 29927 29925 29923 29933 29939 29932 29929 29926 29920 29916 29919 29922 29908 29905 29910 29914 29922 29925 29931 29926 29930
15 29926 29923 29914 29915 29916 29920 29916 29914 29914 29906 29900 29888 29875 29865 29860 29860 29852 29835 29822 29802 29789 29776 29760 29734
16 29709 29680 29666 29664 29665 29664 29667 29661 29664 29665 29670 29677 29672 29672 29676 29677 29676 29675 29690 29698 29709 29715 29718 29719
17 29718 29712 29713 29720 29725 29730 29734 29733 29734 29725 29740 29745 29742 29744 29757 29780 29781 29795 29820 29850 29883 29914 29931 29941
18 29948 29951 29964 29970 29987 30008 30007 30018 30010 30013 30014 30008 30016 30021 30019 30027 30031 30029 30026 30033 30041 30049 30052 30058
19 30052 30056 30050 30053 30056 30067 30075 30088 30095 30100 30114 30111 30106 30116 30118 30121 30119 30109 30116 30121 30134 30137 30141 30138
20 30130 30120 30111 30099 30097 30098 30098 30102 30092 30090 30088 30074 30068 30058 30051 30052 30043 30041 30045 30051 30054 30051 30045 30035
21 30028 30011 29984 29971 29962 29965 29949 29939 29923 29901 29884 29868 29854 29843 29836 29825 29824 29838 29852 29872 29894 29918 29924 29947
22 29951 29956 29957 29967 29969 29976 29980 29981 29982 29982 29972 29973 29971 29968 29960 29956 29951 29939 29942 29950 29954 29963 29960 29956
23 29946 29940 29920 29912 29910 29896 29897 29889 29874 29862 29855 29835 29819 29795 29781 29749 29743 29731 29723 29721 29723 29727 29725 29724
24 29721 29722 29717 29721 29728 29731 29732 29731 29721 29715 29705 29723 29705 29703 29707 29705 29707 29705 29717 29739 29744 29753 29760 29768
25 29773 29780 29795 29812 29821 29841 29857 29885 29897 29918 29930 29944 29952 29971 29988 30003 30008 30035 30050 30065 30085 30100 30112 30122
26 30123 30125 30118 30123 30120 30126 30130 30120 30117 30118 30105 30089 30071 30043 30031 30015 29991 29978 29957 29941 29917 29889 29855 29825
27 29804 29793 29783 29775 29771 29771 29770 29778 29779 29778 29779 29782 29785 29795 29803 29809 29829 29852 29867 29899 29925 29955 29973 29983
28 29993 30009 30018 30038 30048 30063 30075 30089 30099 30109 30104 30102 30092 30087 30082 30076 30073 30084 30094 30094 30096 30084 30069 30059
29 30045 30028 30011 30002 30004 30009 30014 30015 30015 30016 30019 30024 30035 30043 30045 30050 30051 30061 30079 30085 30095 30103 30106 30113
30 30117 30118 30115 30125 30137 30143 30158 30163 30169 30173 30166 30158 30155 30153 30152 30152 30151 30159 30160 30162 30165 30172 30164 30164
31 30160 30161 30162 30160 30163 30170 30162 30163 30167 30160 30157 30151 30135 30130 30121 30119 30114 30112 30109 30107 30113 30115 30110 30103
