01 28878 28810 28784 28752 28758 28784 28840 28910 28970 29051 29127 29225 29256 29312 29360 29427 29463 29531 29577 29631 29687 29744 29791 29863
02 29924 29980 30027 30074 30107 30162 30194 30246 30283 30331 30363 30388 30381 30378 30388 30413 30417 30437 30445 30463 30455 30455 30445 30445
03 30435 30426 30427 30415 30417 30427 30425 30440 30447 30464 30463 30460 30448 30447 30432 30427 30420 30431 30425 30425 30419 30422 30418 30404
04 30410 30400 30395 30380 30374 30377 30380 30382 30387 30404 30397 30400 30377 30381 30367 30372 30362 30363 30364 30364 30300 30354 30337 30341
05 30344 30327 30315 30307 30293 30285 30280 30288 30285 30287 30284 30281 30257 30253 30233 30235 30225 30215 30213 30207 30207 30203 30198 30193
06 30167 30148 30133 30123 30107 30095 30084 30078 30067 30070 30057 30041 30035 30017 30002 29988 29985 29988 29993 30004 30003 30002 30001 29997
07 29995 30007 30015 30017 30025 30048 30045 30064 30075 30092 30083 30089 30067 30064 30049 30052 30040 30037 30031 30023 30013 29999 29968 29948
08 29917 29878 29838 29822 29795 29767 29745 29730 29708 29685 29658 29632 29591 29542 29501 29448 29427 29393 29357 29313 29272 29232 29203 29181
09 29167 29142 29115 29058 29008 28978 28952 28948 28912 28885 28903 28912 28918 28897 28923 28913 28920 28903 28896 28873 28859 28847 28884 28913
10 28943 28991 29026 29034 29047 29063 29091 29103 29156 29175 29207 29217 29227 29237 29248 29267 29295 29302 29327 29341 29355 29361 29363 29356
11 29337 29335 29332 29325 29325 29332 29349 29374 29393 29430 29465 29501 29513 29501 29499 29480 29465 29447 29417 29377 29335 29285 29247 29208
12 29177 29157 29145 29149 29153 29147 29150 29151 29151 29152 29147 29143 29127 29154 29146 29183 29221 29244 29275 29297 29307 29318 29337 29336
13 29317 29295 29267 29235 29225 29247 29275 29343 29387 29447 29495 29535 29547 29557 29562 29568 29570 29577 29592 29598 29597 29630 29642 29667
14 29697 29728 29765 29787 29807 29846 29867 29885 29907 29918 29899 29880 29853 29885 29877 29870 29856 29844 29838 29839 29827 29819 29805 29791
15 29767 29744 29718 29698 29696 29687 29661 29650 29652 29647 29633 29637 29630 29620 29615 29620 29620 29627 29634 29639 29641 29648 29652 29657
16 29664 29677 29685 29688 29677 29680 29683 29691 29692 29705 29684 29688 29667 29657 29645 29648 29635 29638 29637 29644 29646 29649 29647 29647
17 29644 29641 29643 29637 29637 29641 29638 29657 29662 29656 29649 29647 29633 29617 29605 29587 29582 29584 29577 29575 29563 29556 29542 29531
18 29508 29487 29467 29437 29421 29407 29407 29405 29395 29388 29377 29358 29345 29347 29327 29323 29324 29323 29327 29317 29308 29303 29307 29312
19 29320 29325 29325 29331 29334 29337 29348 29372 29373 29390 29385 29388 29384 29384 29387 29387 29397 29404 29399 29396 29384 29370 29359 29345
20 29335 29311 29257 29177 29154 29175 29201 29227 29248 29275 29284 29280 29265 29209 29155 29094 29055 29013 28994 28962 28983 29048 29107 29177
21 29242 29268 29277 29258 29284 29250 29264 29257 29275 29278 29292 29289 29277 29267 29248 29243 29215 29200 29184 29167 29158 29155 29177 29217
22 29262 29303 29332 29351 29365 29377 29388 29400 29401 29411 29412 29399 29399 29384 29367 29369 29380 29399 29415 29425 29437 29443 29454 29458
23 29449 29447 29424 29415 29385 29381 29368 29369 29374 29382 29380 29390 29406 29406 29413 29423 29449 29473 29498 29527 29540 29557 29577 29599
24 29625 29643 29649 29667 29680 29707 29732 29773 29797 29826 29855 29885 29897 29914 29922 29943 29951 29965 29988 30007 30020 30042 30053 30058
25 30067 30064 30064 30064 30063 30057 30061 30061 30060 30063 30058 30046 30033 30016 29999 29979 29965 29958 29952 29940 29923 29910 29904 29891
26 29870 29858 29833 29818 29798 29793 29780 29788 29785 29788 29778 29768 29742 29731 29707 29704 29685 29684 29687 29696 29695 29695 29687 29697
27 29684 29677 29674 29660 29663 29658 29655 29667 29668 29669 29659 29654 29644 29630 29614 29610 29605 29615 29615 29618 29620 29630 29632 29633
28 29627 29635 29623 29632 29637 29647 29648 29660 29667 29680 29675 29680 29673 29663 29662 29661 29668 29680 29694 29698 29701 29702 29704 29705
29 29707 29709 29710 29714 29715 29717 29724 29733 29744 29755 29757 29762 29757 29753 29758 29752 29765 29768 29775 29784 29783 29784 29785 29780
