01 29965 29948 29925 29896 29875 29848 29811 29804 29788 29761 29747 29741 29725 29714 29695 29669 29644 29637 29644 29660 29672 29688 29702 29718
02 29737 29751 29757 29767 29774 29794 29805 29828 29849 29874 29894 29904 29917 29923 29927 29932 29934 29941 29945 29953 29962 29969 29973 29967
03 29960 29960 29961 29959 29959 29972 29984 30002 30008 30024 30038 30049 30053 30074 30073 30073 30087 30098 30114 30134 30148 30166 30175 30177
04 30182 30184 30185 30180 30185 30188 30195 30204 30206 30225 30223 30232 30227 30226 30224 30209 30208 30209 30198 30198 30198 30192 30185 30168
05 30154 30147 30140 30127 30114 30104 30088 30088 30090 30089 30086 30087 30074 30071 30062 30049 30025 30004 30007 30012 30016 30020 30007 30001
06 29987 29981 29973 29967 29961 29964 29964 29967 29971 29972 29974 29967 29965 29964 29962 29960 29949 29934 29943 29952 29954 29959 29957 29960
07 29962 29967 29967 29967 29975 29995 30015 30030 30035 30045 30051 30060 30060 30063 30060 30065 30067 30068 30067 30077 30080 30091 30091 30091
08 30083 30075 30068 30061 30063 30067 30067 30073 30078 30079 30075 30077 30076 30079 30077 30074 30070 30071 30073 30078 30080 30067 30057 30049
09 30032 30023 30018 30005 29995 29991 29977 29969 29958 29953 29947 29942 29932 29932 29924 29909 29888 29885 29884 29875 29878 29867 29848 29838
10 29827 29815 29798 29797 29793 29795 29797 29807 29810 29805                                                                   29875            
11                                                       29898       29099       29892       29873                               29838            
12                                                       29824 29830 29845 29848 29854 29854 29855 29855 29854 29849 29855 29857 29858 29852 29844
13 29837 29835 29818 29810 29809 29817 29827 29840 29843 29849 29855 29863 29867 29870 29869 29875 29875 29884 29886 29894 29900 29906 29910 29914
14 29916 29913 29910 29919 29921 29931 29941 29951 29961 29971 29965 29975 29977 29975 29982 29986 29989 29992 29995 29998 30002 29987 29987 29968
15 29958 29937 29924 29907 29891 29893 29887 29887 29891 29895 29893 29898 29900 29900 29899 29893 29889 29897 29910 29915 29923 29919 29915 29913
16 29908 29905 29905 29902 29900 29901 29906 29918 29919 29913 29914 29906 29907 29899 29899 29889 29894 29894 29900 29901 29902 29900 29901 29898
17 29880 29878 29871 29870 29874 29885 29870 29889 29893 29894 29890 29894 29882 29874 29864 29852 29849 29844 29841 29852 29863 29864 29875 29878
18 29881 29878 29875 29864 29861 29862 29862 29857 29844 29838 29838 29827 29811 29792 29758 29719 29691 29669 29640 29608 29618 29664 29702 29718
19 29738 29747 29742 29729 29736 29750 29768 29791 29812 29830 29844 29866 29885 29900 29912 29924 29939 29954 29964 29994 29999 30011 30015 30017
20 30017 30019 30014 30004 30009 30015 30014 30018 30021 30025 30031 30030 30031 30028 30031 30026 30027 30040 30047 30060 30072 30078 30094 30095
21 30088 30095 30104 30114 30117 30126 30133 30143 30144 30147 30142 30137 30135 30133 30128 30125 30117 30110 30107 30112 30112 30111 30098 30094
22 30080 30068 30052 30042 30027 30024 30020 30017 30017 30015 30015 30005 30000 29992 29982 29974 29971 29963 29966 29970 29975 29975 29978 29982
23 29972 29976 29976 29973 29982 29985 29983 29986 29990 29993 29996 29996 30004 29993 29982 29980 29992 29997 30006 30028 30021 30012 30010 30011
24 30004 29992 29988 29987 29992 29995 30004 29998 30005 30004 30017 30020 30028 30033 30033 30034 30043 30047 30058 30076 30093 30102 30105 30121
25 30132 30138 30155 30182 30195 30218 30230 30244 30248 30256 30267 30273 30292 30285 30295 30296 30298 30314 30322 30333 30335 30342 30328 30327
26 30327 30330 30325 30308 30295 30288 30285 30285 30273 30270 30244 30242 30222 30205 30180 30152 30133 30122 30102 30076 30064 30056 30053 30051
27 30044 30032 30025 30024 30015 30007 29997 29996 29974 29972 29954 29938 29917 29911 29887 29866 29852 29840 29828 29824 29807 29808 29807 29804
28 29804 29804 29795 29788 29775 29767 29767 29754 29750 29751 29732 29725 29719 29713 29701 29684 29682 29676 29676 29635 29691 29698 29709 29731
29 29725 29740 29749 29762 29771 29796 29810 29826 29838 29855 29873 29877 29878 29878 29879 29878 29877 29882 29864 29843 29818 29806 29812 29822
30 29826 29817 29815 29803 29794 29795 29800 29808 29814 29809 29807 29804 29804 29809 29804 29803 29801 29801 29800 29801 29802 29799 29794 29781
31 29764 29759 29740 29718 29705 29706 29714 29707 29702 29695 29675 29674 29664 29658 29637 29625 29621 29605 29604 29610 29602 29581 29575 29564
