1869 02 01 08 00  50.82   -1.09  984.4       PORTSMOUTH
1869 02 02 08 00  50.82   -1.09 1003.7       PORTSMOUTH
1869 02 03 08 00  50.82   -1.09 1010.8       PORTSMOUTH
1869 02 04 08 00  50.82   -1.09 1022.4       PORTSMOUTH
1869 02 05 08 00  50.82   -1.09 1024.7       PORTSMOUTH
1869 02 06 08 00  50.82   -1.09 1021.3       PORTSMOUTH
1869 02 07 08 00  50.82   -1.09 1017.3       PORTSMOUTH
1869 02 08 08 00  50.82   -1.09 1008.8       PORTSMOUTH
1869 02 09 08 00  50.82   -1.09 1006.1       PORTSMOUTH
1869 02 10 08 00  50.82   -1.09 1017.3       PORTSMOUTH
1869 02 11 08 00  50.82   -1.09 1019.3       PORTSMOUTH
1869 02 12 08 00  50.82   -1.09 1012.9       PORTSMOUTH
1869 02 13 08 00  50.82   -1.09 1025.7       PORTSMOUTH
1869 02 14 08 00  50.82   -1.09 1029.1       PORTSMOUTH
1869 02 15 08 00  50.82   -1.09 1031.2       PORTSMOUTH
1869 02 16 08 00  50.82   -1.09 1021.7       PORTSMOUTH
1869 02 17 08 00  50.82   -1.09 1011.2       PORTSMOUTH
1869 02 18 08 00  50.82   -1.09 1005.4       PORTSMOUTH
1869 02 19 08 00  50.82   -1.09 1016.6       PORTSMOUTH
1869 02 20 08 00  50.82   -1.09 1015.6       PORTSMOUTH
1869 02 21 08 00  50.82   -1.09 1014.9       PORTSMOUTH
1869 02 22 08 00  50.82   -1.09 1016.3       PORTSMOUTH
1869 02 23 08 00  50.82   -1.09 1022.4       PORTSMOUTH
1869 02 24 08 00  50.82   -1.09 1027.4       PORTSMOUTH
1869 02 25 08 00  50.82   -1.09 1021.0       PORTSMOUTH
1869 02 26 08 00  50.82   -1.09 1020.7       PORTSMOUTH
1869 02 27 08 00  50.82   -1.09 1019.3       PORTSMOUTH
1869 02 28 08 00  50.82   -1.09 1015.6       PORTSMOUTH
1869 02 01 08 00  57.59   -3.87  969.9            NAIRN
1869 02 01 14 00  57.59   -3.87  976.0            NAIRN
1869 02 02 08 00  57.59   -3.87 1002.4            NAIRN
1869 02 02 14 00  57.59   -3.87 1005.8            NAIRN
1869 02 03 08 00  57.59   -3.87 1002.4            NAIRN
1869 02 03 14 00  57.59   -3.87 1001.0            NAIRN
1869 02 04 08 00  57.59   -3.87 1001.7            NAIRN
1869 02 04 14 00  57.59   -3.87 1002.7            NAIRN
1869 02 05 08 00  57.59   -3.87  999.7            NAIRN
1869 02 05 14 00  57.59   -3.87 1008.1            NAIRN
1869 02 06 08 00  57.59   -3.87 1003.0            NAIRN
1869 02 06 14 00  57.59   -3.87 1007.5            NAIRN
1869 02 07 08 00  57.59   -3.87  990.9            NAIRN
1869 02 08 08 00  57.59   -3.87  984.8            NAIRN
1869 02 08 14 00  57.59   -3.87  982.7            NAIRN
1869 02 09 08 00  57.59   -3.87  985.1            NAIRN
1869 02 09 14 00  57.59   -3.87  990.9            NAIRN
1869 02 10 08 00  57.59   -3.87 1000.0            NAIRN
1869 02 10 14 00  57.59   -3.87 1000.0            NAIRN
1869 02 11 08 00  57.59   -3.87 1003.4            NAIRN
1869 02 11 14 00  57.59   -3.87 1008.1            NAIRN
1869 02 12 08 00  57.59   -3.87 1007.8            NAIRN
1869 02 12 14 00  57.59   -3.87 1005.8            NAIRN
1869 02 13 08 00  57.59   -3.87 1011.9            NAIRN
1869 02 13 14 00  57.59   -3.87 1008.1            NAIRN
1869 02 14 08 00  57.59   -3.87 1001.0            NAIRN
1869 02 15 08 00  57.59   -3.87 1019.0            NAIRN
1869 02 15 14 00  57.59   -3.87 1013.2            NAIRN
1869 02 16 08 00  57.59   -3.87 1001.4            NAIRN
1869 02 16 14 00  57.59   -3.87  994.9            NAIRN
1869 02 17 08 00  57.59   -3.87  992.6            NAIRN
1869 02 17 14 00  57.59   -3.87  990.2            NAIRN
1869 02 18 08 00  57.59   -3.87  995.3            NAIRN
1869 02 18 14 00  57.59   -3.87 1000.0            NAIRN
1869 02 19 08 00  57.59   -3.87 1011.9            NAIRN
1869 02 19 14 00  57.59   -3.87 1011.2            NAIRN
1869 02 20 08 00  57.59   -3.87 1006.4            NAIRN
1869 02 20 14 00  57.59   -3.87 1006.1            NAIRN
1869 02 21 08 00  57.59   -3.87 1017.6            NAIRN
1869 02 22 08 00  57.59   -3.87 1018.3            NAIRN
1869 02 22 14 00  57.59   -3.87 1017.6            NAIRN
1869 02 23 08 00  57.59   -3.87 1016.6            NAIRN
1869 02 23 14 00  57.59   -3.87 1016.9            NAIRN
1869 02 24 08 00  57.59   -3.87 1003.7            NAIRN
1869 02 24 14 00  57.59   -3.87  997.6            NAIRN
1869 02 25 08 00  57.59   -3.87  996.3            NAIRN
1869 02 25 14 00  57.59   -3.87  985.8            NAIRN
1869 02 26 08 00  57.59   -3.87 1004.4            NAIRN
1869 02 26 14 00  57.59   -3.87 1008.8            NAIRN
1869 02 27 08 00  57.59   -3.87 1002.0            NAIRN
1869 02 27 14 00  57.59   -3.87 1004.7            NAIRN
1869 02 28 08 00  57.59   -3.87  996.3            NAIRN
1869 02 01 08 00  38.72   -9.14 1013.3           LISBON
1869 02 02 08 00  38.72   -9.14 1028.2           LISBON
1869 02 03 08 00  38.72   -9.14 1030.4           LISBON
1869 02 04 08 00  38.72   -9.14 1022.8           LISBON
1869 02 05 08 00  38.72   -9.14 1022.0           LISBON
1869 02 06 08 00  38.72   -9.14 1022.8           LISBON
1869 02 07 08 00  38.72   -9.14 1028.4           LISBON
1869 02 08 08 00  38.72   -9.14 1027.6           LISBON
1869 02 09 08 00  38.72   -9.14 1030.4           LISBON
1869 02 10 08 00  38.72   -9.14 1030.8           LISBON
1869 02 11 08 00  38.72   -9.14 1035.8           LISBON
1869 02 12 08 00  38.72   -9.14 1032.1           LISBON
1869 02 13 08 00  38.72   -9.14 1030.2           LISBON
1869 02 14 08 00  38.72   -9.14 1031.5           LISBON
1869 02 15 08 00  38.72   -9.14 1030.8           LISBON
1869 02 16 08 00  38.72   -9.14 1028.1           LISBON
1869 02 17 08 00  38.72   -9.14 1022.0           LISBON
1869 02 18 08 00  38.72   -9.14 1017.1           LISBON
1869 02 19 08 00  38.72   -9.14 1011.6           LISBON
1869 02 20 08 00  38.72   -9.14 1016.5           LISBON
1869 02 21 08 00  38.72   -9.14 1013.9           LISBON
1869 02 22 08 00  38.72   -9.14 1013.6           LISBON
1869 02 23 08 00  38.72   -9.14 1022.0           LISBON
1869 02 24 08 00  38.72   -9.14 1027.3           LISBON
1869 02 25 08 00  38.72   -9.14 1031.8           LISBON
1869 02 26 08 00  38.72   -9.14 1029.4           LISBON
1869 02 27 08 00  38.72   -9.14 1032.1           LISBON
1869 02 28 08 00  38.72   -9.14 1028.5           LISBON
1869 02 01 08 00  57.20   -2.20  970.2         ABERDEEN
1869 02 02 08 00  57.20   -2.20 1002.7         ABERDEEN
1869 02 03 08 00  57.20   -2.20 1004.1         ABERDEEN
1869 02 04 08 00  57.20   -2.20 1004.7         ABERDEEN
1869 02 05 08 00  57.20   -2.20 1005.1         ABERDEEN
1869 02 06 08 00  57.20   -2.20 1005.1         ABERDEEN
1869 02 07 08 00  57.20   -2.20  992.9         ABERDEEN
1869 02 08 08 00  57.20   -2.20  987.5         ABERDEEN
1869 02 09 08 00  57.20   -2.20  986.1         ABERDEEN
1869 02 10 08 00  57.20   -2.20 1000.0         ABERDEEN
1869 02 11 08 00  57.20   -2.20 1005.1         ABERDEEN
1869 02 12 08 00  57.20   -2.20 1010.5         ABERDEEN
1869 02 13 08 00  57.20   -2.20 1013.2         ABERDEEN
1869 02 14 08 00  57.20   -2.20 1001.0         ABERDEEN
1869 02 15 08 00  57.20   -2.20 1021.0         ABERDEEN
1869 02 16 08 00  57.20   -2.20 1005.4         ABERDEEN
1869 02 17 08 00  57.20   -2.20  996.6         ABERDEEN
1869 02 18 08 00  57.20   -2.20  998.0         ABERDEEN
1869 02 19 08 00  57.20   -2.20 1012.2         ABERDEEN
1869 02 20 08 00  57.20   -2.20 1007.8         ABERDEEN
1869 02 21 08 00  57.20   -2.20 1018.3         ABERDEEN
1869 02 22 08 00  57.20   -2.20 1021.7         ABERDEEN
1869 02 23 08 00  57.20   -2.20 1018.3         ABERDEEN
1869 02 24 08 00  57.20   -2.20  993.2         ABERDEEN
1869 02 25 08 00  57.20   -2.20 1001.4         ABERDEEN
1869 02 26 08 00  57.20   -2.20 1004.7         ABERDEEN
1869 02 27 08 00  57.20   -2.20 1002.0         ABERDEEN
1869 02 28 08 00  57.20   -2.20  995.6         ABERDEEN
1869 02 01 08 00  45.94   -0.96  999.7        ROCHEFORT
1869 02 02 08 00  45.94   -0.96 1010.5        ROCHEFORT
1869 02 03 08 00  45.94   -0.96 1022.4        ROCHEFORT
1869 02 04 08 00  45.94   -0.96 1027.8        ROCHEFORT
1869 02 05 08 00  45.94   -0.96 1026.4        ROCHEFORT
1869 02 06 08 00  45.94   -0.96 1023.7        ROCHEFORT
1869 02 07 08 00  45.94   -0.96 1026.4        ROCHEFORT
1869 02 08 08 00  45.94   -0.96 1022.4        ROCHEFORT
1869 02 09 08 00  45.94   -0.96 1023.7        ROCHEFORT
1869 02 10 08 00  45.94   -0.96 1030.5        ROCHEFORT
1869 02 11 08 00  45.94   -0.96 1031.8        ROCHEFORT
1869 02 12 08 00  45.94   -0.96 1027.8        ROCHEFORT
1869 02 13 08 00  45.94   -0.96 1024.0        ROCHEFORT
1869 02 14 08 00  45.94   -0.96 1037.3        ROCHEFORT
1869 02 15 08 00  45.94   -0.96 1035.9        ROCHEFORT
1869 02 16 08 00  45.94   -0.96 1028.1        ROCHEFORT
1869 02 17 08 00  45.94   -0.96 1020.0        ROCHEFORT
1869 02 18 08 00  45.94   -0.96 1013.2        ROCHEFORT
1869 02 19 08 00  45.94   -0.96 1014.6        ROCHEFORT
1869 02 20 08 00  45.94   -0.96 1017.6        ROCHEFORT
1869 02 21 08 00  45.94   -0.96 1010.8        ROCHEFORT
1869 02 22 08 00  45.94   -0.96 1013.5        ROCHEFORT
1869 02 23 08 00  45.94   -0.96 1021.7        ROCHEFORT
1869 02 24 08 00  45.94   -0.96 1031.2        ROCHEFORT
1869 02 25 08 00  45.94   -0.96 1025.4        ROCHEFORT
1869 02 26 08 00  45.94   -0.96 1026.8        ROCHEFORT
1869 02 27 08 00  45.94   -0.96 1029.1        ROCHEFORT
1869 02 28 08 00  45.94   -0.96 1025.4        ROCHEFORT
1869 02 01 08 00  53.31   -4.63  974.3         HOLYHEAD
1869 02 02 08 00  53.31   -4.63 1001.0         HOLYHEAD
1869 02 03 08 00  53.31   -4.63 1000.0         HOLYHEAD
1869 02 04 08 00  53.31   -4.63 1012.9         HOLYHEAD
1869 02 05 08 00  53.31   -4.63 1014.9         HOLYHEAD
1869 02 06 08 00  53.31   -4.63 1014.2         HOLYHEAD
1869 02 07 08 00  53.31   -4.63 1005.8         HOLYHEAD
1869 02 08 08 00  53.31   -4.63  993.6         HOLYHEAD
1869 02 09 08 00  53.31   -4.63  999.0         HOLYHEAD
1869 02 10 08 00  53.31   -4.63 1006.8         HOLYHEAD
1869 02 11 08 00  53.31   -4.63 1014.9         HOLYHEAD
1869 02 12 08 00  53.31   -4.63 1013.5         HOLYHEAD
1869 02 13 08 00  53.31   -4.63 1025.7         HOLYHEAD
1869 02 14 08 00  53.31   -4.63 1021.7         HOLYHEAD
1869 02 15 08 00  53.31   -4.63 1025.4         HOLYHEAD
1869 02 16 08 00  53.31   -4.63 1011.5         HOLYHEAD
1869 02 17 08 00  53.31   -4.63 1002.4         HOLYHEAD
1869 02 18 08 00  53.31   -4.63 1000.3         HOLYHEAD
1869 02 19 08 00  53.31   -4.63 1014.2         HOLYHEAD
1869 02 20 08 00  53.31   -4.63 1011.5         HOLYHEAD
1869 02 21 08 00  53.31   -4.63 1019.0         HOLYHEAD
1869 02 22 08 00  53.31   -4.63 1019.3         HOLYHEAD
1869 02 23 08 00  53.31   -4.63 1022.4         HOLYHEAD
1869 02 24 08 00  53.31   -4.63 1019.3         HOLYHEAD
1869 02 25 08 00  53.31   -4.63 1015.6         HOLYHEAD
1869 02 26 08 00  53.31   -4.63 1019.3         HOLYHEAD
1869 02 27 08 00  53.31   -4.63 1019.3         HOLYHEAD
1869 02 28 08 00  53.31   -4.63 1011.5         HOLYHEAD
1869 02 01 08 00  51.80   -8.30  975.3      ROCHESPOINT
1869 02 02 08 00  51.80   -8.30 1003.7      ROCHESPOINT
1869 02 03 08 00  51.80   -8.30 1003.7      ROCHESPOINT
1869 02 04 08 00  51.80   -8.30 1011.9      ROCHESPOINT
1869 02 05 08 00  51.80   -8.30 1014.2      ROCHESPOINT
1869 02 06 08 00  51.80   -8.30 1014.2      ROCHESPOINT
1869 02 07 08 00  51.80   -8.30 1007.1      ROCHESPOINT
1869 02 08 08 00  51.80   -8.30  994.2      ROCHESPOINT
1869 02 09 08 00  51.80   -8.30 1003.0      ROCHESPOINT
1869 02 10 08 00  51.80   -8.30 1010.2      ROCHESPOINT
1869 02 11 08 00  51.80   -8.30 1018.6      ROCHESPOINT
1869 02 12 08 00  51.80   -8.30 1012.2      ROCHESPOINT
1869 02 13 08 00  51.80   -8.30 1031.2      ROCHESPOINT
1869 02 14 08 00  51.80   -8.30 1025.7      ROCHESPOINT
1869 02 15 08 00  51.80   -8.30 1026.4      ROCHESPOINT
1869 02 16 08 00  51.80   -8.30 1007.8      ROCHESPOINT
1869 02 17 08 00  51.80   -8.30 1002.0      ROCHESPOINT
1869 02 18 08 00  51.80   -8.30 1001.0      ROCHESPOINT
1869 02 19 08 00  51.80   -8.30 1018.3      ROCHESPOINT
1869 02 20 08 00  51.80   -8.30 1012.5      ROCHESPOINT
1869 02 21 08 00  51.80   -8.30 1013.9      ROCHESPOINT
1869 02 22 08 00  51.80   -8.30 1019.3      ROCHESPOINT
1869 02 23 08 00  51.80   -8.30 1026.1      ROCHESPOINT
1869 02 24 08 00  51.80   -8.30 1020.7      ROCHESPOINT
1869 02 25 08 00  51.80   -8.30 1016.6      ROCHESPOINT
1869 02 26 08 00  51.80   -8.30 1023.0      ROCHESPOINT
1869 02 27 08 00  51.80   -8.30 1025.7      ROCHESPOINT
1869 02 28 08 00  51.80   -8.30 1022.7      ROCHESPOINT
1869 02 01 08 00  50.38   -4.14  980.0         PLYMOUTH
1869 02 02 08 00  50.38   -4.14 1005.4         PLYMOUTH
1869 02 03 08 00  50.38   -4.14 1010.8         PLYMOUTH
1869 02 04 08 00  50.38   -4.14 1022.4         PLYMOUTH
1869 02 05 08 00  50.38   -4.14 1023.0         PLYMOUTH
1869 02 06 08 00  50.38   -4.14 1021.0         PLYMOUTH
1869 02 07 08 00  50.38   -4.14 1019.0         PLYMOUTH
1869 02 08 08 00  50.38   -4.14 1008.5         PLYMOUTH
1869 02 09 08 00  50.38   -4.14 1009.1         PLYMOUTH
1869 02 10 08 00  50.38   -4.14 1018.6         PLYMOUTH
1869 02 11 08 00  50.38   -4.14 1021.3         PLYMOUTH
1869 02 12 08 00  50.38   -4.14 1012.9         PLYMOUTH
1869 02 13 08 00  50.38   -4.14 1028.4         PLYMOUTH
1869 02 14 08 00  50.38   -4.14 1031.8         PLYMOUTH
1869 02 15 08 00  50.38   -4.14 1032.2         PLYMOUTH
1869 02 16 08 00  50.38   -4.14 1020.0         PLYMOUTH
1869 02 17 08 00  50.38   -4.14 1009.1         PLYMOUTH
1869 02 18 08 00  50.38   -4.14 1005.8         PLYMOUTH
1869 02 19 08 00  50.38   -4.14 1017.6         PLYMOUTH
1869 02 20 08 00  50.38   -4.14 1015.9         PLYMOUTH
1869 02 21 08 00  50.38   -4.14 1011.2         PLYMOUTH
1869 02 22 08 00  50.38   -4.14 1019.0         PLYMOUTH
1869 02 23 08 00  50.38   -4.14 1024.4         PLYMOUTH
1869 02 24 08 00  50.38   -4.14 1028.8         PLYMOUTH
1869 02 25 08 00  50.38   -4.14 1023.4         PLYMOUTH
1869 02 26 08 00  50.38   -4.14 1023.7         PLYMOUTH
1869 02 27 08 00  50.38   -4.14 1024.0         PLYMOUTH
1869 02 28 08 00  50.38   -4.14 1020.3         PLYMOUTH
1869 02 01 08 00  41.90   12.50 1025.7             ROME
1869 02 02 08 00  41.90   12.50 1017.8             ROME
1869 02 03 08 00  41.90   12.50 1017.5             ROME
1869 02 04 08 00  41.90   12.50 1025.2             ROME
1869 02 05 08 00  41.90   12.50 1031.1             ROME
1869 02 06 08 00  41.90   12.50 1031.5             ROME
1869 02 07 08 00  41.90   12.50 1029.6             ROME
1869 02 08 08 00  41.90   12.50 1025.7             ROME
1869 02 09 08 00  41.90   12.50 1023.7             ROME
1869 02 10 08 00  41.90   12.50 1026.4             ROME
1869 02 11 08 00  41.90   12.50 1026.8             ROME
1869 02 12 08 00  41.90   12.50 1022.9             ROME
1869 02 13 08 00  41.90   12.50 1014.7             ROME
1869 02 14 08 00  41.90   12.50 1016.9             ROME
1869 02 15 08 00  41.90   12.50 1026.0             ROME
1869 02 16 08 00  41.90   12.50 1028.2             ROME
1869 02 17 08 00  41.90   12.50 1028.4             ROME
1869 02 18 08 00  41.90   12.50 1027.3             ROME
1869 02 19 08 00  41.90   12.50 1023.6             ROME
1869 02 20 08 00  41.90   12.50 1018.2             ROME
1869 02 21 08 00  41.90   12.50 1011.2             ROME
1869 02 22 08 00  41.90   12.50  998.8             ROME
1869 02 23 08 00  41.90   12.50 1015.3             ROME
1869 02 24 08 00  41.90   12.50 1015.7             ROME
1869 02 25 08 00  41.90   12.50 1020.9             ROME
1869 02 26 08 00  41.90   12.50 1023.7             ROME
1869 02 27 08 00  41.90   12.50 1017.5             ROME
1869 02 28 08 00  41.90   12.50 1014.1             ROME
1869 02 01 08 00  48.39   -4.49  985.1            BREST
1869 02 02 08 00  48.39   -4.49 1008.5            BREST
1869 02 03 08 00  48.39   -4.49 1014.9            BREST
1869 02 04 08 00  48.39   -4.49 1024.0            BREST
1869 02 05 08 00  48.39   -4.49 1017.6            BREST
1869 02 06 08 00  48.39   -4.49 1021.3            BREST
1869 02 07 08 00  48.39   -4.49 1021.3            BREST
1869 02 08 08 00  48.39   -4.49 1014.9            BREST
1869 02 09 08 00  48.39   -4.49 1017.3            BREST
1869 02 10 08 00  48.39   -4.49 1022.7            BREST
1869 02 11 08 00  48.39   -4.49 1026.8            BREST
1869 02 12 08 00  48.39   -4.49 1017.3            BREST
1869 02 13 08 00  48.39   -4.49 1028.4            BREST
1869 02 14 08 00  48.39   -4.49 1036.6            BREST
1869 02 15 08 00  48.39   -4.49 1033.9            BREST
1869 02 16 08 00  48.39   -4.49 1023.0            BREST
1869 02 17 08 00  48.39   -4.49 1012.2            BREST
1869 02 18 08 00  48.39   -4.49 1008.5            BREST
1869 02 19 08 00  48.39   -4.49 1017.6            BREST
1869 02 20 08 00  48.39   -4.49 1017.9            BREST
1869 02 21 08 00  48.39   -4.49 1007.1            BREST
1869 02 22 08 00  48.39   -4.49 1017.9            BREST
1869 02 23 08 00  48.39   -4.49 1023.4            BREST
1869 02 24 08 00  48.39   -4.49 1032.5            BREST
1869 02 25 08 00  48.39   -4.49 1025.7            BREST
1869 02 26 08 00  48.39   -4.49 1027.1            BREST
1869 02 27 08 00  48.39   -4.49 1029.1            BREST
1869 02 28 08 00  48.39   -4.49 1024.7            BREST
1869 02 01 08 00  45.76    4.84 1011.9            LYONS
1869 02 02 08 00  45.76    4.84 1015.9            LYONS
1869 02 03 08 00  45.76    4.84 1028.1            LYONS
1869 02 04 08 00  45.76    4.84 1031.8            LYONS
1869 02 05 08 00  45.76    4.84 1033.9            LYONS
1869 02 06 08 00  45.76    4.84 1031.8            LYONS
1869 02 07 08 00  45.76    4.84 1031.8            LYONS
1869 02 08 08 00  45.76    4.84 1028.1            LYONS
1869 02 09 08 00  45.76    4.84 1026.1            LYONS
1869 02 10 08 00  45.76    4.84 1033.9            LYONS
1869 02 11 08 00  45.76    4.84 1033.2            LYONS
1869 02 12 08 00  45.76    4.84 1030.5            LYONS
1869 02 13 08 00  45.76    4.84 1022.0            LYONS
1869 02 14 08 00  45.76    4.84 1033.2            LYONS
1869 02 15 08 00  45.76    4.84 1037.9            LYONS
1869 02 16 08 00  45.76    4.84 1031.8            LYONS
1869 02 17 08 00  45.76    4.84 1027.4            LYONS
1869 02 18 08 00  45.76    4.84 1020.0            LYONS
1869 02 19 08 00  45.76    4.84 1016.3            LYONS
1869 02 20 08 00  45.76    4.84 1017.3            LYONS
1869 02 21 08 00  45.76    4.84 1012.5            LYONS
1869 02 22 08 00  45.76    4.84 1013.2            LYONS
1869 02 23 08 00  45.76    4.84 1019.3            LYONS
1869 02 24 08 00  45.76    4.84 1028.1            LYONS
1869 02 25 08 00  45.76    4.84 1027.4            LYONS
1869 02 26 08 00  45.76    4.84 1030.5            LYONS
1869 02 27 08 00  45.76    4.84 1030.8            LYONS
1869 02 28 08 00  45.76    4.84 1023.4            LYONS
1869 02 01 08 00  54.28   -0.40  976.3      SCARBOROUGH
1869 02 01 14 00  54.28   -0.40  974.6      SCARBOROUGH
1869 02 02 08 00  54.28   -0.40  998.6      SCARBOROUGH
1869 02 02 14 00  54.28   -0.40 1006.4      SCARBOROUGH
1869 02 03 08 00  54.28   -0.40 1005.4      SCARBOROUGH
1869 02 03 14 00  54.28   -0.40 1002.0      SCARBOROUGH
1869 02 04 08 00  54.28   -0.40 1013.2      SCARBOROUGH
1869 02 04 14 00  54.28   -0.40 1015.6      SCARBOROUGH
1869 02 05 08 00  54.28   -0.40 1017.6      SCARBOROUGH
1869 02 05 14 00  54.28   -0.40 1019.6      SCARBOROUGH
1869 02 06 08 00  54.28   -0.40 1014.9      SCARBOROUGH
1869 02 06 14 00  54.28   -0.40 1015.9      SCARBOROUGH
1869 02 07 08 00  54.28   -0.40 1002.7      SCARBOROUGH
1869 02 08 08 00  54.28   -0.40  993.2      SCARBOROUGH
1869 02 08 14 00  54.28   -0.40  989.5      SCARBOROUGH
1869 02 09 08 00  54.28   -0.40  991.9      SCARBOROUGH
1869 02 09 14 00  54.28   -0.40  999.3      SCARBOROUGH
1869 02 10 08 00  54.28   -0.40 1004.1      SCARBOROUGH
1869 02 10 14 00  54.28   -0.40 1003.7      SCARBOROUGH
1869 02 11 08 00  54.28   -0.40 1011.9      SCARBOROUGH
1869 02 11 14 00  54.28   -0.40 1014.6      SCARBOROUGH
1869 02 12 08 00  54.28   -0.40 1014.2      SCARBOROUGH
1869 02 12 14 00  54.28   -0.40 1008.5      SCARBOROUGH
1869 02 13 08 00  54.28   -0.40 1021.3      SCARBOROUGH
1869 02 13 14 00  54.28   -0.40 1022.7      SCARBOROUGH
1869 02 14 08 00  54.28   -0.40 1011.5      SCARBOROUGH
1869 02 15 08 00  54.28   -0.40 1025.4      SCARBOROUGH
1869 02 15 14 00  54.28   -0.40 1023.0      SCARBOROUGH
1869 02 16 08 00  54.28   -0.40 1014.6      SCARBOROUGH
1869 02 16 14 00  54.28   -0.40 1010.8      SCARBOROUGH
1869 02 17 08 00  54.28   -0.40 1004.4      SCARBOROUGH
1869 02 17 14 00  54.28   -0.40 1003.7      SCARBOROUGH
1869 02 18 08 00  54.28   -0.40 1002.4      SCARBOROUGH
1869 02 18 14 00  54.28   -0.40 1003.4      SCARBOROUGH
1869 02 19 08 00  54.28   -0.40 1013.2      SCARBOROUGH
1869 02 19 14 00  54.28   -0.40 1013.5      SCARBOROUGH
1869 02 20 08 00  54.28   -0.40 1012.2      SCARBOROUGH
1869 02 20 14 00  54.28   -0.40 1011.2      SCARBOROUGH
1869 02 21 08 00  54.28   -0.40 1018.3      SCARBOROUGH
1869 02 22 08 00  54.28   -0.40 1022.0      SCARBOROUGH
1869 02 22 14 00  54.28   -0.40 1021.0      SCARBOROUGH
1869 02 23 08 00  54.28   -0.40 1021.7      SCARBOROUGH
1869 02 23 14 00  54.28   -0.40 1023.0      SCARBOROUGH
1869 02 24 08 00  54.28   -0.40 1021.0      SCARBOROUGH
1869 02 24 14 00  54.28   -0.40 1012.5      SCARBOROUGH
1869 02 25 08 00  54.28   -0.40 1014.2      SCARBOROUGH
1869 02 25 14 00  54.28   -0.40 1004.7      SCARBOROUGH
1869 02 26 08 00  54.28   -0.40 1012.5      SCARBOROUGH
1869 02 26 14 00  54.28   -0.40 1016.6      SCARBOROUGH
1869 02 27 08 00  54.28   -0.40 1009.8      SCARBOROUGH
1869 02 27 14 00  54.28   -0.40 1013.5      SCARBOROUGH
1869 02 28 08 00  54.28   -0.40 1004.1      SCARBOROUGH
1869 02 01 08 00  53.40   -3.08  977.0        LIVERPOOL
1869 02 02 08 00  53.40   -3.08 1002.0        LIVERPOOL
1869 02 03 08 00  53.40   -3.08 1001.7        LIVERPOOL
1869 02 04 08 00  53.40   -3.08 1015.9        LIVERPOOL
1869 02 05 08 00  53.40   -3.08 1016.6        LIVERPOOL
1869 02 06 08 00  53.40   -3.08 1016.6        LIVERPOOL
1869 02 07 08 00  53.40   -3.08 1005.4        LIVERPOOL
1869 02 08 08 00  53.40   -3.08  995.6        LIVERPOOL
1869 02 09 08 00  53.40   -3.08  998.3        LIVERPOOL
1869 02 10 08 00  53.40   -3.08 1007.1        LIVERPOOL
1869 02 11 08 00  53.40   -3.08 1015.9        LIVERPOOL
1869 02 12 08 00  53.40   -3.08 1014.2        LIVERPOOL
1869 02 13 08 00  53.40   -3.08 1025.7        LIVERPOOL
1869 02 14 08 00  53.40   -3.08 1020.7        LIVERPOOL
1869 02 15 08 00  53.40   -3.08 1027.1        LIVERPOOL
1869 02 16 08 00  53.40   -3.08 1013.9        LIVERPOOL
1869 02 17 08 00  53.40   -3.08 1004.1        LIVERPOOL
1869 02 18 08 00  53.40   -3.08 1002.4        LIVERPOOL
1869 02 19 08 00  53.40   -3.08 1014.9        LIVERPOOL
1869 02 20 08 00  53.40   -3.08 1012.5        LIVERPOOL
1869 02 21 08 00  53.40   -3.08 1016.3        LIVERPOOL
1869 02 22 08 00  53.40   -3.08 1020.7        LIVERPOOL
1869 02 23 08 00  53.40   -3.08 1023.4        LIVERPOOL
1869 02 24 08 00  53.40   -3.08 1021.0        LIVERPOOL
1869 02 25 08 00  53.40   -3.08 1016.6        LIVERPOOL
1869 02 26 08 00  53.40   -3.08 1017.3        LIVERPOOL
1869 02 27 08 00  53.40   -3.08 1017.3        LIVERPOOL
1869 02 28 08 00  53.40   -3.08 1009.1        LIVERPOOL
1869 02 01 08 00  50.12   -5.54  976.6         PENZANCE
1869 02 01 14 00  50.12   -5.54  987.1         PENZANCE
1869 02 02 08 00  50.12   -5.54 1004.7         PENZANCE
1869 02 02 14 00  50.12   -5.54 1009.1         PENZANCE
1869 02 03 08 00  50.12   -5.54 1008.8         PENZANCE
1869 02 03 14 00  50.12   -5.54 1011.2         PENZANCE
1869 02 04 08 00  50.12   -5.54 1020.0         PENZANCE
1869 02 04 14 00  50.12   -5.54 1020.3         PENZANCE
1869 02 05 08 00  50.12   -5.54 1020.0         PENZANCE
1869 02 05 14 00  50.12   -5.54 1021.0         PENZANCE
1869 02 06 08 00  50.12   -5.54 1018.3         PENZANCE
1869 02 06 14 00  50.12   -5.54 1017.9         PENZANCE
1869 02 07 08 00  50.12   -5.54 1016.3         PENZANCE
1869 02 08 08 00  50.12   -5.54 1005.8         PENZANCE
1869 02 08 14 00  50.12   -5.54 1002.0         PENZANCE
1869 02 09 08 00  50.12   -5.54 1009.1         PENZANCE
1869 02 09 14 00  50.12   -5.54 1016.6         PENZANCE
1869 02 10 08 00  50.12   -5.54 1017.3         PENZANCE
1869 02 10 14 00  50.12   -5.54 1015.6         PENZANCE
1869 02 11 08 00  50.12   -5.54 1020.3         PENZANCE
1869 02 11 14 00  50.12   -5.54 1020.7         PENZANCE
1869 02 12 08 00  50.12   -5.54 1010.2         PENZANCE
1869 02 12 14 00  50.12   -5.54 1013.2         PENZANCE
1869 02 13 08 00  50.12   -5.54 1029.1         PENZANCE
1869 02 13 14 00  50.12   -5.54 1034.5         PENZANCE
1869 02 14 08 00  50.12   -5.54 1031.8         PENZANCE
1869 02 15 08 00  50.12   -5.54 1030.5         PENZANCE
1869 02 15 14 00  50.12   -5.54 1028.4         PENZANCE
1869 02 16 08 00  50.12   -5.54 1017.6         PENZANCE
1869 02 16 14 00  50.12   -5.54 1014.6         PENZANCE
1869 02 17 08 00  50.12   -5.54 1007.8         PENZANCE
1869 02 17 14 00  50.12   -5.54 1006.4         PENZANCE
1869 02 18 08 00  50.12   -5.54 1003.7         PENZANCE
1869 02 18 14 00  50.12   -5.54 1006.8         PENZANCE
1869 02 19 08 00  50.12   -5.54 1016.9         PENZANCE
1869 02 19 14 00  50.12   -5.54 1017.6         PENZANCE
1869 02 20 08 00  50.12   -5.54 1014.2         PENZANCE
1869 02 20 14 00  50.12   -5.54 1010.8         PENZANCE
1869 02 21 08 00  50.12   -5.54 1009.8         PENZANCE
1869 02 22 08 00  50.12   -5.54 1017.9         PENZANCE
1869 02 22 14 00  50.12   -5.54 1017.9         PENZANCE
1869 02 23 08 00  50.12   -5.54 1023.7         PENZANCE
1869 02 23 14 00  50.12   -5.54 1028.1         PENZANCE
1869 02 24 08 00  50.12   -5.54 1027.1         PENZANCE
1869 02 24 14 00  50.12   -5.54 1021.3         PENZANCE
1869 02 25 08 00  50.12   -5.54 1023.0         PENZANCE
1869 02 25 14 00  50.12   -5.54 1019.0         PENZANCE
1869 02 26 08 00  50.12   -5.54 1023.4         PENZANCE
1869 02 26 14 00  50.12   -5.54 1027.4         PENZANCE
1869 02 27 08 00  50.12   -5.54 1026.1         PENZANCE
1869 02 27 14 00  50.12   -5.54 1028.1         PENZANCE
1869 02 28 08 00  50.12   -5.54 1021.7         PENZANCE
1869 02 01 08 00  43.12    5.93 1021.0           TOULON
1869 02 02 08 00  43.12    5.93 1014.6           TOULON
1869 02 03 08 00  43.12    5.93 1022.7           TOULON
1869 02 04 08 00  43.12    5.93 1026.1           TOULON
1869 02 05 08 00  43.12    5.93 1032.8           TOULON
1869 02 06 08 00  43.12    5.93 1034.5           TOULON
1869 02 07 08 00  43.12    5.93 1031.8           TOULON
1869 02 08 08 00  43.12    5.93 1030.5           TOULON
1869 02 09 08 00  43.12    5.93 1024.0           TOULON
1869 02 10 08 00  43.12    5.93 1027.4           TOULON
1869 02 11 08 00  43.12    5.93 1028.8           TOULON
1869 02 12 08 00  43.12    5.93 1024.4           TOULON
1869 02 13 08 00  43.12    5.93 1015.6           TOULON
1869 02 14 08 00  43.12    5.93 1024.4           TOULON
1869 02 15 08 00  43.12    5.93 1028.1           TOULON
1869 02 16 08 00  43.12    5.93 1028.8           TOULON
1869 02 17 08 00  43.12    5.93 1028.8           TOULON
1869 02 18 08 00  43.12    5.93 1024.4           TOULON
1869 02 19 08 00  43.12    5.93 1022.7           TOULON
1869 02 20 08 00  43.12    5.93 1015.2           TOULON
1869 02 21 08 00  43.12    5.93 1006.1           TOULON
1869 02 22 08 00  43.12    5.93 1004.7           TOULON
1869 02 23 08 00  43.12    5.93 1010.5           TOULON
1869 02 24 08 00  43.12    5.93 1020.0           TOULON
1869 02 25 08 00  43.12    5.93 1023.0           TOULON
1869 02 26 08 00  43.12    5.93 1027.1           TOULON
1869 02 27 08 00  43.12    5.93 1022.0           TOULON
1869 02 28 08 00  43.12    5.93 1015.2           TOULON
1869 02 01 08 00  55.20   -6.99  970.5      GREENCASTLE
1869 02 01 14 00  55.20   -6.99  974.9      GREENCASTLE
1869 02 02 08 00  55.20   -6.99 1003.4      GREENCASTLE
1869 02 02 14 00  55.20   -6.99 1005.4      GREENCASTLE
1869 02 03 08 00  55.20   -6.99  997.6      GREENCASTLE
1869 02 03 14 00  55.20   -6.99 1001.7      GREENCASTLE
1869 02 04 08 00  55.20   -6.99 1006.8      GREENCASTLE
1869 02 04 14 00  55.20   -6.99 1007.5      GREENCASTLE
1869 02 05 08 00  55.20   -6.99 1009.1      GREENCASTLE
1869 02 05 14 00  55.20   -6.99 1012.2      GREENCASTLE
1869 02 06 08 00  55.20   -6.99 1011.2      GREENCASTLE
1869 02 06 14 00  55.20   -6.99 1012.2      GREENCASTLE
1869 02 07 08 00  55.20   -6.99  996.6      GREENCASTLE
1869 02 08 08 00  55.20   -6.99  988.5      GREENCASTLE
1869 02 08 14 00  55.20   -6.99  981.0      GREENCASTLE
1869 02 09 08 00  55.20   -6.99  994.9      GREENCASTLE
1869 02 09 14 00  55.20   -6.99 1000.7      GREENCASTLE
1869 02 10 08 00  55.20   -6.99 1002.4      GREENCASTLE
1869 02 10 14 00  55.20   -6.99 1004.7      GREENCASTLE
1869 02 11 08 00  55.20   -6.99 1012.9      GREENCASTLE
1869 02 11 14 00  55.20   -6.99 1014.9      GREENCASTLE
1869 02 12 08 00  55.20   -6.99 1011.9      GREENCASTLE
1869 02 12 14 00  55.20   -6.99 1007.5      GREENCASTLE
1869 02 13 08 00  55.20   -6.99 1022.4      GREENCASTLE
1869 02 13 14 00  55.20   -6.99 1019.0      GREENCASTLE
1869 02 14 08 00  55.20   -6.99 1014.6      GREENCASTLE
1869 02 15 08 00  55.20   -6.99 1020.3      GREENCASTLE
1869 02 15 14 00  55.20   -6.99 1017.3      GREENCASTLE
1869 02 16 08 00  55.20   -6.99 1000.7      GREENCASTLE
1869 02 16 14 00  55.20   -6.99  998.0      GREENCASTLE
1869 02 17 08 00  55.20   -6.99  993.6      GREENCASTLE
1869 02 17 14 00  55.20   -6.99  992.6      GREENCASTLE
1869 02 18 08 00  55.20   -6.99  999.3      GREENCASTLE
1869 02 18 14 00  55.20   -6.99 1002.4      GREENCASTLE
1869 02 19 08 00  55.20   -6.99 1015.2      GREENCASTLE
1869 02 19 14 00  55.20   -6.99 1014.6      GREENCASTLE
1869 02 20 08 00  55.20   -6.99 1008.5      GREENCASTLE
1869 02 20 14 00  55.20   -6.99 1006.8      GREENCASTLE
1869 02 21 08 00  55.20   -6.99 1018.3      GREENCASTLE
1869 02 22 08 00  55.20   -6.99 1019.0      GREENCASTLE
1869 02 22 14 00  55.20   -6.99 1017.6      GREENCASTLE
1869 02 23 08 00  55.20   -6.99 1021.0      GREENCASTLE
1869 02 23 14 00  55.20   -6.99 1021.7      GREENCASTLE
1869 02 24 08 00  55.20   -6.99 1007.5      GREENCASTLE
1869 02 24 14 00  55.20   -6.99 1007.1      GREENCASTLE
1869 02 25 08 00  55.20   -6.99 1003.0      GREENCASTLE
1869 02 25 14 00  55.20   -6.99  999.7      GREENCASTLE
1869 02 26 08 00  55.20   -6.99 1016.3      GREENCASTLE
1869 02 26 14 00  55.20   -6.99 1016.3      GREENCASTLE
1869 02 27 08 00  55.20   -6.99 1014.9      GREENCASTLE
1869 02 27 14 00  55.20   -6.99 1015.2      GREENCASTLE
1869 02 28 08 00  55.20   -6.99 1007.1      GREENCASTLE
