1880 12 01 08 00  36.75    3.06 1018.5          ALGIERS
1880 12 02 08 00  36.75    3.06 1016.4          ALGIERS
1880 12 03 08 00  36.75    3.06 1016.0          ALGIERS
1880 12 04 08 00  36.75    3.06 1020.5          ALGIERS
1880 12 05 08 00  36.75    3.06 1024.8          ALGIERS
1880 12 06 08 00  36.75    3.06 1023.4          ALGIERS
1880 12 07 08 00  36.75    3.06 1025.8          ALGIERS
1880 12 08 08 00  36.75    3.06 1028.4          ALGIERS
1880 12 09 08 00  36.75    3.06 1031.8          ALGIERS
1880 12 10 08 00  36.75    3.06 1023.4          ALGIERS
1880 12 11 08 00  36.75    3.06 1022.5          ALGIERS
1880 12 12 08 00  36.75    3.06 1019.8          ALGIERS
1880 12 13 08 00  36.75    3.06 1020.0          ALGIERS
1880 12 14 08 00  36.75    3.06 1022.5          ALGIERS
1880 12 15 08 00  36.75    3.06 1018.9          ALGIERS
1880 12 16 08 00  36.75    3.06 1016.0          ALGIERS
1880 12 17 08 00  36.75    3.06 1010.4          ALGIERS
1880 12 18 08 00  36.75    3.06 1007.3          ALGIERS
1880 12 19 08 00  36.75    3.06 1014.9          ALGIERS
1880 12 20 08 00  36.75    3.06 1021.0          ALGIERS
1880 12 21 08 00  36.75    3.06 1020.6          ALGIERS
1880 12 22 08 00  36.75    3.06 1021.0          ALGIERS
1880 12 23 08 00  36.75    3.06 1021.7          ALGIERS
1880 12 24 08 00  36.75    3.06 1016.7          ALGIERS
1880 12 25 08 00  36.75    3.06 1015.5          ALGIERS
1880 12 26 08 00  36.75    3.06 1013.1          ALGIERS
1880 12 27 08 00  36.75    3.06 1015.3          ALGIERS
1880 12 28 08 00  36.75    3.06 1016.4          ALGIERS
1880 12 29 08 00  36.75    3.06 1015.3          ALGIERS
1880 12 30 08 00  36.75    3.06 1014.0          ALGIERS
1880 12 31 08 00  36.75    3.06 1017.1          ALGIERS
1880 12 01 08 00  45.80   24.13 1028.0            SIBIU
1880 12 02 08 00  45.80   24.13 1021.0            SIBIU
1880 12 03 08 00  45.80   24.13 1020.2            SIBIU
1880 12 04 08 00  45.80   24.13 1025.4            SIBIU
1880 12 05 08 00  45.80   24.13 1031.9            SIBIU
1880 12 06 08 00  45.80   24.13 1021.6            SIBIU
1880 12 07 08 00  45.80   24.13 1026.6            SIBIU
1880 12 08 08 00  45.80   24.13 1025.6            SIBIU
1880 12 09 08 00  45.80   24.13 1019.8            SIBIU
1880 12 10 08 00  45.80   24.13  999.9            SIBIU
1880 12 11 08 00  45.80   24.13 1006.3            SIBIU
1880 12 12 08 00  45.80   24.13 1012.4            SIBIU
1880 12 13 08 00  45.80   24.13 1006.9            SIBIU
1880 12 14 08 00  45.80   24.13 1003.8            SIBIU
1880 12 16 08 00  45.80   24.13 1014.7            SIBIU
1880 12 17 08 00  45.80   24.13 1011.1            SIBIU
1880 12 18 08 00  45.80   24.13 1015.9            SIBIU
1880 12 19 08 00  45.80   24.13 1016.8            SIBIU
1880 12 20 08 00  45.80   24.13 1020.0            SIBIU
1880 12 21 08 00  45.80   24.13 1014.4            SIBIU
1880 12 22 08 00  45.80   24.13 1002.0            SIBIU
1880 12 23 08 00  45.80   24.13 1014.8            SIBIU
1880 12 24 08 00  45.80   24.13 1013.5            SIBIU
1880 12 25 08 00  45.80   24.13 1003.9            SIBIU
1880 12 26 08 00  45.80   24.13  999.2            SIBIU
1880 12 27 08 00  45.80   24.13 1016.3            SIBIU
1880 12 28 08 00  45.80   24.13 1017.8            SIBIU
1880 12 29 08 00  45.80   24.13 1022.5            SIBIU
1880 12 30 08 00  45.80   24.13 1018.4            SIBIU
1880 12 31 08 00  45.80   24.13 1013.5            SIBIU
1880 12 01 08 00  38.72   -9.14 1022.5           LISBON
1880 12 02 08 00  38.72   -9.14 1021.6           LISBON
1880 12 03 08 00  38.72   -9.14 1023.3           LISBON
1880 12 04 08 00  38.72   -9.14 1027.4           LISBON
1880 12 05 08 00  38.72   -9.14 1029.6           LISBON
1880 12 06 08 00  38.72   -9.14 1028.9           LISBON
1880 12 07 08 00  38.72   -9.14 1031.4           LISBON
1880 12 08 08 00  38.72   -9.14 1031.1           LISBON
1880 12 09 08 00  38.72   -9.14 1036.7           LISBON
1880 12 10 08 00  38.72   -9.14 1033.0           LISBON
1880 12 11 08 00  38.72   -9.14 1028.4           LISBON
1880 12 12 08 00  38.72   -9.14 1024.1           LISBON
1880 12 13 08 00  38.72   -9.14 1026.6           LISBON
1880 12 14 08 00  38.72   -9.14 1027.3           LISBON
1880 12 15 08 00  38.72   -9.14 1023.4           LISBON
1880 12 16 08 00  38.72   -9.14 1023.2           LISBON
1880 12 17 08 00  38.72   -9.14 1013.5           LISBON
1880 12 18 08 00  38.72   -9.14 1017.2           LISBON
1880 12 19 08 00  38.72   -9.14 1022.9           LISBON
1880 12 20 08 00  38.72   -9.14 1024.5           LISBON
1880 12 21 08 00  38.72   -9.14 1028.5           LISBON
1880 12 22 08 00  38.72   -9.14 1028.2           LISBON
1880 12 23 08 00  38.72   -9.14 1026.9           LISBON
1880 12 24 08 00  38.72   -9.14 1021.8           LISBON
1880 12 25 08 00  38.72   -9.14 1020.8           LISBON
1880 12 26 08 00  38.72   -9.14 1020.1           LISBON
1880 12 27 08 00  38.72   -9.14 1017.1           LISBON
1880 12 28 08 00  38.72   -9.14 1013.7           LISBON
1880 12 29 08 00  38.72   -9.14 1008.8           LISBON
1880 12 30 08 00  38.72   -9.14 1021.2           LISBON
1880 12 31 08 00  38.72   -9.14 1026.8           LISBON
1880 12 01 08 00  45.94   -0.96 1028.4        ROCHEFORT
1880 12 02 08 00  45.94   -0.96 1024.4        ROCHEFORT
1880 12 03 08 00  45.94   -0.96 1027.1        ROCHEFORT
1880 12 04 08 00  45.94   -0.96 1029.1        ROCHEFORT
1880 12 05 08 00  45.94   -0.96 1032.8        ROCHEFORT
1880 12 06 08 00  45.94   -0.96 1034.9        ROCHEFORT
1880 12 07 08 00  45.94   -0.96 1034.9        ROCHEFORT
1880 12 08 08 00  45.94   -0.96 1033.5        ROCHEFORT
1880 12 09 08 00  45.94   -0.96 1035.9        ROCHEFORT
1880 12 10 08 00  45.94   -0.96 1038.3        ROCHEFORT
1880 12 11 08 00  45.94   -0.96 1033.5        ROCHEFORT
1880 12 12 08 00  45.94   -0.96 1029.5        ROCHEFORT
1880 12 13 08 00  45.94   -0.96 1029.5        ROCHEFORT
1880 12 14 08 00  45.94   -0.96 1028.1        ROCHEFORT
1880 12 15 08 00  45.94   -0.96 1024.7        ROCHEFORT
1880 12 16 08 00  45.94   -0.96 1015.6        ROCHEFORT
1880 12 17 08 00  45.94   -0.96 1007.8        ROCHEFORT
1880 12 18 08 00  45.94   -0.96 1005.4        ROCHEFORT
1880 12 19 08 00  45.94   -0.96 1015.2        ROCHEFORT
1880 12 20 08 00  45.94   -0.96 1016.3        ROCHEFORT
1880 12 21 08 00  45.94   -0.96 1008.8        ROCHEFORT
1880 12 22 08 00  45.94   -0.96 1024.4        ROCHEFORT
1880 12 23 08 00  45.94   -0.96 1021.7        ROCHEFORT
1880 12 24 08 00  45.94   -0.96 1012.5        ROCHEFORT
1880 12 25 08 00  45.94   -0.96 1007.5        ROCHEFORT
1880 12 26 08 00  45.94   -0.96 1009.5        ROCHEFORT
1880 12 27 08 00  45.94   -0.96 1005.4        ROCHEFORT
1880 12 28 08 00  45.94   -0.96 1012.2        ROCHEFORT
1880 12 29 08 00  45.94   -0.96 1010.5        ROCHEFORT
1880 12 30 08 00  45.94   -0.96 1001.4        ROCHEFORT
1880 12 31 08 00  45.94   -0.96 1009.1        ROCHEFORT
1880 12 01 08 00  50.38   -4.14 1022.4         PLYMOUTH
1880 12 02 08 00  50.38   -4.14 1024.0         PLYMOUTH
1880 12 03 08 00  50.38   -4.14 1027.1         PLYMOUTH
1880 12 04 08 00  50.38   -4.14 1031.8         PLYMOUTH
1880 12 05 08 00  50.38   -4.14 1033.9         PLYMOUTH
1880 12 06 08 00  50.38   -4.14 1033.9         PLYMOUTH
1880 12 07 08 00  50.38   -4.14 1037.3         PLYMOUTH
1880 12 08 08 00  50.38   -4.14 1038.3         PLYMOUTH
1880 12 09 08 00  50.38   -4.14 1035.2         PLYMOUTH
1880 12 10 08 00  50.38   -4.14 1031.8         PLYMOUTH
1880 12 11 08 00  50.38   -4.14 1026.1         PLYMOUTH
1880 12 12 08 00  50.38   -4.14 1024.7         PLYMOUTH
1880 12 13 08 00  50.38   -4.14 1022.4         PLYMOUTH
1880 12 14 08 00  50.38   -4.14 1019.0         PLYMOUTH
1880 12 15 08 00  50.38   -4.14 1008.5         PLYMOUTH
1880 12 16 08 00  50.38   -4.14 1001.4         PLYMOUTH
1880 12 17 08 00  50.38   -4.14 1002.0         PLYMOUTH
1880 12 18 08 00  50.38   -4.14 1004.4         PLYMOUTH
1880 12 19 08 00  50.38   -4.14 1002.7         PLYMOUTH
1880 12 20 08 00  50.38   -4.14  996.3         PLYMOUTH
1880 12 21 08 00  50.38   -4.14 1012.5         PLYMOUTH
1880 12 22 08 00  50.38   -4.14 1011.5         PLYMOUTH
1880 12 23 08 00  50.38   -4.14 1004.4         PLYMOUTH
1880 12 24 08 00  50.38   -4.14  990.2         PLYMOUTH
1880 12 25 08 00  50.38   -4.14 1003.4         PLYMOUTH
1880 12 26 08 00  50.38   -4.14 1006.8         PLYMOUTH
1880 12 27 08 00  50.38   -4.14  993.9         PLYMOUTH
1880 12 28 08 00  50.38   -4.14 1001.4         PLYMOUTH
1880 12 29 08 00  50.38   -4.14  994.2         PLYMOUTH
1880 12 30 08 00  50.38   -4.14  993.6         PLYMOUTH
1880 12 31 08 00  50.38   -4.14 1019.6         PLYMOUTH
1880 12 01 08 00  41.90   12.50 1028.6             ROME
1880 12 02 08 00  41.90   12.50 1024.6             ROME
1880 12 03 08 00  41.90   12.50 1019.3             ROME
1880 12 04 08 00  41.90   12.50 1024.1             ROME
1880 12 05 08 00  41.90   12.50 1024.1             ROME
1880 12 06 08 00  41.90   12.50 1025.0             ROME
1880 12 07 08 00  41.90   12.50 1028.2             ROME
1880 12 08 08 00  41.90   12.50 1029.8             ROME
1880 12 09 08 00  41.90   12.50 1026.8             ROME
1880 12 10 08 00  41.90   12.50 1012.3             ROME
1880 12 11 08 00  41.90   12.50 1017.1             ROME
1880 12 12 08 00  41.90   12.50 1019.7             ROME
1880 12 13 08 00  41.90   12.50 1016.0             ROME
1880 12 14 08 00  41.90   12.50 1015.2             ROME
1880 12 15 08 00  41.90   12.50 1012.7             ROME
1880 12 16 08 00  41.90   12.50 1014.7             ROME
1880 12 17 08 00  41.90   12.50 1012.0             ROME
1880 12 18 08 00  41.90   12.50 1011.7             ROME
1880 12 19 08 00  41.90   12.50 1015.9             ROME
1880 12 20 08 00  41.90   12.50 1021.2             ROME
1880 12 21 08 00  41.90   12.50 1017.5             ROME
1880 12 22 08 00  41.90   12.50 1010.9             ROME
1880 12 23 08 00  41.90   12.50 1018.0             ROME
1880 12 24 08 00  41.90   12.50 1016.3             ROME
1880 12 25 08 00  41.90   12.50 1008.1             ROME
1880 12 26 08 00  41.90   12.50 1003.5             ROME
1880 12 27 08 00  41.90   12.50 1012.3             ROME
1880 12 28 08 00  41.90   12.50 1020.8             ROME
1880 12 29 08 00  41.90   12.50 1021.2             ROME
1880 12 30 08 00  41.90   12.50 1018.1             ROME
1880 12 31 08 00  41.90   12.50 1015.9             ROME
1880 12 01 08 00  48.39   -4.49 1027.8            BREST
1880 12 02 08 00  48.39   -4.49 1022.4            BREST
1880 12 03 08 00  48.39   -4.49 1026.1            BREST
1880 12 04 08 00  48.39   -4.49 1030.5            BREST
1880 12 05 08 00  48.39   -4.49 1035.6            BREST
1880 12 06 08 00  48.39   -4.49 1035.9            BREST
1880 12 07 08 00  48.39   -4.49 1037.3            BREST
1880 12 08 08 00  48.39   -4.49 1037.3            BREST
1880 12 09 08 00  48.39   -4.49 1034.9            BREST
1880 12 10 08 00  48.39   -4.49 1039.3            BREST
1880 12 11 08 00  48.39   -4.49 1034.5            BREST
1880 12 12 08 00  48.39   -4.49 1029.1            BREST
1880 12 13 08 00  48.39   -4.49 1029.1            BREST
1880 12 14 08 00  48.39   -4.49 1027.4            BREST
1880 12 15 08 00  48.39   -4.49 1022.4            BREST
1880 12 16 08 00  48.39   -4.49 1009.1            BREST
1880 12 17 08 00  48.39   -4.49 1002.4            BREST
1880 12 18 08 00  48.39   -4.49 1009.5            BREST
1880 12 19 08 00  48.39   -4.49 1008.8            BREST
1880 12 20 08 00  48.39   -4.49 1005.1            BREST
1880 12 21 08 00  48.39   -4.49 1007.1            BREST
1880 12 22 08 00  48.39   -4.49 1021.3            BREST
1880 12 23 08 00  48.39   -4.49 1010.5            BREST
1880 12 24 08 00  48.39   -4.49  999.7            BREST
1880 12 25 08 00  48.39   -4.49 1005.1            BREST
1880 12 26 08 00  48.39   -4.49 1010.8            BREST
1880 12 27 08 00  48.39   -4.49 1001.0            BREST
1880 12 28 08 00  48.39   -4.49 1003.0            BREST
1880 12 29 08 00  48.39   -4.49 1001.7            BREST
1880 12 30 08 00  48.39   -4.49  996.3            BREST
1880 12 31 08 00  48.39   -4.49 1006.8            BREST
1880 12 01 08 00  31.20   29.91 1010.3       ALEXANDRIA
1880 12 02 08 00  31.20   29.91 1015.2       ALEXANDRIA
1880 12 03 08 00  31.20   29.91 1017.1       ALEXANDRIA
1880 12 04 08 00  31.20   29.91 1018.9       ALEXANDRIA
1880 12 05 08 00  31.20   29.91 1014.1       ALEXANDRIA
1880 12 06 08 00  31.20   29.91 1009.7       ALEXANDRIA
1880 12 07 08 00  31.20   29.91 1009.3       ALEXANDRIA
1880 12 08 08 00  31.20   29.91 1013.7       ALEXANDRIA
1880 12 09 08 00  31.20   29.91 1015.6       ALEXANDRIA
1880 12 10 08 00  31.20   29.91 1011.3       ALEXANDRIA
1880 12 11 08 00  31.20   29.91 1008.1       ALEXANDRIA
1880 12 12 08 00  31.20   29.91 1012.5       ALEXANDRIA
1880 12 13 08 00  31.20   29.91 1020.4       ALEXANDRIA
1880 12 14 08 00  31.20   29.91 1021.0       ALEXANDRIA
1880 12 15 08 00  31.20   29.91 1017.5       ALEXANDRIA
1880 12 16 08 00  31.20   29.91 1017.1       ALEXANDRIA
1880 12 17 08 00  31.20   29.91 1016.5       ALEXANDRIA
1880 12 18 08 00  31.20   29.91 1016.9       ALEXANDRIA
1880 12 19 08 00  31.20   29.91 1017.3       ALEXANDRIA
1880 12 20 08 00  31.20   29.91 1016.7       ALEXANDRIA
1880 12 21 08 00  31.20   29.91 1011.2       ALEXANDRIA
1880 12 22 08 00  31.20   29.91 1006.9       ALEXANDRIA
1880 12 23 08 00  31.20   29.91 1006.1       ALEXANDRIA
1880 12 24 08 00  31.20   29.91 1008.3       ALEXANDRIA
1880 12 25 08 00  31.20   29.91 1012.3       ALEXANDRIA
1880 12 26 08 00  31.20   29.91 1014.4       ALEXANDRIA
1880 12 27 08 00  31.20   29.91 1014.0       ALEXANDRIA
1880 12 28 08 00  31.20   29.91 1014.7       ALEXANDRIA
1880 12 29 08 00  31.20   29.91 1016.3       ALEXANDRIA
1880 12 30 08 00  31.20   29.91 1017.8       ALEXANDRIA
1880 12 31 08 00  31.20   29.91 1020.0       ALEXANDRIA
1880 12 01 08 00  34.84    5.75 1006.0           BISKRA
1880 12 02 08 00  34.84    5.75 1003.1           BISKRA
1880 12 03 08 00  34.84    5.75 1003.4           BISKRA
1880 12 04 08 00  34.84    5.75 1005.1           BISKRA
1880 12 05 08 00  34.84    5.75 1008.7           BISKRA
1880 12 06 08 00  34.84    5.75 1010.3           BISKRA
1880 12 07 08 00  34.84    5.75 1013.1           BISKRA
1880 12 08 08 00  34.84    5.75 1015.5           BISKRA
1880 12 09 08 00  34.84    5.75 1016.7           BISKRA
1880 12 10 08 00  34.84    5.75 1008.1           BISKRA
1880 12 11 08 00  34.84    5.75 1005.5           BISKRA
1880 12 12 08 00  34.84    5.75 1010.0           BISKRA
1880 12 13 08 00  34.84    5.75 1008.3           BISKRA
1880 12 14 08 00  34.84    5.75 1010.1           BISKRA
1880 12 15 08 00  34.84    5.75 1008.4           BISKRA
1880 12 16 08 00  34.84    5.75 1005.7           BISKRA
1880 12 17 08 00  34.84    5.75 1001.2           BISKRA
1880 12 18 08 00  34.84    5.75  998.3           BISKRA
1880 12 19 08 00  34.84    5.75  997.8           BISKRA
1880 12 20 08 00  34.84    5.75 1008.0           BISKRA
1880 12 21 08 00  34.84    5.75 1009.6           BISKRA
1880 12 22 08 00  34.84    5.75 1006.9           BISKRA
1880 12 23 08 00  34.84    5.75 1007.2           BISKRA
1880 12 24 08 00  34.84    5.75 1007.3           BISKRA
1880 12 25 08 00  34.84    5.75 1004.4           BISKRA
1880 12 26 08 00  34.84    5.75 1002.4           BISKRA
1880 12 27 08 00  34.84    5.75 1004.4           BISKRA
1880 12 28 08 00  34.84    5.75 1007.6           BISKRA
1880 12 29 08 00  34.84    5.75 1006.8           BISKRA
1880 12 30 08 00  34.84    5.75 1007.2           BISKRA
1880 12 31 08 00  34.84    5.75 1005.9           BISKRA
1880 12 01 08 00  45.76    4.84 1027.7            LYONS
1880 12 02 08 00  45.76    4.84 1028.4            LYONS
1880 12 03 08 00  45.76    4.84 1025.7            LYONS
1880 12 04 08 00  45.76    4.84 1030.1            LYONS
1880 12 05 08 00  45.76    4.84 1031.8            LYONS
1880 12 06 08 00  45.76    4.84 1032.3            LYONS
1880 12 07 08 00  45.76    4.84 1032.5            LYONS
1880 12 08 08 00  45.76    4.84 1033.8            LYONS
1880 12 09 08 00  45.76    4.84 1033.5            LYONS
1880 12 10 08 00  45.76    4.84 1034.9            LYONS
1880 12 11 08 00  45.76    4.84 1026.5            LYONS
1880 12 12 08 00  45.76    4.84 1024.1            LYONS
1880 12 13 08 00  45.76    4.84 1024.5            LYONS
1880 12 14 08 00  45.76    4.84 1021.4            LYONS
1880 12 15 08 00  45.76    4.84 1017.5            LYONS
1880 12 16 08 00  45.76    4.84 1011.6            LYONS
1880 12 17 08 00  45.76    4.84 1006.1            LYONS
1880 12 18 08 00  45.76    4.84 1007.3            LYONS
1880 12 19 08 00  45.76    4.84 1016.4            LYONS
1880 12 20 08 00  45.76    4.84 1016.5            LYONS
1880 12 21 08 00  45.76    4.84 1015.3            LYONS
1880 12 22 08 00  45.76    4.84 1022.9            LYONS
1880 12 23 08 00  45.76    4.84 1019.6            LYONS
1880 12 24 08 00  45.76    4.84 1006.8            LYONS
1880 12 25 08 00  45.76    4.84 1002.8            LYONS
1880 12 26 08 00  45.76    4.84 1009.7            LYONS
1880 12 27 08 00  45.76    4.84 1007.5            LYONS
1880 12 28 08 00  45.76    4.84 1012.3            LYONS
1880 12 29 08 00  45.76    4.84 1008.9            LYONS
1880 12 30 08 00  45.76    4.84 1008.4            LYONS
1880 12 31 08 00  45.76    4.84 1014.5            LYONS
1880 12 01 08 00  43.12    5.93 1031.2           TOULON
1880 12 02 08 00  43.12    5.93 1027.4           TOULON
1880 12 03 08 00  43.12    5.93 1023.0           TOULON
1880 12 04 08 00  43.12    5.93 1025.4           TOULON
1880 12 05 08 00  43.12    5.93 1025.7           TOULON
1880 12 07 08 00  43.12    5.93 1028.0           TOULON
1880 12 08 08 00  43.12    5.93 1029.8           TOULON
1880 12 09 08 00  43.12    5.93 1033.2           TOULON
1880 12 10 08 00  43.12    5.93 1020.7           TOULON
1880 12 11 08 00  43.12    5.93 1017.5           TOULON
1880 12 12 08 00  43.12    5.93 1017.9           TOULON
1880 12 13 08 00  43.12    5.93 1017.9           TOULON
1880 12 14 08 00  43.12    5.93 1017.3           TOULON
1880 12 15 08 00  43.12    5.93 1015.6           TOULON
1880 12 16 08 00  43.12    5.93 1014.9           TOULON
1880 12 17 08 00  43.12    5.93 1014.2           TOULON
1880 12 18 08 00  43.12    5.93 1010.5           TOULON
1880 12 19 08 00  43.12    5.93 1012.9           TOULON
1880 12 20 08 00  43.12    5.93 1021.0           TOULON
1880 12 21 08 00  43.12    5.93 1021.7           TOULON
1880 12 22 08 00  43.12    5.93 1017.3           TOULON
1880 12 23 08 00  43.12    5.93 1021.0           TOULON
1880 12 24 08 00  43.12    5.93 1017.6           TOULON
1880 12 25 08 00  43.12    5.93 1012.2           TOULON
1880 12 26 08 00  43.12    5.93 1006.8           TOULON
1880 12 27 08 00  43.12    5.93 1009.1           TOULON
1880 12 28 08 00  43.12    5.93 1014.9           TOULON
1880 12 29 08 00  43.12    5.93 1019.6           TOULON
1880 12 30 08 00  43.12    5.93  983.7           TOULON
1880 12 31 08 00  43.12    5.93 1015.6           TOULON
1880 12 01 08 00  58.20   -6.30 1003.0        STORNOWAY
1880 12 02 08 00  58.20   -6.30 1017.9        STORNOWAY
1880 12 03 08 00  58.20   -6.30 1010.5        STORNOWAY
1880 12 04 08 00  58.20   -6.30 1022.0        STORNOWAY
1880 12 05 08 00  58.20   -6.30 1017.3        STORNOWAY
1880 12 06 08 00  58.20   -6.30 1018.6        STORNOWAY
1880 12 07 08 00  58.20   -6.30 1023.0        STORNOWAY
1880 12 08 08 00  58.20   -6.30 1015.9        STORNOWAY
1880 12 09 08 00  58.20   -6.30 1020.0        STORNOWAY
1880 12 10 08 00  58.20   -6.30 1014.2        STORNOWAY
1880 12 11 08 00  58.20   -6.30 1005.8        STORNOWAY
1880 12 12 08 00  58.20   -6.30 1005.8        STORNOWAY
1880 12 13 08 00  58.20   -6.30 1005.8        STORNOWAY
1880 12 14 08 00  58.20   -6.30 1009.5        STORNOWAY
1880 12 15 08 00  58.20   -6.30  999.0        STORNOWAY
1880 12 16 08 00  58.20   -6.30 1008.5        STORNOWAY
1880 12 17 08 00  58.20   -6.30 1009.1        STORNOWAY
1880 12 18 08 00  58.20   -6.30  983.4        STORNOWAY
1880 12 19 08 00  58.20   -6.30  971.6        STORNOWAY
1880 12 20 08 00  58.20   -6.30  992.6        STORNOWAY
1880 12 21 08 00  58.20   -6.30 1010.8        STORNOWAY
1880 12 22 08 00  58.20   -6.30 1008.8        STORNOWAY
1880 12 23 08 00  58.20   -6.30  983.7        STORNOWAY
1880 12 24 08 00  58.20   -6.30  991.9        STORNOWAY
1880 12 25 08 00  58.20   -6.30  994.9        STORNOWAY
1880 12 26 08 00  58.20   -6.30  992.2        STORNOWAY
1880 12 27 08 00  58.20   -6.30  995.3        STORNOWAY
1880 12 28 08 00  58.20   -6.30 1002.0        STORNOWAY
1880 12 29 08 00  58.20   -6.30  998.6        STORNOWAY
1880 12 30 08 00  58.20   -6.30  992.9        STORNOWAY
1880 12 31 08 00  58.20   -6.30 1012.9        STORNOWAY
1880 12 01 08 00  32.67  -16.92 1017.5          FUNCHAL
1880 12 02 08 00  32.67  -16.92 1014.9          FUNCHAL
1880 12 03 08 00  32.67  -16.92 1014.5          FUNCHAL
1880 12 04 08 00  32.67  -16.92 1020.6          FUNCHAL
1880 12 05 08 00  32.67  -16.92 1022.9          FUNCHAL
1880 12 06 08 00  32.67  -16.92 1023.0          FUNCHAL
1880 12 07 08 00  32.67  -16.92 1021.0          FUNCHAL
1880 12 08 08 00  32.67  -16.92 1020.6          FUNCHAL
1880 12 09 08 00  32.67  -16.92 1024.8          FUNCHAL
1880 12 10 08 00  32.67  -16.92 1026.8          FUNCHAL
1880 12 11 08 00  32.67  -16.92 1024.5          FUNCHAL
1880 12 12 08 00  32.67  -16.92 1023.8          FUNCHAL
1880 12 13 08 00  32.67  -16.92 1023.7          FUNCHAL
1880 12 14 08 00  32.67  -16.92 1022.9          FUNCHAL
1880 12 16 08 00  32.67  -16.92 1018.5          FUNCHAL
1880 12 17 08 00  32.67  -16.92 1017.8          FUNCHAL
1880 12 18 08 00  32.67  -16.92 1019.6          FUNCHAL
1880 12 19 08 00  32.67  -16.92 1020.0          FUNCHAL
1880 12 20 08 00  32.67  -16.92 1020.8          FUNCHAL
1880 12 21 08 00  32.67  -16.92 1024.2          FUNCHAL
1880 12 22 08 00  32.67  -16.92 1024.5          FUNCHAL
1880 12 23 08 00  32.67  -16.92 1024.6          FUNCHAL
1880 12 25 08 00  32.67  -16.92 1024.8          FUNCHAL
1880 12 26 08 00  32.67  -16.92 1021.0          FUNCHAL
1880 12 27 08 00  32.67  -16.92 1015.3          FUNCHAL
1880 12 28 08 00  32.67  -16.92 1013.5          FUNCHAL
1880 12 29 08 00  32.67  -16.92 1014.3          FUNCHAL
1880 12 30 08 00  32.67  -16.92 1018.0          FUNCHAL
1880 12 31 08 00  32.67  -16.92 1019.6          FUNCHAL
