1879 08 01 08 00  36.75    3.06 1007.3          ALGIERS
1879 08 02 08 00  36.75    3.06 1006.9          ALGIERS
1879 08 03 08 00  36.75    3.06 1008.3          ALGIERS
1879 08 04 08 00  36.75    3.06 1008.1          ALGIERS
1879 08 05 08 00  36.75    3.06 1006.8          ALGIERS
1879 08 06 08 00  36.75    3.06 1005.6          ALGIERS
1879 08 07 08 00  36.75    3.06 1007.9          ALGIERS
1879 08 08 08 00  36.75    3.06 1010.1          ALGIERS
1879 08 09 08 00  36.75    3.06 1011.6          ALGIERS
1879 08 10 08 00  36.75    3.06 1010.7          ALGIERS
1879 08 11 08 00  36.75    3.06 1005.7          ALGIERS
1879 08 12 08 00  36.75    3.06 1001.4          ALGIERS
1879 08 13 08 00  36.75    3.06 1002.7          ALGIERS
1879 08 14 08 00  36.75    3.06 1005.3          ALGIERS
1879 08 15 08 00  36.75    3.06 1007.3          ALGIERS
1879 08 16 08 00  36.75    3.06 1005.1          ALGIERS
1879 08 17 08 00  36.75    3.06 1003.5          ALGIERS
1879 08 18 08 00  36.75    3.06 1005.3          ALGIERS
1879 08 19 08 00  36.75    3.06 1008.1          ALGIERS
1879 08 20 08 00  36.75    3.06 1006.5          ALGIERS
1879 08 21 08 00  36.75    3.06 1003.9          ALGIERS
1879 08 22 08 00  36.75    3.06 1004.0          ALGIERS
1879 08 23 08 00  36.75    3.06 1009.1          ALGIERS
1879 08 24 08 00  36.75    3.06 1013.1          ALGIERS
1879 08 25 08 00  36.75    3.06 1011.5          ALGIERS
1879 08 26 08 00  36.75    3.06 1007.6          ALGIERS
1879 08 27 08 00  36.75    3.06 1008.3          ALGIERS
1879 08 28 08 00  36.75    3.06 1009.9          ALGIERS
1879 08 29 08 00  36.75    3.06 1008.0          ALGIERS
1879 08 30 08 00  36.75    3.06 1007.5          ALGIERS
1879 08 31 08 00  36.75    3.06 1006.8          ALGIERS
1879 08 01 08 00  31.51   -9.76 1009.1          MOGADOR
1879 08 02 08 00  31.51   -9.76 1011.6          MOGADOR
1879 08 03 08 00  31.51   -9.76 1013.1          MOGADOR
1879 08 04 08 00  31.51   -9.76 1015.5          MOGADOR
1879 08 05 08 00  31.51   -9.76 1014.5          MOGADOR
1879 08 06 08 00  31.51   -9.76 1012.5          MOGADOR
1879 08 07 08 00  31.51   -9.76 1011.9          MOGADOR
1879 08 08 08 00  31.51   -9.76 1013.1          MOGADOR
1879 08 09 08 00  31.51   -9.76 1014.9          MOGADOR
1879 08 10 08 00  31.51   -9.76 1013.1          MOGADOR
1879 08 11 08 00  31.51   -9.76 1011.5          MOGADOR
1879 08 12 08 00  31.51   -9.76 1011.7          MOGADOR
1879 08 13 08 00  31.51   -9.76 1010.4          MOGADOR
1879 08 14 08 00  31.51   -9.76 1011.7          MOGADOR
1879 08 15 08 00  31.51   -9.76 1010.3          MOGADOR
1879 08 16 08 00  31.51   -9.76 1011.1          MOGADOR
1879 08 17 08 00  31.51   -9.76 1010.5          MOGADOR
1879 08 18 08 00  31.51   -9.76 1009.1          MOGADOR
1879 08 19 08 00  31.51   -9.76 1014.3          MOGADOR
1879 08 20 08 00  31.51   -9.76 1014.4          MOGADOR
1879 08 21 08 00  31.51   -9.76 1013.1          MOGADOR
1879 08 22 08 00  31.51   -9.76 1013.1          MOGADOR
1879 08 23 08 00  31.51   -9.76 1014.7          MOGADOR
1879 08 24 08 00  31.51   -9.76 1015.9          MOGADOR
1879 08 25 08 00  31.51   -9.76 1014.3          MOGADOR
1879 08 26 08 00  31.51   -9.76 1013.1          MOGADOR
1879 08 27 08 00  31.51   -9.76 1013.2          MOGADOR
1879 08 28 08 00  31.51   -9.76 1013.9          MOGADOR
1879 08 29 08 00  31.51   -9.76 1015.7          MOGADOR
1879 08 30 08 00  31.51   -9.76 1012.9          MOGADOR
1879 08 31 08 00  31.51   -9.76 1011.9          MOGADOR
1879 08 01 08 00  45.80   24.13 1015.3            SIBIU
1879 08 02 08 00  45.80   24.13 1011.2            SIBIU
1879 08 04 08 00  45.80   24.13 1016.9            SIBIU
1879 08 05 08 00  45.80   24.13 1015.9            SIBIU
1879 08 06 08 00  45.80   24.13 1012.3            SIBIU
1879 08 07 08 00  45.80   24.13 1008.5            SIBIU
1879 08 08 08 00  45.80   24.13 1010.4            SIBIU
1879 08 09 08 00  45.80   24.13 1014.7            SIBIU
1879 08 10 08 00  45.80   24.13 1009.3            SIBIU
1879 08 12 08 00  45.80   24.13 1010.5            SIBIU
1879 08 13 08 00  45.80   24.13 1006.8            SIBIU
1879 08 14 08 00  45.80   24.13 1006.0            SIBIU
1879 08 15 08 00  45.80   24.13 1008.7            SIBIU
1879 08 16 08 00  45.80   24.13 1009.6            SIBIU
1879 08 17 08 00  45.80   24.13 1010.4            SIBIU
1879 08 18 08 00  45.80   24.13 1008.0            SIBIU
1879 08 19 08 00  45.80   24.13 1008.4            SIBIU
1879 08 20 08 00  45.80   24.13 1010.1            SIBIU
1879 08 21 08 00  45.80   24.13 1013.1            SIBIU
1879 08 22 08 00  45.80   24.13 1015.1            SIBIU
1879 08 23 08 00  45.80   24.13 1016.4            SIBIU
1879 08 24 08 00  45.80   24.13 1015.3            SIBIU
1879 08 25 08 00  45.80   24.13 1015.1            SIBIU
1879 08 26 08 00  45.80   24.13 1012.1            SIBIU
1879 08 27 08 00  45.80   24.13 1008.3            SIBIU
1879 08 28 08 00  45.80   24.13 1016.5            SIBIU
1879 08 29 08 00  45.80   24.13 1017.6            SIBIU
1879 08 30 08 00  45.80   24.13 1017.8            SIBIU
1879 08 31 08 00  45.80   24.13 1013.6            SIBIU
1879 08 01 08 00  38.72   -9.14 1012.8           LISBON
1879 08 02 08 00  38.72   -9.14 1012.0           LISBON
1879 08 03 08 00  38.72   -9.14 1016.7           LISBON
1879 08 04 08 00  38.72   -9.14 1017.2           LISBON
1879 08 05 08 00  38.72   -9.14 1015.5           LISBON
1879 08 06 08 00  38.72   -9.14 1016.1           LISBON
1879 08 07 08 00  38.72   -9.14 1015.7           LISBON
1879 08 08 08 00  38.72   -9.14 1016.5           LISBON
1879 08 09 08 00  38.72   -9.14 1019.0           LISBON
1879 08 10 08 00  38.72   -9.14 1015.9           LISBON
1879 08 11 08 00  38.72   -9.14 1007.5           LISBON
1879 08 12 08 00  38.72   -9.14 1008.0           LISBON
1879 08 13 08 00  38.72   -9.14 1010.3           LISBON
1879 08 14 08 00  38.72   -9.14 1015.9           LISBON
1879 08 15 08 00  38.72   -9.14 1015.7           LISBON
1879 08 16 08 00  38.72   -9.14 1014.0           LISBON
1879 08 17 08 00  38.72   -9.14 1012.4           LISBON
1879 08 18 08 00  38.72   -9.14 1015.1           LISBON
1879 08 19 08 00  38.72   -9.14 1013.3           LISBON
1879 08 20 08 00  38.72   -9.14 1014.3           LISBON
1879 08 21 08 00  38.72   -9.14 1011.9           LISBON
1879 08 22 08 00  38.72   -9.14 1016.4           LISBON
1879 08 23 08 00  38.72   -9.14 1018.9           LISBON
1879 08 24 08 00  38.72   -9.14 1021.8           LISBON
1879 08 25 08 00  38.72   -9.14 1018.4           LISBON
1879 08 26 08 00  38.72   -9.14 1015.5           LISBON
1879 08 27 08 00  38.72   -9.14 1015.7           LISBON
1879 08 28 08 00  38.72   -9.14 1016.9           LISBON
1879 08 29 08 00  38.72   -9.14 1018.0           LISBON
1879 08 30 08 00  38.72   -9.14 1017.2           LISBON
1879 08 31 08 00  38.72   -9.14 1013.3           LISBON
1879 08 01 08 00  45.94   -0.96 1013.5        ROCHEFORT
1879 08 02 08 00  45.94   -0.96 1015.2        ROCHEFORT
1879 08 03 08 00  45.94   -0.96 1007.1        ROCHEFORT
1879 08 04 08 00  45.94   -0.96 1015.9        ROCHEFORT
1879 08 05 08 00  45.94   -0.96 1020.3        ROCHEFORT
1879 08 06 08 00  45.94   -0.96 1015.6        ROCHEFORT
1879 08 07 08 00  45.94   -0.96 1019.0        ROCHEFORT
1879 08 08 08 00  45.94   -0.96 1019.6        ROCHEFORT
1879 08 09 08 00  45.94   -0.96 1018.3        ROCHEFORT
1879 08 10 08 00  45.94   -0.96 1016.3        ROCHEFORT
1879 08 11 08 00  45.94   -0.96 1017.3        ROCHEFORT
1879 08 12 08 00  45.94   -0.96 1008.5        ROCHEFORT
1879 08 13 08 00  45.94   -0.96 1007.1        ROCHEFORT
1879 08 14 08 00  45.94   -0.96 1014.9        ROCHEFORT
1879 08 15 08 00  45.94   -0.96 1016.9        ROCHEFORT
1879 08 16 08 00  45.94   -0.96 1013.9        ROCHEFORT
1879 08 17 08 00  45.94   -0.96 1014.2        ROCHEFORT
1879 08 18 08 00  45.94   -0.96 1016.3        ROCHEFORT
1879 08 19 08 00  45.94   -0.96 1012.5        ROCHEFORT
1879 08 20 08 00  45.94   -0.96 1015.6        ROCHEFORT
1879 08 21 08 00  45.94   -0.96 1011.5        ROCHEFORT
1879 08 22 08 00  45.94   -0.96 1009.5        ROCHEFORT
1879 08 23 08 00  45.94   -0.96 1016.9        ROCHEFORT
1879 08 24 08 00  45.94   -0.96 1015.9        ROCHEFORT
1879 08 25 08 00  45.94   -0.96 1022.0        ROCHEFORT
1879 08 26 08 00  45.94   -0.96 1019.6        ROCHEFORT
1879 08 27 08 00  45.94   -0.96 1017.9        ROCHEFORT
1879 08 28 08 00  45.94   -0.96 1015.2        ROCHEFORT
1879 08 29 08 00  45.94   -0.96 1014.6        ROCHEFORT
1879 08 30 08 00  45.94   -0.96 1018.3        ROCHEFORT
1879 08 31 08 00  45.94   -0.96 1017.9        ROCHEFORT
1879 08 01 08 00  50.38   -4.14 1010.8         PLYMOUTH
1879 08 02 08 00  50.38   -4.14 1018.3         PLYMOUTH
1879 08 03 08 00  50.38   -4.14 1010.5         PLYMOUTH
1879 08 04 08 00  50.38   -4.14 1015.9         PLYMOUTH
1879 08 05 08 00  50.38   -4.14 1012.2         PLYMOUTH
1879 08 06 08 00  50.38   -4.14 1010.5         PLYMOUTH
1879 08 07 08 00  50.38   -4.14 1013.9         PLYMOUTH
1879 08 08 08 00  50.38   -4.14 1012.5         PLYMOUTH
1879 08 09 08 00  50.38   -4.14 1013.9         PLYMOUTH
1879 08 10 08 00  50.38   -4.14 1015.6         PLYMOUTH
1879 08 11 08 00  50.38   -4.14 1015.2         PLYMOUTH
1879 08 12 08 00  50.38   -4.14 1010.2         PLYMOUTH
1879 08 13 08 00  50.38   -4.14 1008.5         PLYMOUTH
1879 08 14 08 00  50.38   -4.14 1016.9         PLYMOUTH
1879 08 15 08 00  50.38   -4.14 1015.2         PLYMOUTH
1879 08 16 08 00  50.38   -4.14 1005.1         PLYMOUTH
1879 08 17 08 00  50.38   -4.14 1005.8         PLYMOUTH
1879 08 18 08 00  50.38   -4.14 1006.4         PLYMOUTH
1879 08 19 08 00  50.38   -4.14 1009.1         PLYMOUTH
1879 08 20 08 00  50.38   -4.14 1003.4         PLYMOUTH
1879 08 21 08 00  50.38   -4.14 1004.1         PLYMOUTH
1879 08 22 08 00  50.38   -4.14 1004.1         PLYMOUTH
1879 08 23 08 00  50.38   -4.14 1006.4         PLYMOUTH
1879 08 24 08 00  50.38   -4.14 1015.9         PLYMOUTH
1879 08 25 08 00  50.38   -4.14 1010.5         PLYMOUTH
1879 08 26 08 00  50.38   -4.14 1007.8         PLYMOUTH
1879 08 27 08 00  50.38   -4.14 1004.1         PLYMOUTH
1879 08 28 08 00  50.38   -4.14 1000.7         PLYMOUTH
1879 08 29 08 00  50.38   -4.14 1009.1         PLYMOUTH
1879 08 30 08 00  50.38   -4.14 1015.6         PLYMOUTH
1879 08 01 08 00  41.90   12.50 1014.1             ROME
1879 08 02 08 00  41.90   12.50 1014.1             ROME
1879 08 03 08 00  41.90   12.50 1014.3             ROME
1879 08 04 08 00  41.90   12.50 1012.9             ROME
1879 08 05 08 00  41.90   12.50 1013.3             ROME
1879 08 06 08 00  41.90   12.50 1013.6             ROME
1879 08 07 08 00  41.90   12.50 1012.8             ROME
1879 08 08 08 00  41.90   12.50 1013.5             ROME
1879 08 09 08 00  41.90   12.50 1014.3             ROME
1879 08 10 08 00  41.90   12.50 1012.7             ROME
1879 08 11 08 00  41.90   12.50 1010.8             ROME
1879 08 12 08 00  41.90   12.50 1009.6             ROME
1879 08 13 08 00  41.90   12.50 1009.7             ROME
1879 08 14 08 00  41.90   12.50 1012.5             ROME
1879 08 15 08 00  41.90   12.50 1011.6             ROME
1879 08 16 08 00  41.90   12.50 1008.7             ROME
1879 08 17 08 00  41.90   12.50 1010.1             ROME
1879 08 18 08 00  41.90   12.50 1011.7             ROME
1879 08 19 08 00  41.90   12.50 1012.5             ROME
1879 08 20 08 00  41.90   12.50 1014.0             ROME
1879 08 21 08 00  41.90   12.50 1014.3             ROME
1879 08 22 08 00  41.90   12.50 1012.5             ROME
1879 08 23 08 00  41.90   12.50 1015.5             ROME
1879 08 24 08 00  41.90   12.50 1014.9             ROME
1879 08 25 08 00  41.90   12.50 1013.5             ROME
1879 08 26 08 00  41.90   12.50 1013.6             ROME
1879 08 27 08 00  41.90   12.50 1014.5             ROME
1879 08 28 08 00  41.90   12.50 1016.8             ROME
1879 08 29 08 00  41.90   12.50 1016.1             ROME
1879 08 30 08 00  41.90   12.50 1014.9             ROME
1879 08 31 08 00  41.90   12.50 1013.7             ROME
1879 08 01 08 00  48.39   -4.49  992.6            BREST
1879 08 02 08 00  48.39   -4.49 1017.9            BREST
1879 08 03 08 00  48.39   -4.49 1009.5            BREST
1879 08 04 08 00  48.39   -4.49 1013.5            BREST
1879 08 05 08 00  48.39   -4.49 1021.0            BREST
1879 08 06 08 00  48.39   -4.49 1011.6            BREST
1879 08 07 08 00  48.39   -4.49 1019.6            BREST
1879 08 08 08 00  48.39   -4.49 1015.9            BREST
1879 08 09 08 00  48.39   -4.49 1014.2            BREST
1879 08 10 08 00  48.39   -4.49 1017.6            BREST
1879 08 11 08 00  48.39   -4.49 1017.6            BREST
1879 08 12 08 00  48.39   -4.49 1008.5            BREST
1879 08 13 08 00  48.39   -4.49 1006.8            BREST
1879 08 14 08 00  48.39   -4.49 1014.2            BREST
1879 08 15 08 00  48.39   -4.49 1019.3            BREST
1879 08 16 08 00  48.39   -4.49 1012.9            BREST
1879 08 17 08 00  48.39   -4.49 1011.2            BREST
1879 08 18 08 00  48.39   -4.49 1012.2            BREST
1879 08 19 08 00  48.39   -4.49 1008.1            BREST
1879 08 20 08 00  48.39   -4.49 1009.8            BREST
1879 08 21 08 00  48.39   -4.49 1008.8            BREST
1879 08 22 08 00  48.39   -4.49 1006.1            BREST
1879 08 23 08 00  48.39   -4.49 1012.2            BREST
1879 08 24 08 00  48.39   -4.49 1011.2            BREST
1879 08 25 08 00  48.39   -4.49 1018.3            BREST
1879 08 26 08 00  48.39   -4.49 1016.6            BREST
1879 08 27 08 00  48.39   -4.49 1011.2            BREST
1879 08 28 08 00  48.39   -4.49 1006.8            BREST
1879 08 29 08 00  48.39   -4.49 1008.8            BREST
1879 08 30 08 00  48.39   -4.49 1016.9            BREST
1879 08 31 08 00  48.39   -4.49 1015.6            BREST
1879 08 01 08 00  31.20   29.91 1004.8       ALEXANDRIA
1879 08 02 08 00  31.20   29.91 1004.9       ALEXANDRIA
1879 08 03 08 00  31.20   29.91 1005.6       ALEXANDRIA
1879 08 04 08 00  31.20   29.91 1004.0       ALEXANDRIA
1879 08 05 08 00  31.20   29.91 1004.9       ALEXANDRIA
1879 08 06 08 00  31.20   29.91 1003.6       ALEXANDRIA
1879 08 07 08 00  31.20   29.91 1003.6       ALEXANDRIA
1879 08 08 08 00  31.20   29.91 1006.5       ALEXANDRIA
1879 08 09 08 00  31.20   29.91 1007.9       ALEXANDRIA
1879 08 10 08 00  31.20   29.91 1006.8       ALEXANDRIA
1879 08 11 08 00  31.20   29.91 1005.1       ALEXANDRIA
1879 08 12 08 00  31.20   29.91 1004.7       ALEXANDRIA
1879 08 13 08 00  31.20   29.91 1005.5       ALEXANDRIA
1879 08 14 08 00  31.20   29.91 1006.3       ALEXANDRIA
1879 08 15 08 00  31.20   29.91 1004.8       ALEXANDRIA
1879 08 16 08 00  31.20   29.91 1006.1       ALEXANDRIA
1879 08 17 08 00  31.20   29.91 1008.3       ALEXANDRIA
1879 08 18 08 00  31.20   29.91 1007.9       ALEXANDRIA
1879 08 19 08 00  31.20   29.91 1007.6       ALEXANDRIA
1879 08 20 08 00  31.20   29.91 1006.5       ALEXANDRIA
1879 08 21 08 00  31.20   29.91 1005.2       ALEXANDRIA
1879 08 22 08 00  31.20   29.91 1004.8       ALEXANDRIA
1879 08 23 08 00  31.20   29.91 1007.2       ALEXANDRIA
1879 08 24 08 00  31.20   29.91 1008.0       ALEXANDRIA
1879 08 25 08 00  31.20   29.91 1006.4       ALEXANDRIA
1879 08 26 08 00  31.20   29.91 1005.7       ALEXANDRIA
1879 08 27 08 00  31.20   29.91 1007.2       ALEXANDRIA
1879 08 28 08 00  31.20   29.91 1009.3       ALEXANDRIA
1879 08 29 08 00  31.20   29.91 1008.1       ALEXANDRIA
1879 08 30 08 00  31.20   29.91 1005.6       ALEXANDRIA
1879 08 31 08 00  31.20   29.91 1005.1       ALEXANDRIA
1879 08 01 08 00  34.84    5.75  997.2           BISKRA
1879 08 02 08 00  34.84    5.75  998.3           BISKRA
1879 08 03 08 00  34.84    5.75  998.2           BISKRA
1879 08 04 08 00  34.84    5.75  998.4           BISKRA
1879 08 05 08 00  34.84    5.75  999.0           BISKRA
1879 08 06 08 00  34.84    5.75  998.7           BISKRA
1879 08 07 08 00  34.84    5.75  998.7           BISKRA
1879 08 08 08 00  34.84    5.75  999.0           BISKRA
1879 08 09 08 00  34.84    5.75  999.9           BISKRA
1879 08 10 08 00  34.84    5.75  999.2           BISKRA
1879 08 11 08 00  34.84    5.75  996.3           BISKRA
1879 08 12 08 00  34.84    5.75  991.5           BISKRA
1879 08 13 08 00  34.84    5.75  991.9           BISKRA
1879 08 14 08 00  34.84    5.75  996.0           BISKRA
1879 08 15 08 00  34.84    5.75  996.4           BISKRA
1879 08 16 08 00  34.84    5.75  991.4           BISKRA
1879 08 17 08 00  34.84    5.75  995.4           BISKRA
1879 08 18 08 00  34.84    5.75  996.7           BISKRA
1879 08 19 08 00  34.84    5.75  998.2           BISKRA
1879 08 20 08 00  34.84    5.75  999.0           BISKRA
1879 08 21 08 00  34.84    5.75  996.4           BISKRA
1879 08 22 08 00  34.84    5.75  996.3           BISKRA
1879 08 23 08 00  34.84    5.75  998.2           BISKRA
1879 08 24 08 00  34.84    5.75  999.1           BISKRA
1879 08 25 08 00  34.84    5.75 1000.0           BISKRA
1879 08 26 08 00  34.84    5.75  999.4           BISKRA
1879 08 27 08 00  34.84    5.75  999.0           BISKRA
1879 08 28 08 00  34.84    5.75 1002.4           BISKRA
1879 08 29 08 00  34.84    5.75 1002.2           BISKRA
1879 08 30 08 00  34.84    5.75 1001.0           BISKRA
1879 08 31 08 00  34.84    5.75  999.1           BISKRA
1879 08 01 08 00  45.76    4.84 1013.3            LYONS
1879 08 02 08 00  45.76    4.84 1014.0            LYONS
1879 08 03 08 00  45.76    4.84 1014.0            LYONS
1879 08 04 08 00  45.76    4.84 1016.8            LYONS
1879 08 05 08 00  45.76    4.84 1015.2            LYONS
1879 08 06 08 00  45.76    4.84 1013.6            LYONS
1879 08 07 08 00  45.76    4.84 1017.8            LYONS
1879 08 08 08 00  45.76    4.84 1017.5            LYONS
1879 08 09 08 00  45.76    4.84 1015.2            LYONS
1879 08 10 08 00  45.76    4.84 1015.9            LYONS
1879 08 11 08 00  45.76    4.84 1012.5            LYONS
1879 08 12 08 00  45.76    4.84 1010.1            LYONS
1879 08 13 08 00  45.76    4.84 1008.9            LYONS
1879 08 14 08 00  45.76    4.84 1011.9            LYONS
1879 08 15 08 00  45.76    4.84 1011.5            LYONS
1879 08 16 08 00  45.76    4.84 1008.4            LYONS
1879 08 17 08 00  45.76    4.84 1014.3            LYONS
1879 08 18 08 00  45.76    4.84 1013.1            LYONS
1879 08 19 08 00  45.76    4.84 1014.0            LYONS
1879 08 20 08 00  45.76    4.84 1013.9            LYONS
1879 08 21 08 00  45.76    4.84 1010.0            LYONS
1879 08 22 08 00  45.76    4.84 1013.1            LYONS
1879 08 23 08 00  45.76    4.84 1016.8            LYONS
1879 08 24 08 00  45.76    4.84 1017.2            LYONS
1879 08 25 08 00  45.76    4.84 1017.6            LYONS
1879 08 26 08 00  45.76    4.84 1013.5            LYONS
1879 08 27 08 00  45.76    4.84 1016.5            LYONS
1879 08 28 08 00  45.76    4.84 1015.6            LYONS
1879 08 29 08 00  45.76    4.84 1015.2            LYONS
1879 08 30 08 00  45.76    4.84 1013.7            LYONS
1879 08 31 08 00  45.76    4.84 1016.5            LYONS
1879 08 01 08 00  43.12    5.93 1015.6           TOULON
1879 08 02 08 00  43.12    5.93 1014.9           TOULON
1879 08 03 08 00  43.12    5.93 1013.5           TOULON
1879 08 04 08 00  43.12    5.93 1016.6           TOULON
1879 08 05 08 00  43.12    5.93 1014.6           TOULON
1879 08 06 08 00  43.12    5.93 1012.2           TOULON
1879 08 07 08 00  43.12    5.93 1014.2           TOULON
1879 08 08 08 00  43.12    5.93 1013.5           TOULON
1879 08 09 08 00  43.12    5.93 1015.2           TOULON
1879 08 10 08 00  43.12    5.93 1013.9           TOULON
1879 08 11 08 00  43.12    5.93 1011.5           TOULON
1879 08 12 08 00  43.12    5.93 1012.9           TOULON
1879 08 13 08 00  43.12    5.93 1010.2           TOULON
1879 08 14 08 00  43.12    5.93 1011.9           TOULON
1879 08 15 08 00  43.12    5.93 1014.6           TOULON
1879 08 16 08 00  43.12    5.93 1011.5           TOULON
1879 08 17 08 00  43.12    5.93 1010.8           TOULON
1879 08 18 08 00  43.12    5.93 1011.9           TOULON
1879 08 19 08 00  43.12    5.93 1011.9           TOULON
1879 08 20 08 00  43.12    5.93 1013.2           TOULON
1879 08 21 08 00  43.12    5.93 1016.3           TOULON
1879 08 22 08 00  43.12    5.93 1014.2           TOULON
1879 08 23 08 00  43.12    5.93 1013.2           TOULON
1879 08 24 08 00  43.12    5.93 1016.6           TOULON
1879 08 25 08 00  43.12    5.93 1016.9           TOULON
1879 08 26 08 00  43.12    5.93 1015.6           TOULON
1879 08 27 08 00  43.12    5.93 1014.2           TOULON
1879 08 28 08 00  43.12    5.93 1016.3           TOULON
1879 08 29 08 00  43.12    5.93 1018.6           TOULON
1879 08 30 08 00  43.12    5.93 1017.9           TOULON
1879 08 31 08 00  43.12    5.93 1015.9           TOULON
1879 08 01 08 00  58.20   -6.30 1000.0        STORNOWAY
1879 08 02 08 00  58.20   -6.30 1013.9        STORNOWAY
1879 08 03 08 00  58.20   -6.30 1018.6        STORNOWAY
1879 08 04 08 00  58.20   -6.30 1008.8        STORNOWAY
1879 08 05 08 00  58.20   -6.30 1007.5        STORNOWAY
1879 08 06 08 00  58.20   -6.30 1002.7        STORNOWAY
1879 08 07 08 00  58.20   -6.30 1004.1        STORNOWAY
1879 08 08 08 00  58.20   -6.30 1008.1        STORNOWAY
1879 08 09 08 00  58.20   -6.30 1012.9        STORNOWAY
1879 08 10 08 00  58.20   -6.30 1015.9        STORNOWAY
1879 08 11 08 00  58.20   -6.30 1011.5        STORNOWAY
1879 08 12 08 00  58.20   -6.30 1009.1        STORNOWAY
1879 08 13 08 00  58.20   -6.30 1000.0        STORNOWAY
1879 08 14 08 00  58.20   -6.30 1010.8        STORNOWAY
1879 08 15 08 00  58.20   -6.30 1014.6        STORNOWAY
1879 08 16 08 00  58.20   -6.30 1006.4        STORNOWAY
1879 08 17 08 00  58.20   -6.30  999.7        STORNOWAY
1879 08 18 08 00  58.20   -6.30 1005.1        STORNOWAY
1879 08 19 08 00  58.20   -6.30 1006.1        STORNOWAY
1879 08 20 08 00  58.20   -6.30 1000.7        STORNOWAY
1879 08 21 08 00  58.20   -6.30  998.3        STORNOWAY
1879 08 22 08 00  58.20   -6.30  989.5        STORNOWAY
1879 08 23 08 00  58.20   -6.30  999.7        STORNOWAY
1879 08 24 08 00  58.20   -6.30 1006.8        STORNOWAY
1879 08 25 08 00  58.20   -6.30  992.6        STORNOWAY
1879 08 26 08 00  58.20   -6.30  991.9        STORNOWAY
1879 08 27 08 00  58.20   -6.30  990.5        STORNOWAY
1879 08 28 08 00  58.20   -6.30  981.4        STORNOWAY
1879 08 29 08 00  58.20   -6.30  987.1        STORNOWAY
1879 08 30 08 00  58.20   -6.30 1002.4        STORNOWAY
1879 08 31 08 00  58.20   -6.30 1009.1        STORNOWAY
1879 08 01 08 00  32.67  -16.92 1013.3          FUNCHAL
1879 08 02 08 00  32.67  -16.92 1015.2          FUNCHAL
1879 08 03 08 00  32.67  -16.92 1017.1          FUNCHAL
1879 08 04 08 00  32.67  -16.92 1019.4          FUNCHAL
1879 08 05 08 00  32.67  -16.92 1018.2          FUNCHAL
1879 08 07 08 00  32.67  -16.92 1016.1          FUNCHAL
1879 08 08 08 00  32.67  -16.92 1014.7          FUNCHAL
1879 08 09 08 00  32.67  -16.92 1017.2          FUNCHAL
1879 08 10 08 00  32.67  -16.92 1015.5          FUNCHAL
1879 08 11 08 00  32.67  -16.92 1011.1          FUNCHAL
1879 08 12 08 00  32.67  -16.92 1011.5          FUNCHAL
1879 08 13 08 00  32.67  -16.92 1015.2          FUNCHAL
1879 08 14 08 00  32.67  -16.92 1015.7          FUNCHAL
1879 08 15 08 00  32.67  -16.92 1017.1          FUNCHAL
1879 08 16 08 00  32.67  -16.92 1016.1          FUNCHAL
1879 08 17 08 00  32.67  -16.92 1015.7          FUNCHAL
1879 08 18 08 00  32.67  -16.92 1017.2          FUNCHAL
1879 08 19 08 00  32.67  -16.92 1016.8          FUNCHAL
1879 08 20 08 00  32.67  -16.92 1016.1          FUNCHAL
1879 08 21 08 00  32.67  -16.92 1014.5          FUNCHAL
1879 08 22 08 00  32.67  -16.92 1014.8          FUNCHAL
1879 08 23 08 00  32.67  -16.92 1017.8          FUNCHAL
1879 08 25 08 00  32.67  -16.92 1018.2          FUNCHAL
1879 08 26 08 00  32.67  -16.92 1017.3          FUNCHAL
1879 08 27 08 00  32.67  -16.92 1016.1          FUNCHAL
1879 08 28 08 00  32.67  -16.92 1017.1          FUNCHAL
1879 08 29 08 00  32.67  -16.92 1016.8          FUNCHAL
1879 08 30 08 00  32.67  -16.92 1016.7          FUNCHAL
1879 08 31 08 00  32.67  -16.92 1012.7          FUNCHAL
