1879 07 01 08 00  36.75    3.06 1008.5          ALGIERS
1879 07 02 08 00  36.75    3.06 1005.3          ALGIERS
1879 07 03 08 00  36.75    3.06 1008.9          ALGIERS
1879 07 04 08 00  36.75    3.06 1007.7          ALGIERS
1879 07 05 08 00  36.75    3.06 1008.3          ALGIERS
1879 07 06 08 00  36.75    3.06 1010.5          ALGIERS
1879 07 07 08 00  36.75    3.06 1010.7          ALGIERS
1879 07 08 08 00  36.75    3.06 1008.4          ALGIERS
1879 07 09 08 00  36.75    3.06 1008.0          ALGIERS
1879 07 10 08 00  36.75    3.06 1010.1          ALGIERS
1879 07 11 08 00  36.75    3.06 1011.6          ALGIERS
1879 07 12 08 00  36.75    3.06 1012.3          ALGIERS
1879 07 13 08 00  36.75    3.06 1005.6          ALGIERS
1879 07 14 08 00  36.75    3.06 1005.7          ALGIERS
1879 07 15 08 00  36.75    3.06 1007.7          ALGIERS
1879 07 16 08 00  36.75    3.06 1008.0          ALGIERS
1879 07 17 08 00  36.75    3.06 1005.7          ALGIERS
1879 07 18 08 00  36.75    3.06 1005.5          ALGIERS
1879 07 19 08 00  36.75    3.06 1006.7          ALGIERS
1879 07 20 08 00  36.75    3.06 1009.2          ALGIERS
1879 07 21 08 00  36.75    3.06 1007.2          ALGIERS
1879 07 22 08 00  36.75    3.06 1003.4          ALGIERS
1879 07 23 08 00  36.75    3.06 1007.9          ALGIERS
1879 07 24 08 00  36.75    3.06 1010.8          ALGIERS
1879 07 25 08 00  36.75    3.06 1010.9          ALGIERS
1879 07 26 08 00  36.75    3.06 1009.1          ALGIERS
1879 07 27 08 00  36.75    3.06 1008.9          ALGIERS
1879 07 28 08 00  36.75    3.06 1012.0          ALGIERS
1879 07 29 08 00  36.75    3.06 1010.7          ALGIERS
1879 07 30 08 00  36.75    3.06 1008.9          ALGIERS
1879 07 31 08 00  36.75    3.06 1006.8          ALGIERS
1879 07 01 08 00  31.51   -9.76 1015.9          MOGADOR
1879 07 02 08 00  31.51   -9.76 1015.7          MOGADOR
1879 07 03 08 00  31.51   -9.76 1013.7          MOGADOR
1879 07 04 08 00  31.51   -9.76 1014.4          MOGADOR
1879 07 05 08 00  31.51   -9.76 1016.7          MOGADOR
1879 07 06 08 00  31.51   -9.76 1017.1          MOGADOR
1879 07 07 08 00  31.51   -9.76 1014.0          MOGADOR
1879 07 08 08 00  31.51   -9.76 1011.6          MOGADOR
1879 07 09 08 00  31.51   -9.76 1011.3          MOGADOR
1879 07 10 08 00  31.51   -9.76 1013.1          MOGADOR
1879 07 11 08 00  31.51   -9.76 1011.9          MOGADOR
1879 07 12 08 00  31.51   -9.76 1011.6          MOGADOR
1879 07 13 08 00  31.51   -9.76 1011.6          MOGADOR
1879 07 14 08 00  31.51   -9.76 1013.2          MOGADOR
1879 07 15 08 00  31.51   -9.76 1015.3          MOGADOR
1879 07 16 08 00  31.51   -9.76 1011.7          MOGADOR
1879 07 17 08 00  31.51   -9.76 1010.1          MOGADOR
1879 07 18 08 00  31.51   -9.76 1010.7          MOGADOR
1879 07 19 08 00  31.51   -9.76 1011.6          MOGADOR
1879 07 20 08 00  31.51   -9.76 1010.3          MOGADOR
1879 07 21 08 00  31.51   -9.76 1010.3          MOGADOR
1879 07 22 08 00  31.51   -9.76 1010.0          MOGADOR
1879 07 23 08 00  31.51   -9.76 1011.7          MOGADOR
1879 07 24 08 00  31.51   -9.76 1013.1          MOGADOR
1879 07 25 08 00  31.51   -9.76 1012.5          MOGADOR
1879 07 26 08 00  31.51   -9.76 1014.5          MOGADOR
1879 07 27 08 00  31.51   -9.76 1013.1          MOGADOR
1879 07 28 08 00  31.51   -9.76 1012.9          MOGADOR
1879 07 29 08 00  31.51   -9.76 1012.9          MOGADOR
1879 07 30 08 00  31.51   -9.76 1014.3          MOGADOR
1879 07 31 08 00  31.51   -9.76 1013.1          MOGADOR
1879 07 01 08 00  45.80   24.13 1012.3            SIBIU
1879 07 02 08 00  45.80   24.13 1007.7            SIBIU
1879 07 03 08 00  45.80   24.13 1004.3            SIBIU
1879 07 04 08 00  45.80   24.13 1008.4            SIBIU
1879 07 05 08 00  45.80   24.13 1003.5            SIBIU
1879 07 06 08 00  45.80   24.13  999.6            SIBIU
1879 07 07 08 00  45.80   24.13 1009.7            SIBIU
1879 07 08 08 00  45.80   24.13 1014.3            SIBIU
1879 07 09 08 00  45.80   24.13 1012.8            SIBIU
1879 07 10 08 00  45.80   24.13 1001.0            SIBIU
1879 07 11 08 00  45.80   24.13 1005.9            SIBIU
1879 07 12 08 00  45.80   24.13 1012.1            SIBIU
1879 07 13 08 00  45.80   24.13 1016.3            SIBIU
1879 07 14 08 00  45.80   24.13 1011.7            SIBIU
1879 07 15 08 00  45.80   24.13 1007.3            SIBIU
1879 07 16 08 00  45.80   24.13 1001.8            SIBIU
1879 07 17 08 00  45.80   24.13 1005.5            SIBIU
1879 07 18 08 00  45.80   24.13 1008.3            SIBIU
1879 07 19 08 00  45.80   24.13 1008.1            SIBIU
1879 07 20 08 00  45.80   24.13 1011.1            SIBIU
1879 07 21 08 00  45.80   24.13 1007.3            SIBIU
1879 07 23 08 00  45.80   24.13 1005.9            SIBIU
1879 07 24 08 00  45.80   24.13 1010.1            SIBIU
1879 07 25 08 00  45.80   24.13 1016.1            SIBIU
1879 07 26 08 00  45.80   24.13 1013.5            SIBIU
1879 07 27 08 00  45.80   24.13 1014.5            SIBIU
1879 07 28 08 00  45.80   24.13 1008.0            SIBIU
1879 07 29 08 00  45.80   24.13 1015.7            SIBIU
1879 07 30 08 00  45.80   24.13 1015.2            SIBIU
1879 07 31 08 00  45.80   24.13 1015.3            SIBIU
1879 07 01 08 00  38.72   -9.14 1019.3           LISBON
1879 07 02 08 00  38.72   -9.14 1018.8           LISBON
1879 07 03 08 00  38.72   -9.14 1018.5           LISBON
1879 07 04 08 00  38.72   -9.14 1018.5           LISBON
1879 07 05 08 00  38.72   -9.14 1018.1           LISBON
1879 07 06 08 00  38.72   -9.14 1016.9           LISBON
1879 07 07 08 00  38.72   -9.14 1019.4           LISBON
1879 07 08 08 00  38.72   -9.14 1018.5           LISBON
1879 07 09 08 00  38.72   -9.14 1021.7           LISBON
1879 07 10 08 00  38.72   -9.14 1020.4           LISBON
1879 07 11 08 00  38.72   -9.14 1019.7           LISBON
1879 07 12 08 00  38.72   -9.14 1017.3           LISBON
1879 07 13 08 00  38.72   -9.14 1015.2           LISBON
1879 07 14 08 00  38.72   -9.14 1016.9           LISBON
1879 07 15 08 00  38.72   -9.14 1018.0           LISBON
1879 07 16 08 00  38.72   -9.14 1016.8           LISBON
1879 07 17 08 00  38.72   -9.14 1015.7           LISBON
1879 07 18 08 00  38.72   -9.14 1015.2           LISBON
1879 07 19 08 00  38.72   -9.14 1015.2           LISBON
1879 07 20 08 00  38.72   -9.14 1016.7           LISBON
1879 07 21 08 00  38.72   -9.14 1016.5           LISBON
1879 07 22 08 00  38.72   -9.14 1013.1           LISBON
1879 07 23 08 00  38.72   -9.14 1013.9           LISBON
1879 07 24 08 00  38.72   -9.14 1016.0           LISBON
1879 07 25 08 00  38.72   -9.14 1016.5           LISBON
1879 07 26 08 00  38.72   -9.14 1017.3           LISBON
1879 07 27 08 00  38.72   -9.14 1017.1           LISBON
1879 07 28 08 00  38.72   -9.14 1023.6           LISBON
1879 07 29 08 00  38.72   -9.14 1017.6           LISBON
1879 07 30 08 00  38.72   -9.14 1016.7           LISBON
1879 07 31 08 00  38.72   -9.14 1014.9           LISBON
1879 07 01 08 00  45.94   -0.96 1021.3        ROCHEFORT
1879 07 02 08 00  45.94   -0.96 1007.1        ROCHEFORT
1879 07 03 08 00  45.94   -0.96 1016.3        ROCHEFORT
1879 07 04 08 00  45.94   -0.96 1010.5        ROCHEFORT
1879 07 05 08 00  45.94   -0.96 1019.6        ROCHEFORT
1879 07 06 08 00  45.94   -0.96 1021.7        ROCHEFORT
1879 07 07 08 00  45.94   -0.96 1020.3        ROCHEFORT
1879 07 08 08 00  45.94   -0.96 1016.9        ROCHEFORT
1879 07 09 08 00  45.94   -0.96 1013.5        ROCHEFORT
1879 07 10 08 00  45.94   -0.96 1017.3        ROCHEFORT
1879 07 11 08 00  45.94   -0.96 1020.0        ROCHEFORT
1879 07 12 08 00  45.94   -0.96 1021.7        ROCHEFORT
1879 07 13 08 00  45.94   -0.96 1011.2        ROCHEFORT
1879 07 14 08 00  45.94   -0.96 1009.8        ROCHEFORT
1879 07 15 08 00  45.94   -0.96 1011.5        ROCHEFORT
1879 07 16 08 00  45.94   -0.96 1016.3        ROCHEFORT
1879 07 17 08 00  45.94   -0.96 1012.2        ROCHEFORT
1879 07 18 08 00  45.94   -0.96 1012.5        ROCHEFORT
1879 07 19 08 00  45.94   -0.96 1016.9        ROCHEFORT
1879 07 20 08 00  45.94   -0.96 1018.3        ROCHEFORT
1879 07 21 08 00  45.94   -0.96 1013.2        ROCHEFORT
1879 07 22 08 00  45.94   -0.96 1014.2        ROCHEFORT
1879 07 23 08 00  45.94   -0.96 1015.9        ROCHEFORT
1879 07 24 08 00  45.94   -0.96 1022.4        ROCHEFORT
1879 07 25 08 00  45.94   -0.96 1025.1        ROCHEFORT
1879 07 26 08 00  45.94   -0.96 1018.6        ROCHEFORT
1879 07 27 08 00  45.94   -0.96 1015.9        ROCHEFORT
1879 07 28 08 00  45.94   -0.96 1023.0        ROCHEFORT
1879 07 29 08 00  45.94   -0.96 1019.6        ROCHEFORT
1879 07 30 08 00  45.94   -0.96 1011.5        ROCHEFORT
1879 07 31 08 00  45.94   -0.96 1017.3        ROCHEFORT
1879 07 01 08 00  50.38   -4.14  993.6         PLYMOUTH
1879 07 02 08 00  50.38   -4.14 1004.7         PLYMOUTH
1879 07 03 08 00  50.38   -4.14  996.3         PLYMOUTH
1879 07 04 08 00  50.38   -4.14 1008.1         PLYMOUTH
1879 07 05 08 00  50.38   -4.14 1015.9         PLYMOUTH
1879 07 06 08 00  50.38   -4.14 1015.9         PLYMOUTH
1879 07 07 08 00  50.38   -4.14 1009.8         PLYMOUTH
1879 07 08 08 00  50.38   -4.14 1001.7         PLYMOUTH
1879 07 09 08 00  50.38   -4.14 1004.4         PLYMOUTH
1879 07 10 08 00  50.38   -4.14 1012.5         PLYMOUTH
1879 07 11 08 00  50.38   -4.14 1017.9         PLYMOUTH
1879 07 12 08 00  50.38   -4.14 1009.1         PLYMOUTH
1879 07 13 08 00  50.38   -4.14  997.3         PLYMOUTH
1879 07 14 08 00  50.38   -4.14 1004.7         PLYMOUTH
1879 07 15 08 00  50.38   -4.14 1010.8         PLYMOUTH
1879 07 16 08 00  50.38   -4.14 1011.2         PLYMOUTH
1879 07 17 08 00  50.38   -4.14 1006.8         PLYMOUTH
1879 07 18 08 00  50.38   -4.14 1015.9         PLYMOUTH
1879 07 19 08 00  50.38   -4.14 1015.9         PLYMOUTH
1879 07 20 08 00  50.38   -4.14 1001.0         PLYMOUTH
1879 07 21 08 00  50.38   -4.14 1005.4         PLYMOUTH
1879 07 22 08 00  50.38   -4.14 1008.1         PLYMOUTH
1879 07 23 08 00  50.38   -4.14 1016.9         PLYMOUTH
1879 07 24 08 00  50.38   -4.14 1019.6         PLYMOUTH
1879 07 25 08 00  50.38   -4.14 1022.0         PLYMOUTH
1879 07 26 08 00  50.38   -4.14 1016.3         PLYMOUTH
1879 07 27 08 00  50.38   -4.14 1019.6         PLYMOUTH
1879 07 28 08 00  50.38   -4.14 1022.7         PLYMOUTH
1879 07 29 08 00  50.38   -4.14 1017.6         PLYMOUTH
1879 07 30 08 00  50.38   -4.14 1014.6         PLYMOUTH
1879 07 31 08 00  50.38   -4.14 1011.9         PLYMOUTH
1879 07 01 08 00  41.90   12.50 1014.0             ROME
1879 07 02 08 00  41.90   12.50 1011.2             ROME
1879 07 03 08 00  41.90   12.50 1010.1             ROME
1879 07 04 08 00  41.90   12.50 1011.9             ROME
1879 07 05 08 00  41.90   12.50 1009.9             ROME
1879 07 06 08 00  41.90   12.50 1012.3             ROME
1879 07 07 08 00  41.90   12.50 1013.2             ROME
1879 07 08 08 00  41.90   12.50 1017.8             ROME
1879 07 09 08 00  41.90   12.50 1015.7             ROME
1879 07 10 08 00  41.90   12.50 1007.1             ROME
1879 07 11 08 00  41.90   12.50 1011.5             ROME
1879 07 12 08 00  41.90   12.50 1014.0             ROME
1879 07 13 08 00  41.90   12.50 1015.9             ROME
1879 07 14 08 00  41.90   12.50 1011.9             ROME
1879 07 15 08 00  41.90   12.50 1009.9             ROME
1879 07 16 08 00  41.90   12.50 1010.8             ROME
1879 07 17 08 00  41.90   12.50 1012.4             ROME
1879 07 18 08 00  41.90   12.50 1012.4             ROME
1879 07 19 08 00  41.90   12.50 1012.1             ROME
1879 07 20 08 00  41.90   12.50 1012.7             ROME
1879 07 21 08 00  41.90   12.50 1011.9             ROME
1879 07 22 08 00  41.90   12.50 1006.5             ROME
1879 07 23 08 00  41.90   12.50 1010.8             ROME
1879 07 24 08 00  41.90   12.50 1017.6             ROME
1879 07 25 08 00  41.90   12.50 1017.7             ROME
1879 07 26 08 00  41.90   12.50 1016.3             ROME
1879 07 27 08 00  41.90   12.50 1014.7             ROME
1879 07 28 08 00  41.90   12.50 1015.7             ROME
1879 07 29 08 00  41.90   12.50 1017.3             ROME
1879 07 30 08 00  41.90   12.50 1015.6             ROME
1879 07 31 08 00  41.90   12.50 1014.5             ROME
1879 07 01 08 00  48.39   -4.49 1015.6            BREST
1879 07 02 08 00  48.39   -4.49 1003.4            BREST
1879 07 03 08 00  48.39   -4.49 1010.8            BREST
1879 07 04 08 00  48.39   -4.49 1007.1            BREST
1879 07 05 08 00  48.39   -4.49 1017.3            BREST
1879 07 06 08 00  48.39   -4.49 1020.0            BREST
1879 07 07 08 00  48.39   -4.49 1018.6            BREST
1879 07 08 08 00  48.39   -4.49 1009.8            BREST
1879 07 09 08 00  48.39   -4.49 1007.1            BREST
1879 07 10 08 00  48.39   -4.49 1012.2            BREST
1879 07 11 08 00  48.39   -4.49 1019.3            BREST
1879 07 12 08 00  48.39   -4.49 1016.6            BREST
1879 07 13 08 00  48.39   -4.49 1005.1            BREST
1879 07 14 08 00  48.39   -4.49 1004.4            BREST
1879 07 15 08 00  48.39   -4.49 1008.8            BREST
1879 07 16 08 00  48.39   -4.49 1015.2            BREST
1879 07 17 08 00  48.39   -4.49 1005.4            BREST
1879 07 18 08 00  48.39   -4.49 1012.2            BREST
1879 07 19 08 00  48.39   -4.49 1016.6            BREST
1879 07 20 08 00  48.39   -4.49 1016.6            BREST
1879 07 21 08 00  48.39   -4.49 1010.2            BREST
1879 07 22 08 00  48.39   -4.49 1012.2            BREST
1879 07 23 08 00  48.39   -4.49 1015.9            BREST
1879 07 24 08 00  48.39   -4.49 1024.4            BREST
1879 07 25 08 00  48.39   -4.49 1023.0            BREST
1879 07 26 08 00  48.39   -4.49 1021.7            BREST
1879 07 27 08 00  48.39   -4.49 1013.5            BREST
1879 07 28 08 00  48.39   -4.49 1022.4            BREST
1879 07 29 08 00  48.39   -4.49 1020.7            BREST
1879 07 30 08 00  48.39   -4.49 1016.9            BREST
1879 07 31 08 00  48.39   -4.49 1014.2            BREST
1879 07 01 08 00  31.20   29.91 1008.1       ALEXANDRIA
1879 07 02 08 00  31.20   29.91 1007.6       ALEXANDRIA
1879 07 03 08 00  31.20   29.91 1005.7       ALEXANDRIA
1879 07 04 08 00  31.20   29.91 1004.3       ALEXANDRIA
1879 07 05 08 00  31.20   29.91 1004.3       ALEXANDRIA
1879 07 06 08 00  31.20   29.91 1004.0       ALEXANDRIA
1879 07 07 08 00  31.20   29.91  100.4       ALEXANDRIA
1879 07 08 08 00  31.20   29.91 1008.1       ALEXANDRIA
1879 07 09 08 00  31.20   29.91 1009.3       ALEXANDRIA
1879 07 10 08 00  31.20   29.91 1006.3       ALEXANDRIA
1879 07 11 08 00  31.20   29.91 1004.0       ALEXANDRIA
1879 07 12 08 00  31.20   29.91 1004.4       ALEXANDRIA
1879 07 13 08 00  31.20   29.91 1006.9       ALEXANDRIA
1879 07 14 08 00  31.20   29.91 1008.1       ALEXANDRIA
1879 07 15 08 00  31.20   29.91 1006.4       ALEXANDRIA
1879 07 16 08 00  31.20   29.91 1005.3       ALEXANDRIA
1879 07 17 08 00  31.20   29.91 1004.9       ALEXANDRIA
1879 07 18 08 00  31.20   29.91 1005.3       ALEXANDRIA
1879 07 19 08 00  31.20   29.91 1004.9       ALEXANDRIA
1879 07 20 08 00  31.20   29.91 1006.3       ALEXANDRIA
1879 07 21 08 00  31.20   29.91 1006.3       ALEXANDRIA
1879 07 22 08 00  31.20   29.91 1007.2       ALEXANDRIA
1879 07 23 08 00  31.20   29.91 1006.9       ALEXANDRIA
1879 07 24 08 00  31.20   29.91 1003.6       ALEXANDRIA
1879 07 25 08 00  31.20   29.91 1001.1       ALEXANDRIA
1879 07 26 08 00  31.20   29.91 1003.1       ALEXANDRIA
1879 07 27 08 00  31.20   29.91 1005.3       ALEXANDRIA
1879 07 28 08 00  31.20   29.91 1004.8       ALEXANDRIA
1879 07 29 08 00  31.20   29.91 1004.5       ALEXANDRIA
1879 07 30 08 00  31.20   29.91 1004.8       ALEXANDRIA
1879 07 31 08 00  31.20   29.91 1006.8       ALEXANDRIA
1879 07 01 08 00  34.84    5.75  997.2           BISKRA
1879 07 02 08 00  34.84    5.75  994.7           BISKRA
1879 07 03 08 00  34.84    5.75  996.0           BISKRA
1879 07 04 08 00  34.84    5.75  997.2           BISKRA
1879 07 05 08 00  34.84    5.75  997.6           BISKRA
1879 07 06 08 00  34.84    5.75 1000.2           BISKRA
1879 07 07 08 00  34.84    5.75  999.5           BISKRA
1879 07 08 08 00  34.84    5.75 1003.0           BISKRA
1879 07 09 08 00  34.84    5.75  999.5           BISKRA
1879 07 10 08 00  34.84    5.75  995.9           BISKRA
1879 07 11 08 00  34.84    5.75 1001.0           BISKRA
1879 07 12 08 00  34.84    5.75 1003.1           BISKRA
1879 07 13 08 00  34.84    5.75 1000.6           BISKRA
1879 07 14 08 00  34.84    5.75  997.8           BISKRA
1879 07 15 08 00  34.84    5.75  994.7           BISKRA
1879 07 16 08 00  34.84    5.75  995.2           BISKRA
1879 07 17 08 00  34.84    5.75  994.8           BISKRA
1879 07 18 08 00  34.84    5.75  996.3           BISKRA
1879 07 19 08 00  34.84    5.75  995.5           BISKRA
1879 07 20 08 00  34.84    5.75  995.8           BISKRA
1879 07 21 08 00  34.84    5.75  998.3           BISKRA
1879 07 22 08 00  34.84    5.75  993.6           BISKRA
1879 07 23 08 00  34.84    5.75  995.2           BISKRA
1879 07 24 08 00  34.84    5.75 1004.0           BISKRA
1879 07 25 08 00  34.84    5.75 1001.8           BISKRA
1879 07 26 08 00  34.84    5.75 1000.3           BISKRA
1879 07 27 08 00  34.84    5.75 1001.1           BISKRA
1879 07 28 08 00  34.84    5.75 1001.6           BISKRA
1879 07 29 08 00  34.84    5.75 1000.6           BISKRA
1879 07 30 08 00  34.84    5.75 1000.0           BISKRA
1879 07 31 08 00  34.84    5.75  998.7           BISKRA
1879 07 01 08 00  45.76    4.84 1012.8            LYONS
1879 07 02 08 00  45.76    4.84 1013.3            LYONS
1879 07 03 08 00  45.76    4.84 1013.9            LYONS
1879 07 04 08 00  45.76    4.84 1011.2            LYONS
1879 07 05 08 00  45.76    4.84 1016.7            LYONS
1879 07 06 08 00  45.76    4.84 1019.2            LYONS
1879 07 07 08 00  45.76    4.84 1017.5            LYONS
1879 07 08 08 00  45.76    4.84 1012.1            LYONS
1879 07 09 08 00  45.76    4.84 1012.0            LYONS
1879 07 10 08 00  45.76    4.84 1016.0            LYONS
1879 07 11 08 00  45.76    4.84 1018.2            LYONS
1879 07 12 08 00  45.76    4.84 1017.6            LYONS
1879 07 13 08 00  45.76    4.84 1007.1            LYONS
1879 07 14 08 00  45.76    4.84 1009.7            LYONS
1879 07 15 08 00  45.76    4.84 1012.4            LYONS
1879 07 16 08 00  45.76    4.84 1014.4            LYONS
1879 07 17 08 00  45.76    4.84 1011.1            LYONS
1879 07 18 08 00  45.76    4.84 1012.7            LYONS
1879 07 20 08 00  45.76    4.84 1014.4            LYONS
1879 07 21 08 00  45.76    4.84 1010.9            LYONS
1879 07 22 08 00  45.76    4.84 1009.6            LYONS
1879 07 23 08 00  45.76    4.84 1015.2            LYONS
1879 07 24 08 00  45.76    4.84 1021.4            LYONS
1879 07 25 08 00  45.76    4.84 1020.0            LYONS
1879 07 26 08 00  45.76    4.84 1015.6            LYONS
1879 07 27 08 00  45.76    4.84 1015.7            LYONS
1879 07 28 08 00  45.76    4.84 1021.6            LYONS
1879 07 29 08 00  45.76    4.84 1018.0            LYONS
1879 07 30 08 00  45.76    4.84 1015.1            LYONS
1879 07 31 08 00  45.76    4.84 1013.7            LYONS
1879 07 01 08 00  43.12    5.93 1014.9           TOULON
1879 07 02 08 00  43.12    5.93 1012.2           TOULON
1879 07 03 08 00  43.12    5.93 1010.5           TOULON
1879 07 04 08 00  43.12    5.93 1013.2           TOULON
1879 07 05 08 00  43.12    5.93 1013.2           TOULON
1879 07 06 08 00  43.12    5.93 1015.2           TOULON
1879 07 07 08 00  43.12    5.93 1013.2           TOULON
1879 07 08 08 00  43.12    5.93 1014.9           TOULON
1879 07 09 08 00  43.12    5.93 1017.3           TOULON
1879 07 10 08 00  43.12    5.93 1011.9           TOULON
1879 07 11 08 00  43.12    5.93 1013.2           TOULON
1879 07 12 08 00  43.12    5.93 1014.9           TOULON
1879 07 13 08 00  43.12    5.93 1009.5           TOULON
1879 07 14 08 00  43.12    5.93 1011.2           TOULON
1879 07 15 08 00  43.12    5.93 1013.5           TOULON
1879 07 16 08 00  43.12    5.93 1013.5           TOULON
1879 07 17 08 00  43.12    5.93 1012.9           TOULON
1879 07 18 08 00  43.12    5.93 1012.9           TOULON
1879 07 19 08 00  43.12    5.93 1013.5           TOULON
1879 07 20 08 00  43.12    5.93 1013.9           TOULON
1879 07 21 08 00  43.12    5.93 1013.9           TOULON
1879 07 22 08 00  43.12    5.93 1008.8           TOULON
1879 07 23 08 00  43.12    5.93 1009.8           TOULON
1879 07 24 08 00  43.12    5.93 1015.2           TOULON
1879 07 25 08 00  43.12    5.93 1020.0           TOULON
1879 07 26 08 00  43.12    5.93 1016.6           TOULON
1879 07 27 08 00  43.12    5.93 1017.3           TOULON
1879 07 28 08 00  43.12    5.93 1015.6           TOULON
1879 07 29 08 00  43.12    5.93 1019.3           TOULON
1879 07 30 08 00  43.12    5.93 1019.6           TOULON
1879 07 31 08 00  43.12    5.93 1016.3           TOULON
1879 07 01 08 00  58.20   -6.30  995.9        STORNOWAY
1879 07 02 08 00  58.20   -6.30  978.0        STORNOWAY
1879 07 03 08 00  58.20   -6.30  977.7        STORNOWAY
1879 07 04 08 00  58.20   -6.30  990.5        STORNOWAY
1879 07 05 08 00  58.20   -6.30 1000.7        STORNOWAY
1879 07 06 08 00  58.20   -6.30 1008.5        STORNOWAY
1879 07 07 08 00  58.20   -6.30  993.6        STORNOWAY
1879 07 08 08 00  58.20   -6.30  981.4        STORNOWAY
1879 07 09 08 00  58.20   -6.30  994.9        STORNOWAY
1879 07 10 08 00  58.20   -6.30 1008.5        STORNOWAY
1879 07 11 08 00  58.20   -6.30 1011.9        STORNOWAY
1879 07 12 08 00  58.20   -6.30 1008.1        STORNOWAY
1879 07 13 08 00  58.20   -6.30 1006.4        STORNOWAY
1879 07 14 08 00  58.20   -6.30 1010.2        STORNOWAY
1879 07 15 08 00  58.20   -6.30 1012.5        STORNOWAY
1879 07 16 08 00  58.20   -6.30 1011.2        STORNOWAY
1879 07 17 08 00  58.20   -6.30 1011.5        STORNOWAY
1879 07 18 08 00  58.20   -6.30 1015.9        STORNOWAY
1879 07 19 08 00  58.20   -6.30 1008.1        STORNOWAY
1879 07 20 08 00  58.20   -6.30  998.3        STORNOWAY
1879 07 21 08 00  58.20   -6.30 1004.7        STORNOWAY
1879 07 22 08 00  58.20   -6.30 1012.5        STORNOWAY
1879 07 23 08 00  58.20   -6.30 1014.9        STORNOWAY
1879 07 24 08 00  58.20   -6.30 1010.2        STORNOWAY
1879 07 25 08 00  58.20   -6.30 1007.1        STORNOWAY
1879 07 26 08 00  58.20   -6.30 1007.5        STORNOWAY
1879 07 27 08 00  58.20   -6.30 1011.5        STORNOWAY
1879 07 28 08 00  58.20   -6.30 1004.4        STORNOWAY
1879 07 29 08 00  58.20   -6.30 1008.1        STORNOWAY
1879 07 30 08 00  58.20   -6.30 1007.5        STORNOWAY
1879 07 31 08 00  58.20   -6.30 1011.2        STORNOWAY
1879 07 02 08 00  32.67  -16.92 1019.7          FUNCHAL
1879 07 03 08 00  32.67  -16.92 1018.4          FUNCHAL
1879 07 04 08 00  32.67  -16.92 1019.4          FUNCHAL
1879 07 06 08 00  32.67  -16.92 1021.6          FUNCHAL
1879 07 07 08 00  32.67  -16.92 1019.6          FUNCHAL
1879 07 08 08 00  32.67  -16.92 1017.2          FUNCHAL
1879 07 09 08 00  32.67  -16.92 1016.3          FUNCHAL
1879 07 10 08 00  32.67  -16.92 1015.6          FUNCHAL
1879 07 11 08 00  32.67  -16.92 1018.4          FUNCHAL
1879 07 12 08 00  32.67  -16.92 1014.7          FUNCHAL
1879 07 13 08 00  32.67  -16.92 1016.0          FUNCHAL
1879 07 14 08 00  32.67  -16.92 1017.7          FUNCHAL
1879 07 15 08 00  32.67  -16.92 1018.0          FUNCHAL
1879 07 16 08 00  32.67  -16.92 1017.2          FUNCHAL
1879 07 17 08 00  32.67  -16.92 1017.2          FUNCHAL
1879 07 18 08 00  32.67  -16.92 1016.0          FUNCHAL
1879 07 19 08 00  32.67  -16.92 1015.6          FUNCHAL
1879 07 20 08 00  32.67  -16.92 1018.2          FUNCHAL
1879 07 21 08 00  32.67  -16.92 1017.3          FUNCHAL
1879 07 22 08 00  32.67  -16.92 1014.8          FUNCHAL
1879 07 23 08 00  32.67  -16.92 1016.1          FUNCHAL
1879 07 24 08 00  32.67  -16.92 1016.9          FUNCHAL
1879 07 25 08 00  32.67  -16.92 1017.2          FUNCHAL
1879 07 27 08 00  32.67  -16.92 1018.1          FUNCHAL
1879 07 28 08 00  32.67  -16.92 1014.8          FUNCHAL
1879 07 29 08 00  32.67  -16.92 1018.0          FUNCHAL
1879 07 30 08 00  32.67  -16.92 1016.5          FUNCHAL
1879 07 31 08 00  32.67  -16.92 1015.6          FUNCHAL
