01 29751 29739 29736 29729 29736 29746 29761 29766 29793 29813 29826 29847 29870 29889 29908 29937 29967 30001 30020 30053 30066 30086 30111 30133
02 30150 30178 30191 30218 30241 30253 30276 30297 30316 30330 30331 30346 30349 30360 30362 30377 30399 30411 30430 30440 30433 30446 30442 30438
03 30442 30427 30416 30422 30405 30406 30410 30417 30402 30397 30383 30366 30353 30344 30333 30329 30329 30335 30341 30334 30336 30338 30332 30328
04 30330 30328 30321 30313 30304 30303 30311 30315 30311 30301 30314 30307 30302 30296 30294 30289 30292 30302 30302 30299 30295 30289 30287 30296
05 30295 30297 30294 30298 30304 30321 30346 30374 30402 30423 30444 30463 30479 30499 30517 30544 30568 30588 30616 30641 30651 30676 30684 30694
06 30709 30719 30726 30714 30719 30709 30724 30719 30694 30694 30682 30668 30656 30628 30598 30575 30558 30551 30542 30538 30533 30528 30517 30505
07 30486 30471 30461 30447 30428 30420 30408 30391 30370 30358 30334 30301 30273 30247 30222 30194 30158 30134 30092 30077 30037 30006 29968 29923
08 29892 29843 29795 29746 29708 29672 29649 29618 29608 29594 29577 29535 29495 29477 29482 29452 29459 29452 29457 29452 29435 29421 29397 29380
09 29378 29367 29365 29377 29417 29449 29473 29497 29521 29559 29551 29577 29581 29591 29602 29591 29588 29599 29610 29591 29585 29575 29590 29593
10 29586 29598 29605 29618 29631 29650 29658 29662 29671 29673 29685 29690 29696 29698 29711 29715 29713 29718 29716 29713 29717 29726 29750 29765
11 29783 29802 29815 29831 29838 29851 29865 29888 29911 29942 29954 29976 29983 29985 29996 30001 30011 30015 30029 30026 30019 30000 29973 29952
12 29926 29886 29849 29815 29800 29801 29816 29833 29846 29865 29890 29909 29929 29949 29963 29976 29989 30006 30022 30036 30040 30040 30041 30040
13 30042 30039 30036 30049 30055 30072 30073 30088 30099 30099 30109 30119 30128 30137 30173 30198 30203 30219 30225 30232 30234 30228 30214 30196
14 30074 30154 30124 30103 30085 30073 30061 30046 30028 30007 29988 29986 29968 29947 29943 29944 29948 29965 29977 29990 29990 30002 30010 30015
15 30009 29999 29990 29990 29990 29986 29986 29980 29973 29972 29969 29960 29953 29939 29930 29928 29923 29924 29922 29924 29919 29913 29900 29907
16 29897 29893 29879 29863 29867 29867 29863 29850 29828 29812 29793 29770 29753 29710 29581 29641 29634 29624 29524 29601 29607 29593 29580 29568
17 29569 29558 29541 29547 29537 29547 29547 29548 29559 29582 29613 29618 29652 29665 29664 29663 29653 29630 29619 29615 29578 29558 29558 29545
18 29537 29523 29498 29492 29482 29485 29494 29525 29554 29593 29638 29674 29723 29752 29770 29794 29814 29842 29861 29883 29888 29895 29898 29889
19 29888 29860 29832 29803 29758 29698 29641 29572 29503 29394 29251 29127 28985 28951 29012 29074 29135 29218 29261 29297 29321 29327 29363 29386
20 29420 29436 29463 29492 29518 29537 29561 29596 29635 29673 29723 29767 29792 29792 29808 29817 29824 29862 29874 29888 29892 29885 29877 29874
21 29856 29839 29816 29789 29766 29738 29716 29699 29679 29667 29637 29630 29609 29580 29567 29547 29525 29524 29507 29492 29457 29435 29432 29427
22 29432 29420 29416 29420 29430 29470 29500 29527 29560 29591 29630 29643 29672 29692 29717 29752 29767 29797 29827 29849 29851 29860 29867 29871
23 29874 29874 29875 29890 29905 29916 29934 29950 29955 29963 29957 29961 29960 29957 29950 29956 29959 29955 29965 29956 29950 29934 29924 29915
24 29892 29862 29852 29845 29844 29854 29882 29904 29926 29965 30012 30075 30119 30143 30177 30225 30246 30279 30302 30325 30347 30359 30362 30369
25 30375 30373 30362 30362 30373 30381 30374 30378 30374 30369 30350 30337 30334 30321 30306 30271 30260 30263 30257 30259 30240 30232 30212 30186
26 30171 30154 30130 30127 30115 30093 30090 30087 30059 30049 30036 30023 30043 29993 29982 29972 29959 29943 29931 29921 29901 29879 29861 29836
27 29798 29770 29747 29718 29682 29668 29646 29632 29631 29607 29578 29546 29543 29517 29496 29466 29453 29381 29331 29296 29265 29242 29220 29253
28 29317 29387 29440 29505 29543 29568 29590 29589 29579 29565 29530 29518 29459 29457 29420 29362 29336 29340 29329 29330 29313 29313 29317 29316
29 29317 29315 29314 29303 29299 29300 29300 29300 29286 29274 29253 29225 29202 29177 29148 29123 29108 29110 29110 29113 29115 29116 29114 29110
30 29102 29088 29065 29058 29058 29062 29069 29086 29084 29105 29134 29167 29103 29247 29297 29332 29367 29396 29442 29474 29484 29492 29492 29484
31 29460 29426 29389 29361 29323 29294 29273 29258 29254 29257 29260 29257 29246 29237 29242 29260 29269 29304 29316 29346 29356 29370 29391 29396
