01 30266 30263 30260 30259 30261 30269 30275 30276 30274 30268 30266 30257 30244 30233 30224 30218 30218 30210 30204 30196 30181 30177 30168 30158
02 30151 30144 30135 30115 30097 30088 30083 30079 30076 30073 30062 30050 30025 30012 30001 30002 30005 30014 30023 30034 30061 30096 30119 30137
03 30155 30185 30207 30228 30247 30272 30289 30326 30352 30380 30396 30403 30399 30396 30409 30413 30421 30438 30434 30449 30447 30440 30438 30429
04 30429 30429 30418 30405 30396 30393 30403 30409 30416 30425 30425 30416 30404 30387 30377 30366 30368 30382 30389 30382 30385 30373 30375 30365
05 30352 30345 30340 30325 30318 30311 30296 30290 30289 30290 30289 30277 30269 30268 30266 30265 30276 30281 30285 30290 30295 30296 30296 30300
06 30297 30289 30288 30289 30284 30279 30281 30282 30281 30282 30269 30249 30231 30217 30205 30197 30185 30181 30170 30168 30169 30163 30153 30142
07 30127 30111 30092 30078 30066 30051 30042 30026 30009 29994 29969 29934 29895 29852 29811 29779 29774 29768 29761 29767 29753 29763 29847 29904
08 29936 29961 29996 30031 30048 30061 30080 30104 30125 30146 30167 30177 30179 30186 30183 30197 30198 30204 30204 30204 30207 30201 30191 30191
09 30180 30163 30150 30143 30142 30142 30142 30144 30156 30149 30156 30166 30174 30167 30183 30189 30213 30227 30253 30277 30294 30319 30336 30360
10 30374 30381 30387 30396 30405 30425 30434 30442 30442 30459 30466 30465 30466 30468 30459 30445 30439 30443 30426 30409 30389 30373 30368 30349
11 30325 30306 30282 30259 30256 30246 30236 30225 30219 30214 30201 30192 30167 30150 30140 30121 30107 30109 30102 30090 30079 30069 30066 30065
12 30052 30046 30024 30007 29997 29980 29977 29960 29947 29937 29917 29891 29855 29826 29806 29791 29781 29773 29776 29758 29757 29751 29747 29730
13 29718 29698 29677 29663 29645 29621 29595 29576 29559 29543 29523 29494 29451 29413 29364 29339 29320 29313 29313 29321 29340 29348 29341 29340
14 29321 29323 29308 29276 29248 29227                   29186 29194 29181 29168 29164 29155 29145 29124 29131 29144 29136 29128 29134 29138 29141
15 29139 29126 29117 29108 29102 29105 29111 29119 29125 29131 29138 29126 29119 29112 29102 29102 29096 29112 29102 29114 29118 29117 29116 29117
16 29115 29117 29118 29129 29141 29145 29154 29177 29188 29205 29220 29221 29207 29197 29190 29177 29169 29161 29161 29146 29140 29123 29110 29084
17 29060 29034 29024 29000 28983 28972 28969 28972 28975 28987 28998 29007 29015 29029 29029 29047 29067 29089 29104 29118 29136 29153 29175 29189
18 29204 29227 29244 29264 29279 29303 29330 29360 29381 29411 29441 29456 29471 29485 29502 29526 29546 29575 29598 29618 29629 29646 29654 29676
19 29686 29694 29700 29723 29742 29765 29788 29804 29826 29845 29860 29874 29886 29906 29917 29934 29944 29967 29980 29985 29986 29995 29997 29994
20 29986 29979 29962 29942 29931 29927 29902 29885 29870 29860 29852 29841 29829 29822 29802 29786 29768 29784 29776 29775 29756 29740 29733 29729
21 29723 29712 29697 29686 29668 29665 29654 29650 29638 29628 29616 29599 29564 29569 29574 29576 29597 29622 29652 29669 29671 29680 29689 29696
22 29700 29702 29700 29699 29699 29700 29702 29709 29711 29710 29712 29704 29686 29681 29672 29669 29666 29672 29669 29672 29672 29672 29672 29672
23 29670 29680 29678 29688 29692 29699 29712 29721 29734 29745 29764 29765 29769 29768 29766 29775 29787 29800 29812 29822 29834 29837 29836 29831
24 29834 29832 29830 29831 29840 29858 29872 29887 29892 29892 29894 29890 29888 29878 29883 29886 29884 29889 29884 29885 29880 29870 29856 29844
25 29838 29834 29820 29808 29781 29773 29763 29744 29726 29717 29695 29677 29645 29630 29597 29580 29540 29541 29531 29513 29494 29467 29454 29406
26 29376 29371 29328 29311 29258 29211 29170 29166 29106 29089 29053 28988 28953 28923 28898 28900 28884 28888 28883 28875 28863 28828 28775 28795
27 28790 28815 28819 28822 28830 28843 28835 28837 28824 28819 28823 28858 28880 28922 28941 28989 29017 29059 29083 29141 29191 29268 29328 29393
28 29443 29498 29535 29582 29622 29678 29713 29743 29771 29783 29798 29812 29816 29808 29810 29813 29813 29811 29810 29809 29798 29780 29772 29756
