01 29545 29554 29553 29566 29579 29600 29601 29611 29627 29627 29634 29631 29625 29632 29625 29622 29610 29617 29616 29614 29620 29624 29621 29618
02 29612 29594 29591 29583 29582 29583 29576 29581 29580 29572 29571 29551 29547 29545 29543 29540 29544 29549 29549 29563 29590 29605 29602 29591
03 29605 29625 29629 29647 29652 29679 29673 29704 29717 29740 29752 29776 29798 29811 29826 29846 29858 29880 29892 29918 29942 29963 29970 29981
04 29988 30000 30000 30008 30006 30026 30019 30021 30023 30031 30042 30035 30023 30017 30006 30006 29999 29997 29997 29995 29998 29991 29993 29989
05 29986 29977 29963 29955 29945 29947 29939 29932 29926 29923 29916 29907 29897 29878 29861 29850 29837 29834 29826 29824 29830 29821 29811 29797
06 29783 29764 29754 29753 29755 29755 29749 29760 29764 29767 29777 29780 29783 29776 29774 29773 29763 29767 29769 29787 29792 29798 29806 29810
07 29806 29804 29803 29806 29811 29815 29830 29828 29830 29830 29829 29832 29826 29825 29824 29828 29825 29830 29830 29849 29859 29863 29868 29865
08 29870 29870 29862 29863 29864 29864 29867 29870 29869 29862 29867 29854 29847 29841 29835 29828 29830 29821 29829 29826 29832 29840 29842 29835
09 29825 29810 29788 29792 29798 29807 29806 29795 29785 29780 29781 29761 29747 29736 29728 29712 29697 29686 29670 29663 29661 29669 29655 29649
10 29642 29638 29636 29657 29675 29695 29716 29733 29741 29758 29776 29788 29793 29810 29823 29832 29820 29833 29844 29850 29873 29879 29877 29869
11 29859 29844 29825 29813 29791 29762 29729 29719 29692 29660 29650 29634 29629 29649 29666 29671 29692 29709 29744 29813 29844 29860 29895 29916
12 29936 29950 29965 29986 29995 30006 30013 30028 30035 30042 30042 30032 30032 30025 30013 30004 30002 30013 30022 30022 30024 30029 30033 30048
13 30045 30036 30039 30047 30060 30073 30082 30086 30082 30076 30075 30073 30064 30056 30050 30044 30030 30027 30029 30043 30055 30060 30059 30067
14 30059 30057 30058 30065 30065 30082 30090 30102 30103 30100 30094 30106 30114 30118 30117 30124 30131 30146 30160 30183 30197 30199 30213 30225
15 30230 30227 30221 30222 30227 30239 30246 30241 30238 30240 30234 30226 30219 30209 30190 30170 30159 30166 30169 30178 30182 30164 30148 30133
16 30120 30101 30092 30075 30082 30071 30071 30061 30053 30045 30031 30016 29991 29979 29968 29963 29940 29940 29937 29938 29933 29921 29921 29914
17 29892 29885 29863 29855 29845 29859 29865 29865 29869 29875 29861 29881 29858 29874 29853 29867 29873 29889 29898 29906 29920 29935 29938 29933
18 29939 29946 29948 29948 29953 29954 29958 29974 29969 29959 29968 29962 29944 29936 29930 29917 29923 29929 29933 29940 29950 29966 29970 29970
19 29961 29952 29933 29929 29922 29921 29917 29900 29890 29872 29869 29861 29849 29841 29837 29814 29805 29797 29783 29790 29808 29833 29841 29848
20 29845 29845 29837 29845 29853 29853 29853 29850 29844 29842 29834 29814 29809 29801 29783 29770 29758 29755 29746 29750 29752 29749 29739 29729
21 29719 29711 29690 29675 29669 29663 29656 29656 29640 29635 29608 29595 29590 29568 29550 29540 29538 29536 29541 29532 29537 29534 29528 29530
22 29523 29518 29509 29528 29523 29526 29537 29546 29545 29556 29557 29556 29550 29548 29553 29555 29555 29563 29562 29567 29576 29578 29561 29557
23 29545 29535 29533 29519 29509 29512 29508 29493 29490 29486 29476 29457 29452 29454 29450 29445 29435 29426 29418 29415 29416 29413 29402 29389
24 29381 29374 29362 29360 29353 29352 29349 29352 29348 29355 29367 29360 29349 29334 29333 29344 29343 29337 29337 29332 29348 29349 29351 29355
25 29341 29341 29330 29343 29340 29345 29348 29355 29344 29352 29353 29348 29332 29341 29331 29329 29328 29328 29327 29336 29335 29336 29337 29325
26 29315 29301 29295 29297 29294 29296 29298 29299 29287 29287 29293 29290 29283 29279 29269 29261 29267 29259 29267 29287 29290 29296 29306 29293
27 29283 29276 29268 29282 29271 29277 29277 29272 29262 29263 29251 29255 29255 29255 29245 29254 29249 29262 29264 29283 29291 29304 29301 29309
28 29307 29303 29299 29316 29324 29332 29348 29362 29366 29362 29392 29397 29396 29398 29402 29406 29411 29433 29442 29460 29473 29485 29497 29500
29 29495 29497 29501 29497 29503 29507 29508 29512 29508 29507 29495 29489 29486 29479 29468 29465 29462 29470 29464 29484 29482 29494 29492 29490
30 29487 29489 29509 29522 29525 29533 29535 29543 29562 29551 29539 29529 29514 29480 29469 29457 29442 29425 29419 29401 29408 29413 29412 29424
