01 29534 29550 29556 29564 29582 29602 29626 29546 29664 29680 29698 29710 29727 29744 29760 29784 29800 29830 29860 29886 29904 29922 29938 29958
02 29982 29998 30010 30022 30047 30076 30102 30124 30141 30156 30167 30177 30177 30179 30187 30195 30208 30223 30238 30245 30261 30261 30269 30268
03 30267 30263 30263 30267 30271 30281 30285 30295 30305 30305 30305 30303 30299 30290 30287 30289 30295 30303 30309 30309 30313 30315 30313 30311
04 30307 30307 30299 30300 30297 30300 30305 30312 30321 30323 30339 30344 30343 30333 30329 30331 30337 30347 30349 30355 30365 30365 30363 30367
05 30367 30363 30365 30361 30362 30362 30365 30373 30375 30373 30373 30373 30367 30353 30344 30339 30333 30335 30335 30343 30345 30347 30351 30365
06 30365 30379 30379 30389 30417 30435 30445 30462 30474 30497 30501 30513 30509 30507 30505 30505 30505 30511 30515 30521 30519 30515 30511 30503
07 30495 30483 30471 30463 30453 30449 30433 30429 30428 30421 30406 30380 30344 30319 30289 30262 30246 30234 30220 30206 30188 30168 30136 30110
08 30084 30064 30034 30012 29994 29978 29960 29952 29938 29924 29922 29888 29857 29830 29802 29774 29760 29746 29732 29707 29682 29658 29636 29602
09 29576 29546 29502 29472 29450 29435 29452 29470 29468 29482 29490 29489 29483 29478 29487 29483 29483 29485 29497 29501 29528 29548 29551 29559
10 29579 29583 29583 29586 29601 29615 29639 29659 29673 29683 29710 29714 29708 29714 29712 29724 29725 29735 29760 29770 29784 29796 29816 29824
11 29826 29822 29824 29830 29844 29848 29864 29908 29922 29943 29962 29980 29980 29978 29996 30012 30024 30056 30086 30088 30113 30120 30124 30132
12 30134 30144 30140 30138 30134 30143 30146 30150 30162 30162 30154 30140 30142 30135 30138 30138 30142 30148 30154 30152 30156 30164 30164 30172
13 30176 30176 30177 30188 30200 30212 30226 30238 30250 30258 30271 30281 30281 30283 30283 30289 30299 30323 30339 30355 30365 30371 30381 30381
14 30382 30381 30375 30374 30377 30389 30401 30416 30427 30429 30435 30433 30422 30406 30395 30388 30386 30384 30384 30386 30378 30368 30357 30346
15 30342 30338 30316 30303 30306 30304 30312 30322 30324 30316 30316 30316 30307 30292 30280 30268 30270 30270 30268 30260 30266 30258 30250 30248
16 30242 30226 30214 30202 30200 30200 30202 30206 30208 30210 30210 30208 30202 30191 30180 30168 30162 30166 30161 30156 30146 30150 30152 30148
17 30138 30129 30110 30100 30100 30106 30118 30122 30126 30134 30143 30133 30123 30109 30097 30107 30101 30099 30107 30105 30099 30065 30065 30035
18 30021 29997 29977 29943 29945 29945 29945 29951 29957 29949 29972 29972 29972 29974 29970 29976 29986 30004 30022 30030 30030 30034 30026 30030
19 30022 30012 29990 29986 29962 29960 29952 29948 29906 29899 29885 29867 29843 29827 29817 29782 29771 29787 29801 29814 29831 29851 29865 29869
20 29893 29897 29899 29913 29925 29933 29951 29964 29983 29993 30008 30014 30012 30010 30006 30000 30002 30004 30004 30004 30010 29992 30004 30000
21 30000 29990 29974 29950 29950 29956 29950 29956 29952 29950 29955 29951 29935 29921 29915 29901 29897 29890 29879 29915 29909 29905 29911 29915
22 29909 29911 29913 29911 29919 29933 29945 29965 29963 29993 30013 30017 30019 30025 30039 30039 30049 30063 30083 30077 30077 30077 30091 30095
23 30091 30096 30087 30089 30093 30097 30106 30108 30118 30118 30117 30114 30107 30100 30095 30088 30094 30104 30110 30116 30114 30113 30112 30110
24 30104 30100 30093 30092 30097 30106 30120 30134 30145 30150 30156 30144 30134 30117 30110 30116 30118 30120 30124 30132 30138 30156 30155 30146
25 30140 30134 30126 30126 30124 30130 30136 30142 30148 30152 30140 30134 30127 30114 30110 30105 30090 30090 30086 30086 30086 30084 30068 30064
26 30046 30038 30030 30024 30020 30030 30040 30054 30054 30058 30045 30041 30052 30041 30017 30009 29995 29965 29949 29953 29963 29954 29932 29911
27 29897 29881 29857 29827 29803 29787 29782 29787 29777 29777 29764 29742 29726 29730 29734 29746 29770 29800 29812 29842 29800 29881 29906 29913
28 29922 29924 29926 29926 29934 29948 29951 29960 29956 29958 29945 29931 29917 29879 29856 29841 29833 29837 29833 29827 29815 29797 29791 29791
29 29785 29777 29771 29763 29753 29757 29765 29765 29757 29753 29753 29733 29727 29707 29703 29699 29677 29667 29671 29686 29699 29709 29716 29731
30 29739 29745 29753 29766 29791 29805 29819 29848 29855 29871 29889 29893 29889 29879 29879 29887 29878 29869 29860 29853 29843 29827 29813 29795
31 29769 29757 29737 29717 29697 29687 29687 29693 29702 29723 29752 29772 29794 29808 29808 29836 29859 29890 29908 29928 29944 29956 29958 29970
