01 29408 29415 29421 29426 29444 29465 29486 29487 29495 29498 29497 29509 29513 29517 29517 29511 29512 29507 29508 29498 29493 29482 29464 29437
02 29407 29374 29349 29327 29305 29287 29276 29266 29264 29261 29252 29261 29257 29263 29259 29264 29265 29266 29266 29281 29281 29287 29300 29300
03 29310 29346 29354 29374 29387 29409 29427 29439 29456 29489 29506 29520 29533 29546 29559 29569 29568 29579 29584 29596 29600 29592 29576 29564
04 29555 29531 29505 29491 29483 29462 29429 29398 29355 29308 29269 29235 29218 29212 29235 29272 29302 29344 29376 29408 29430 29442 29446 29449
05 29436 29436 29427 29419 29404 29390 29374 29358 29323 29301 29257 29211 29163 29118 29091 29068 29067 29076 29079 29104 29120 29164 29180 29210
06 29220 29220 29248 29283 29298 29320 29344 29368 29394 29429 29438 29447 29476 29489 29488 29515 29519 29504 29502 29501 29495 29487 29470 29444
07 29406 29378 29338 29301 29273 29257 29240 29227 29221 29215 29213 29211 29205 29203 29204 29191 29184 29164 29157 29150 29161 29166 29165 29160
08 29157 29150 29149 29147 29144 29150 29155 29155 29157 29165 29170 29189 29191 29189 29184 29194 29200 29209             29251                  
09                                                 29353 29357 29358 29352 29325 29323 29309 29287 29264 29251 29228 29212 29192 29159 29135 29108
10 29079 29061 29049 29047 29048 29045 29040 29042 29042 29045 29043 29046 29043 29046 29039 29040 29039 29038 29043 29060 29067 29075 29082 29083
11 29075 29064 29055 29051 29050 29037 29030 29040 29071 29109 29136 29150 29161 29175 29180 29187 29187 29185 29190 29199 29195 29202 29203 29236
12 29199 29193 29190 29190 29197 29196 29195 29194 29185 29203 29222 29233 29240 29245 29238 29233 29225 29230 29219 29223 29215 29205 29195 29195
13 29174 29161 29141 29125 29118 29111 29092 29080 29065 29028 29003 28975 28938 28907 28899 28881 28862 28871 28874 28902 28895 28897 28890 28871
14 28855 28830 28809 28808 28816 28837 28862 28890 28911 28940 28964 28994 29024 29056 29076 29093 29108 29160 29192 29233 29269 29282 29310 29340
15 29344 29374 29381 29411 29422 29445 29476 29487 29504 29499 29506 29504 29503 29504 29495 29486 29479 29484 29491 29505 29506 29516 29508 29516
16 29513 29519 29515 29516 29512 29528 29536 29550 29560 29554 29558 29560 29564 29571 29560 29563 29562 29577 29590 29602 29619 29627 29624 29635
17 29644 29656 29652 29662 29669 29690 29701 29725 29730 29736 29741 29751 29761 29778 29779 29779 29782 29789 29790 29804 29810 29810 29805 29799
18 29803 29798 29784 29774 29754 29746 29746 29759 29761 29783 29781 29793 29816 29848 29857 29871 29857 29881 29907 29928 29928 29937 29942 29939
19 29949 29948 29946 29950 29954 29967 29973 29991 29995 29987 29990 29979 29979 29965 29956 29957 29958 29965 29968 29983 29990 30008 30000 30002
20 30001 30004 30004 29998 30014 30015 30018 30034 30022 30016 30011 30016 30009 30008 30005 29997 29996 30019 30045 30070 30082 30097 30100 30100
21 30102 30101 30100 30104 30108 30127 30137 30145 30143 30143 30149 30148 30138 30131 30118 30116 30113 30113 30113 30122 30125 30124 30129 30126
22 30120 30117 30108 30100 30099 30103 30108 30102 30095 30081 30073 30066 30046 30032 30017 30004 29997 29989 29979 29999 29994 29999 29991 29976
23 29973 29969 29963 29966 29969 29974 29973 29993 29996 29996 30005 30000 29997 29984 29969 29962 29955 29956 29966 29975 29985 29991 29990 29975
24 29966 29961 29944 29933 29920 29920 29918 29921 29910 29894 29875 29859 29844 29835 29810 29798 29780 29774 29751 29760 29745 29748 29739 29732
25 29708 29690 29682 29676 29677 29684 29677 29682 29697 29712 29710 29705 29707 29698 29682 29695 29687 29695 29701 29716 29715 29722 29707 29709
26 29694 29693 29677 29672 29659 29661 29657 29651 29658 29650 29634 29633 29634 29597 29581 29568 29560 29562 29548 29546 29535 29518 29511 29489
27 29465 29455 29429 29411 29400 29381 29372 29365 29351 29331 29340 29330 29316 29290 29266 29243 29228 29233 29258 29279 29297 29317 29323 29341
28 29351 29354 29363 29376 29383 29400 29403 29420 29423 29433 29430 29440 29431 29430 29418 29416 29405 29411 29403 29405 29395 29390 29369 29355
29 29341 29325 29299 29275 29263 29252 29241 29231 29226 29220 29268 29257 29250 29252 29258 29262 29275 29286 29306 29318 29323 29330 29340 29350
30 29352 29365 29358 29369 29368 29368 29366 29369 29383 29388 29392 29378 29362 29359 29332 29328 29325 29300 29301 29287 29259 29233 29203 29184
31 29164 29167 29162 29179 29176 29199 29208 29223 29232 29265 29270 29279 29279 29302 29293 29294 29303 29308 29307 29317 29305 29281 29255 29201
