01 29247 29279 29303 29328 29362 29399 29455 29497 29524 29579 29605 29622 29635 29649 29685 29709 29735 29775 29789 29814 29825 29845 29862 29875
02 29889 29911 29927 29945 29963 29978 30003 30033 30057 30081 30100 30106 30124 30124 30139 30148 30168 30178 30136 30197 30201 30208 30206 30200
03 30194 30182 30176 30157 30142 30130 30132 30130 30136 30148 30150 30134 30150 30146 30158 30174 30194 30196 30199 30213 30224 30228 30218 30208
04 30190 30181 30170 30148 30139 30116 30106 30085 30083 30062 30052 30016 29996 29975 29940 29925 29908 29892 29868 29850 29822 29804 29787 29776
05 29784 29780 29778 29776 29791 29791 29796 29799 29800 29802 29826 29806 29788 29770 29750 29742 29721 29705 29680 29660 29642 29622 29598 29578
06 29540 29507 29477 29440 29392 29369 29370 29394 29442 29481 29522 29548 29590 29632 29674 29718 29750 29779 29802 29819 29850 29890 29911 29942
07 29975 29982 30005 30019 30035 30062 30087 30096 30121 30130 30136 30126 30118 30106 30100 30082 30079 30062 30043 30008 29978 29950 29904 29850
08 29768 29682 29594 29492 29390 29320 29248 29198 29139 29092 29039 28997 28983 28939 28954 28982 29018 29068 29107 29144 29189 29248 29293 29345
09 29394 29423 29469 29501 29525 29553 29585 29599 29619 29645 29677 29688 29688 29689 29704 29723 29738 29751 29775 29782 29787 29786 29787 29773
10 29771 29748 29719 29703 29691 29683 29657 29639 29651 29631 29612 29580 29533 29499 29470 29434 29388 29333 29296 29254 29198 29156 29102 29066
11 29022 28984 28946 28902 28842 28788 28734 28739 28694 28650 28769 28788 28821 28835 28866 28897 28937 28998 29029 29061 29097 29111 29157 29215
12 29278 29318 29359 29386 29423 29443 29473 29497 29533 29553 29564 29571 29570 29567 29575 29585 29603 29617 29625 29638 29643 29643 29635 29641
13 29635 29648 29661 29669 29691 29704 29723 29752 29783 29815 29841 29842 29829 29831 29841 29866 29901 29947 29991 30026 30047 30056 30071 30083
14 30091 30095 30103 30111 30124 30143 30166 30187 30197 30217 30223 30225 30227 30226 30236 30242 30246 30254 30250 30242 30236 30226 30217 30197
15 30178 30170 30150 30134 30126 30102 30074 30042 30003 29962 29912 29878 29882 29886 29890 29894 29894 29902 29874 29858 29836 29810 29762 29730
16 29694 29654 29634 29620 29660 29684 29716 29738       29813 29854 29875 29890 29938 29978 30062 30127 30170 30197 30230 30234 30242 30240 30238
17 30246 30258 30269 30283 30301 30331 30350 30373 30403 30411 30415 30407 30409 30397 30398 30408 30414 30424 30422 30416 30417 30409 30411 30409
18 30387 30376 30367 30361 30355 30335 30319 30307 30295 30290 30272 30259 30237 30211 30185 30191 30171 30178 30177 30181 30177 30177 30172 30169
19 30165 30157 30161 30160 30156 30149 30133 30136 30137 30143 30142 30132 30113 30094 30080 30081 30074 30077 30069 30061 30053 30057 30049 30042
20 30032 30017 29997 29989 29969 29953 29945 29938 29942 29935 29917 29889 29859 29833 29824 29809 29792 29769 29752 29730 29717 29703 29689 29677
21 29676 29677 29689 29710 29713 29697 29706 29693 29687 29700 29700 29696 29673 29660 29645 29642 29644 29647 29644 29648 29636 29644 29656 29656
22 29652 29648 29643 29624 29612 29594 29574 29564 29556 29548 29551 29555 29553 29553 29577 29602 29629 29669 29714 29762 29801 29825 29831 29833
23 29837 29849 29845 29832 29817 29805 29815 29823 29828 29827 29808 29756 29712 29660 29636 29612 29601 29580 29564 29552 29556 29558 29556 29564
24 29565 29566 29586 29593 29612 29622 29640 29656 29676 29698 29712 29713 29713 29716 29722 29729 29731 29731 29739 29743 29747 29747 29740 29740
25 29742 29734 29740 29735 29739 29739 29750 29767 29790 29815 29832 29833 29844 29860 29877 29900 29921 29936 29952 29962 29972 29983 29988 29999
26 30012 30020 30033 30043 30042 30049 30057 30085 30109 30123 30127 30122 30122 30117 30124 30140 30143 30157 30166 30169 30177 30185 30192 30203
27 30212 30216 30228 30232 30235 30243 30255 30276 30294 30305 30305 30299 30295 30295 30291 30300 30301 30304 30311 30319 30322 30320 30320 30312
28 30303 30301 30300 30291 30276 30267 30259 30260 30258 30259 30256 30236 30214 30190 30172 30164 30149 30126 30102 30087 30094 30114 30101 30098
29 30100 30099 30110 30121 30113 30115 30120 30122 30134 30154 30157 30150 30142 30140 30138 30138 30143 30139 30138 30136 30139 30141 30133 30130
30 30118 30109 30108 30098 30102 30098 30104 30109 30116 30130 30134 30127 30108 30103 30102 30101 30091 30095 30101 30098 30093 30080 30067 30049
31 30031 30027 30018 29995 29971 29959 29932 29919 29898 29895 29874 29843 29803 29761 29708 29716 29671 29664 29627 29597 29581 29532 29491 29475
