01 30340 30332 30326 30318 30314 30312 30310 30316 30321 30322 30314 30311 30302 30296 30292 30292 30286 30280 30282 30284 30271 30268 30261 30260
02 30249 30236 30222 30212 30202 30200 30201 30204 30206 30210 30214 30210 30196 30186 30186 30189 30188 30184 30180 30182 30186 30186 30186 30184
03 30176 30174 30164 30164 30166 30172 30186 30204 30216 30228 30244 30244 30238 30238 30242 30248 30258 30268 30274 30288 30296 30294 30294 30298
04 30302 30303 30298 30294 30294 30298 30304 30322 30328 30336 30339 30337 30329 30325 30323 30317 30319 30331 30335 30339 30339 30335 30321 30316
05 30311 30307 30304 30296 30291 30291 30283 30285 30293 30294 30292 30282 30259 30236 30226 30224 30216 30222 30218 30220 30212 30206 30202 30198
06 30188 30188 30188 30184 30186 30184 30186 30194 30194 30196 30209 30206 30192 30174 30174 30170 30170 30174 30174 30170 30176 30174 30172 30172
07 30169 30166 30160 30158 30154 30149 30149 30152 30157 30164 30169 30164 30155 30141 30133 30129 30121 30121 30121 30113 30097 30099 30095 30095
08 30079 30055 30049 30031 30027 30025 30029 30033 30033 30035 30039 30033 30018 30018 30019 30017 30026 30025 30040 30051 30061 30067 30061 30061
09 30061 30059 30051 30047 30049 30045 30045 30047 30053 30058 30066 30060 30052 30040 30032 30028 30032 30045 30045 30047 30057 30048 30038 30056
10 30052 30042 30054 30054 30068 30066 30079 30078 30087 30094 30118 30120 30100 30082 30058 30058 30070 30080 30074 30064 30048 30040 30038 30026
11 30004 29978 29954 29938 29912 29898 29880 29878 29878 29864 29855 29825 29803 29777 29759 29711 29699 29681 29683 29671 29655 29645 29629 29617
12 29585 29561 29553 29536 29537 29535 29541 29545 29549 29545 29555 29543 29535 29525 29537 29553 29593 29639 29685 29721 29741 29761 29781 29791
13 29791 29770 29767 29751 29745 29739 29733 29725 29721 29700 29701 29683 29663 29665 29665 29668 29665 29673 29667 29665 29653 29641 29626 29621
14 29599 29579 29525 29493 29475 29453 29428 29409 29385 29360 29339 29317 29299 29286 29249 29213 29191 29191 29185 29186 29177 29177 29167 29159
15 29141 29133 29115 29111 29101 29101 29097 29101 29095 29107 29115 29119 29125 29135 29145 29159 29179 29197 29216 29229 29235 29242 29237 29243
16 29239 29233 29241 29263 29284 29315 29335 29367 29395 29415 29439 29438 29429 29417 29403 29395 29393 29381 29375 29358 29375 29281 29235 29189
17 29129 29080 29091 29091 29123 29139 29155 29191 29219 29239 29257 29264 29265 29265 29269 29273 29285 29299 29314 29317 29335 29341 29353 29361
18 29373 29378 29378 29379             29435 29449 29469 29489 29509 29521 29533 29543 29557 29583 29609 29637 29665 29691 29711 29733 29747 29761
19 29767 29779 29783 29797 29815 29839 29863 29881 29887 29904 29906 29908 29910 29916 29923 29932 29946 29958 29966 29980 29984 29988 29986 29992
20 29986 29978 29968 29972 29972 29968 29966 29964 29966 29972 29973 29968 29949 29936 29919 29913 29913 29917 29913 29909 29899 29895 29877 29865
21 29849 29831 29819 29796 29784 29771 29763 29759 29749 29741 29738 29722 29698 29677 29658 29642 29634 29626 29619 29624 29622 29614 29604 29586
22 29578 29586 29576 29576 29584 29592 29596 29612 29618 29624 29652 29648 29642 29652 29652 29664 29674 29694 29702 29710 29730 29734 29734 29730
23 29728 29728 29726 29724 29730 29732 29740 29754 29762 29776 29778 29772 29758 29750 29750 29756 29762 29776 29780 29784 29790 29790 29783 29785
24 29784 29778 29780 29766 29770 29774 29778 29780 29782 29780 29777 29765 29743 29737 29723 29713 29705 29697 29687 29673 29651 29627 29617 29597
25 29574 29551 29523 29497 29483 29461 29437 29412 29392 29367 29353 29309 29275 29239 29211 29189 29180 29153 29125 29103 29073 29035 28998 28949
26 28899 28827 28767 28738 28739 28719 28707 28715 28715 28749 28766 28744 28734 28717 28708 28696 28690 28714 28710 28715 28716 28724 28720 28714
27 28732 28755 28765 28782 28818 28847 28870 28920 28948 28998 29042 29096 29136 29176 29218 29266 29308 29354 29396 29440 29476 29514 29548 29576
28 29598 29628 29642 29658 29675 29698 29724 29734 29740 29738 29730 29718 29686 29670 29644 29612 29604 29594 29564 29539 29530 29520 29526 29531
