01 29027 29051 29085 29119 29148 29176 29195 29239 29281 29320 29337 29365 29393 29422 29443 29465 29486 29523 29541 29573 29587 29591 29603 29625
02 29632 29647 29661 29679 29697 29721 29739 29763 29787 29815 29827 29833 29847 29861 29886 29909 29931 29952 29967 29982 30005 30023 30040 30054
03 30051 30065 30075 30081 30079 30091 30099 30116 30132 30141 30134 30126 30124 30117 30119 30124 30127 30134 30131 30139 30139 30145 30139 30137
04 30125 30125 30127 30115 30107 30113 30117 30118 30113 30117 30097 30069 30054 30029 30020 30012 29987 29963 29954 29941 29935 29918 29893 29880
05 29854 29843 29822 29795 29774 29776 29747 29746 29739 29737 29733 29715 29705 29705 29709 29720 29727 29748 29751 29751 29757 29751 29731 29722
06 29703 29684 29673 29641 29621 29590 29559 29544 29529 29501 29462 29436 29394 29335 29271 29274 29241 29377 29438 29504 29553 29621 29672 29707
07 29731 29737 29742 29763 29781 29807 29840 29868 29899 29921 29924 29916 29915 29921 29934 29952 29968 29979 30000 30009 30014 30014 30018 30008
08 30003 30000 29982 29960 29935 29908 29873 29822 29768 29718 29646 29559 29450 29354 29275 29194 29107 29042 28986 28930 28901 28867 28833 28759
09 28684 28629 28577 28591 28649 28701 28771 28865 28944 29040 29117 29191 29245 29303 29356 29413 29452 29491 29524 29554 29574 29593 29602 29619
10 29635 29649 29660 29669 29663 29684 29696 29703 29713 29729 29735 29725 29717 29711 29715 29709 29721 29733 29711 29693 29653 29619 29575 29525
11 29450 29363 29279 29196 29097 29006 28917 28859 28831 28813 28816 28789 28765 28739 28707 28571 28619 28591 28603 28637 28667 28667 28566 28672
12 28685 28722 28755 28785 28823 28862 28899 28931 28965 28993 29010 29027 29034 29052 29069 29097 29118 29138 29160 29182 29194 29212 29230 29244
13 29252 29258 29267 29278 29281 29285 29297 29314 29326 29341 29342 29347 29360 29382 29403 29440 29475 29512 29542 29576 29593 29617 29631 29642
14 29646 29668 29685 29696 29709 29738 29759 29783 29809 29834 29837 29842 29850 29859 29873 29907 29936 29958 29970 29985 29997 29996 30006 30009
15 30009 30019 30023 30032 30033 30045 30050 30067 30075 30077 30068 30044 30025 30008 29997 29984 29965 29934 29894 29853 29808 29756 29695 29626
16 29576 29531 29494 29460 29452 29468 29478 29496 29526 29567 29594 29611 29627 29647 29669 29693 29715 29736 29757 29773 29794 29816 29837 29858
17 29875 29903 29921 29946 29961 29984 30000 30021 30031 30053 30055 30056 30055 30069 30085 30101 30107 30123 30149 30171 30185 30181 30190 30186
18 30191 30198 30198 30194 30191 30191 30192 30197 30203 30206 30203 30189 30178 30159 30151 30141 30127 30125 30103 30087 30069 30043 30013 29985
19 29961 29945 29930 29897 29882 29867 29866 29865 29862 29859 29837 29809 29780 29786 29778 29788 29771 29777 29766 29770 29769 29757 29745 29727
20 29709 29695 29674 29655 29626 29611 29601 29585 29587 29581 29569 29546 29529 29509 29494 29477 29459 29449 29449 29434 29421 29407 29398 29403
21 29399 29408 29415 29419 29425 29445 29456 29489 29496 29518 29514 29514 29503 29509 29512 29522 29529 29550 29569 29582 29584 29586 29591 29594
22 29598 29618 29632 29650 29664 29686 29708 29724 29739 29759 29769 29765 29763 29778 29793 29808 29819 29837 29848 29860 29875 29887 29905 29915
23 29925 29949 29949 29949 29949 29957 29971 29980 29991 30005 30001 29993 29985 29983 29972 29963 29957 29945 29937 29917 29889 29873 29849 29825
24 29793 29769 29729 29694 29641 29605 29569 29541 29517 29495 29482 29454 29438 29442 29451 29478 29492 29518 29540 29578 29596 29613 29638 29656
25 29667 29680 29695 29711 29712 29720 29726 29734 29742 29757 29743 29735 29730 29707 29701 29708 29717 29723 29726 29733 29740 29757 29775 29793
26 29808 29841 29858 29877 29895 29913 29935 29965 29996 30005 30008 30004 29999 30000 30006 30010 30010 30010 30011 30012 30016 30018 30022 30025
27 30023 30031 30046 30054 30062 30074 30086 30114 30124 30148 30154 30158 30157 30160 30167 30181 30194 30196 30212 30222 30224 30230 30230 30229
28 30226 30226 30227 30225 30223 30218 30214 30218 30230 30242 30234 30226 30222 30220 30219 30228 30232 30236 30248 30261 30259 30268 30267 30261
29 30258 30252 30242 30253 30233 30228 30220 30200 30210 30218 30208 30199 30191 30194 30200 30215 30232 30240 30254 30260 30253 30258 30258 30258
30 30258 30262 30270 30271 30257 30264 30262 30271 30278 30278 30274 30260 30249 30237 30238 30237 30231 30233 30235 30236 30236 30236 30231 30226
31 30216 30223 30224 30222 30218 30223 30224 30240 30242 30256 30258 30242 30237 30238 30239 30248 30246 30251 30256 30257 30257 30251 30249 30233
