01 29614 29614 29624 29640 29652 29658 29654 29650 29634 29622 29611 29613 29619 29623 29621 29619 29605 29601 29595 29601 29601 29599 29571 29579
02 29581 29573 29563 29559 29563 29575 29583 29597 29601 29601 29608 29602 29522 29614 29614 29614 29617 29642 29640 29664 29696 29724 29728 29734
03 29750 29758 29794 29822 29840 29862 29878 29894 29918 29938 29950 29968 29970 29982 29996 30000 30006 30016 30023 30044 30066 30078 30088 30082
04 30084 30082 30076 30072 30076 30088 30090 30096 30098 30112 30120 30118 30110 30098 30096 30094 30096 30102 30104 30118 30126 30130 30139 30132
05 30136 30136 30126 30122 30122 30124 30126 30126 30126 30112 30104 30096 30082 30074 30068 30056 30038 30022 30016 30018 30016 30004 29994 29987
06 29984 29974 29960 29956 29964 29968 29972 29972 29986 29992 30000 30000 30002 29996 29994 29998 30000 30002 30008 30010 30030 30028 30028 30032
07 30026 30010 30006 29998 30000 30009 30010 30004 30010 30010 30008 30009 30006 30008 30000 29996 29998 29996 30002 30000 30012 30016 30022 30026
08 30024 30020 30014 30012 30011 30012 30022 30024 30018 30014 30008 30002 30000 29996 29990 29990 29994 29994 29990 30002 30008 30014 29986 29994
09 29994 29974 29950 29944 29944 29944 29942 29934 29928 29914 29895 29882 29879 29863 29849 29833 29833 29833 29839 29833 29837 29845 29855 29877
10 29871 29879 29885 29901 29913 29925 29943 29953 29967 29981 30000 30014 30024 30036 30042 30042 30056 30064 30078 30076 30082 30070 30060 30034
11 29999 29974 29940 29918 29906 29896 29872 29860 29854 29862 29876 29878 29900 29910 29960 30004 30008 30054 30080 30098 30130 30154 30164 30184
12 30180 30196 30208 30224 30232 30246 30238 30259 30268 30280 30283 30285 30289 30277 30269 30267 30275 30289 30293 30291 30301 30293 30299 30297
13       30289 30287 30285 30289 30299 30311 30311 30307 30303 30298 30296 30290 30278 30276 30262 30254 30244 30248 30256 30270 30276 30276 30278
14 30274 30268 30270 30288 30294 30306 30312 30316 30324 30312 30304 30306 30312 30318 30314 30321 30332 30336 30352 30364 30370 30380 30392 30404
15 30402 30406 30404 30418 30428 30441 30442 30448 30443 30440 30438 30438 30433 30428 30416 30406 30405 30398 30402 30400 30410 30402 30404 30396
16 30376 30356 30340 30332 30326 30326 30332 30326 30318 30304 30278 30274 30258 30246 30237 30226 30216 30216 30216 30220 30214 30208 30198 30190
17 30178 30170 30156 30154 30144 30144 30154 30158 30154 30152 30131 30130 30126 30120 30106 30106 30102 30106 30116 30126 30135 30140 30154 30152
18 30158 30158 30152 30150 30154 30160 30164 30174 30172 30174 30174 30167 30165 30159 30163 30159 30155 30147 30151 30161 30169 30173 30179 30175
19 30165 30161 30151 30143 30139 30141 30139 30137 30137 30131 30139 30139 30133 30127 30123 30125 30113 30103 30095 30094 30099 30099 30089 30081
20 30069 30065 30045 30045 30045 30029 30033 30033 30031 30021 30011 30005 29999 29983 29971 29953 29935 29919 29915 29909 29905 29903 29891 29884
21 29867 29853 29833 29827 29813 29809 29801 29799 29796 29793 29789 29777 29771 29761 29745 29727 29719 29717 29719 29721 29725 29733 29736 29735
22 29725 29721 29715 29719 29731 29733                   29729 29733 29723 29731 29723 29707 29699 29688 29681 29675 29681 29679 29677 29655 29637
23 29613 29587 29559 29537 29517 29500 29495 29481 29471 29449 29439 29443 29457 29477 29477 29477 29467 29472 29470 29469 29483 29475 29485 29477
24 29467 29459 29457 29460 29459 29489 29461 29451 29447 29452 29432 29440 29434 29424 29420 29420 29422 29440 29448 29466 29478 29484 29495 29505
25 29506 29514 29518 29520 29524 29526 29534 29538 29542 29536 29545 29537 29521 29509 29519 29509 29497 29492 29495 29497 29499 29497 29503 29501
26 29475 29471 29465 29465 29471 29479 29481 29481 29487 29485 29492 29488 29490 29480 29489 29484 29500 29500 29514 29516 29530 29532 29544 29540
27 29536 29524 29524 29530 29524 29528 29526 29518 29514 29506 29500 29498 29494 29492 29488 29478 29478 29482 29492 29502 29504 29512 29524 29528
28 29522 29520 29522 29532 29528 29544 29557 29569 29572 29586 29591 29594 29596 29594 29587 29581 29575 29589 29621 29641 29647 29653 29659 29645
29 29641 29633 29521 29625 29631 29637 29637 29637 29651 29651 29651 29651 29651 29645 29653 29642 29645 29657 29667 29671 29683 29693 29691 29681
30 29664 29661 29629 29639 29633 29627 29597 29575 29562 29552 29551 29537 29515 29491 29483 29471 29485 29481 29497 29508 29527 29547 29561 29577
