01 29755 29737 29727 29717 29705 29684 29681 29677 29671 29674 29691 29695 29707 29717 29717 29723 29737 29759 29764 29779 29785 29789 29775 29795
02 29768 29789 29787 29796 29801 29813 29827 29847 29861 29873 29866 29872 29888 29893 29899 29903 29911 29919 29933 29951 29955 29960 29951 29955
03 29951 29948 29935 29933 29919 29927 29917 29909 29902 29883 29870 29841 29815 29775 29749 29711 29660 29603 29554 29517 29501 29543 29591 29641
04 29683 29731 29767 29799 29823 29839 29865 29871 29881 29891 29904 29900 29894 29882 29881 29887 29881 29887 29900 29914 29924 29931 29930 29932
05 29938 29944 29941 29946 29958 29970 29987 29993 30002 30004 30007 30001 29997 29989 29977 29974 29976 29981 29989 30000 29995 29996 29995 29989
06 29983 29979 29971 29959 29959 29965 29969 29973 29977 29981 29974 29970 29957 29937 29919 29913 29919 29920 29928 29935 29947 29950 29955 29963
07 29968 29969 29969 29967 29971 29985 29990 30001 30011 30013 30002 29998 29990 29984 29971 29962 29955 29964 29968 29966 29962 29962 29958 29954
08 29954 29954 29954 29950 29957 29966 29970 29966 29968 29966 29934 29936 29925 29904 29890 29873 29858 29849 29844 29835 29828 29810 29795 29770
09 29744 29714 29674 29646 29616 29601 29574 29540 29518 29489 29459 29447 29463 29475 29475 29475 29483 29481 29494 29500 29500 29499 29489 29493
10 29484 29481 29487 29497 29513 29532 29552 29570 29583 29598 29602 29622 29618 29624 29538 29655 29662 29677 29685 29696 29707 29725 29730 29741
11 29742 29755 29754 29756 29754 29752 29741 29737 29721 29684 29641 29616 29578 29541 29529 29528 29530 29530 29519 29499 29486 29455 29462 29483
12 29488 29493 29515 29523 29530 29551 29573 29595 29620 29541 29664 29685 29698 29704 29712 29726 29740 29778 29809 29848 29887 29919 29942 29970
13 29982 29994 30002 30012 30040 30073 30100 30129 30145 30156 30170 30183 30195 30202 30208 30216 30224 30239 30262 30280 30295 30306 30321 30333
14 30332 30336 30336 30334 30335 30346 30358 30370 30366 30358 30345 30343 30337 30323 30322 30311 30297 30295 30297 30293 30287 30283 30269 30257
15 30243 30213 30193 30181 30183 30179 30177 30179 30173 30157 30140 30125 30118 30107 30091 30075 30075 30079 30075 30074 30075 30075 30072 30065
16 30057 30045 30041 30029 30019 30019 30019 30010 30007 29995 29990 29972 29953 29939 29912 29900 29896 29894 29889 29883 29875 29867 29849 29845
17 29831 29816 29814 29811 29817 29825 29845 29867 29859 29868 29881 29884 29880 29875 29875 29870 29874 29880 29886 29893 29896 29904 29902 29913
18 29912 29904 29904 29902 29900 29907 29910 29921 29927 29936 29936 29940 29936 29939 29945 29952 29963 29976 29995 30010 30022 30030 30036 30040
19 30043 30038 30034 30038 30044 30044 30049 30051 30051 30040 30026 30014 30007 29998 29992 29985 29988 29990 29988 29988 29985 29986 29985 29977
20 29969 29954 29935 29926 29921 29919 29921 29916 29913 29910 29894 29879 29853 29835 29817 29801 29796 29786 29792 29784 29775 29764 29745 29718
21 29696 29681 29661 29635 29624 29623 29619 29606 29592 29603 29597 29592 29591 29583 29585 29575 29593 29637 29673 29687 29697 29698 29707 29716
22 29727 29731 29735 29744 29749 29773 29782 29805 29829 29839 29853 29868 29872 29881 29891 29892 29901 29919 29948 29958 29967 29974 29979 29986
23 29985 29976 29972 29959 29963 29949 29931 29951 29970 29954 29938 29920 29891 29900 29889 29896 29904 29924 29934 29939 29953 29956 29981 29997
24 30026 30030 30042 30054 30074 30094 30113 30131 30145 30147 30146 30147 30158 30158 30158 30161 30167 30183 30191 30202 30217 30227 30235 30235
25 30239 30238 30235 30231 30225 30205 30243 30247 30242 30245 30229 30216 30200 30201 30199 30194 30191 30197 30204 30211 30216 30218 30214 30211
26 30212 30204 30199 30196 30192 30195 30200 30208 30198 30194 30190 30182 30165 30140 30122 30107 30101 30103 30104 30100 30091 30084 30073 30063
27 30046 30029 30009 29994 29986 29976 29979 29985 29986 29985 29968 29954 29932 29922 29917 29917 29919 29920 29920 29922 29918 29922 29912 29909
28 29875 29857 29844 29840 29826 29824 29832 29832 29834 29829 29820 29812 29794 29788 29766 29757 29748 29736 29728 29720 29712 29687 29691 29676
29 29662 29650 29632 29620 29618 29658 29666 29682 29686 29686 29685 29690 29686 29698 29696 29703 29708 29728 29740 29766 29779 29791 29799 29801
30 29800 29797 29779 29765 29771 29779 29790 29781 29801 29789 29806 29790 29788 29776 29766 29754 29742 29736 29728 29695 29652 29613 29576 29540
