01 29870 29857 29857 29850 29839 29831 29820 29831 29833 29833 29832 29810 29798 29770 29748 29722 29700 29695 29695 29690 29685 29674 29664 29650
02 29645 29638 29630 29636 29655 29674 29707 29758 29785 29802 29808 29816 29820 29826 29834 29836 29858 29874 29886 29895 29900 29904 29900 29900
03 29895 29895 29892 29900 29905 29915 29922 29944 29950 29948 29938 29942 29934 29940 29944 29945 29946 29952 29956 29956 29972 29975 29966 29960
04 29958 29950 29932 29932 29930 29932 29930 29936 29936 29926 29917 29903 29887 29871 29861 29859 29853 29863 29857 29843 29835 29831 29819 29815
05 29813 29813 29805 29805 29805 29809 29813 29819 29835 29844 29846 29842 29834 29832 29842 29848 29854 29870 29876 29888 29898 29916 29916 29932
06 29938 29954 29968 29981 29998 30014 30024 30050 30060 30068 30074 30067 30069 30073 30071 30073 30082 30091 30102 30109 30123 30121 30121 30125
07 30133 30139 30145 30153 30163 30177 30187 30201 30219 30233 30239 30237 30225 30231 30233 30235 30239 30254 30249 30251 30255 30249 30249 30245
08 30237 30237 30237 30225 30221 30215 30223 30233 30243 30253 30255 30245 30231 30215 30211 30213 30215 30213 30217 30217 30221 30221 30215 30211
09 30206 30209 30207 30195 30183 30177 30169 30179 30186 30184 30179 30160 30145 30121 30115 30103 30092 30089 30089 30087 30085 30080 30067 30055
10 30035 30030 30031 30021 30010 29989 29993 30003 30005 30011 30016 30006 30011 30012 30006 30006 30030 30041 30058 30062 30078 30086 30090 30091
11 30083 30080 30082 30079 30082 30078 30080 30086 30088 30082 30081 30055 30029 29997 29971 29955 29943 29919 29905 29879 29858 29837 29813 29808
12 29805 29819 29839 29848 29851 29865 29883 29905 29908 29921 29925 29921 29921 29917 29919 29931 29935 29961 29959 29957 29955 29945 29937 29935
13 29921 29905 29893 29869 29855 29833 29822 29817 29805 29803 29798 29776 29764 29752 29756 29762 29786 29812 29836 29858 29882 29906 29922 29938
14 29942 29944 29956 29970 29984 29999 30008 30028 30034 30046 30053 30053 30057 30045 30045 30043 30045 30047 30053 30053 30043 30037 30033 30021
15 30009 29997 29995 29969 29947 29943 29937 29929 29921 29913 29898 29864 29840 29814 29784 29762 29742 29724 29702 29672 29649 29624 29619 29629
16 29619 29626 29638 29646 29661 29680 29704 29719 29731 29752 29769 29758 29764 29754 29724 29706 29690 29680 29666 29672 29672 29662 29654 29666
17 29664 29668 29676 29699 29702 29718 29722 29736 29764 29792 29826 29836 29830 29838 29842 29866 29884 29896 29912 29914 29919 29930 29922 29918
18 29909 29902 29902 29902 29899 29886 29864 29864 29862 29866 29862 29854 29845 29832 29820 29818 29814 29807 29792 29790 29782 29782 29776 29776
19 29755 29770 29772 29762 29758 29752 29735 29726 29710 29678 29683 29673 29679 29677 29679 29685 29691 29705 29717 29727 29743 29745 29759 29765
20 29773 29781 29785 29783 29789 29795 29802 29827 29839 29847 29854 29859 29857 29849 29847 29861 29867 29869 29889 29885 29894 29889 29885 29885
21 29889 29879 29869 29863 29865 29861 29867 29869 29879 29885 29893 29889 29869 29859 29859 29854 29849 29844 29847 29849 29849 29841 29836 29825
22 29813 29803 29791 29769 29759 29743 29739 29737 29735 29727 29723 29709 29694 29684 29669 29661 29657 29654 29647 29635 29625 29615 29603 29606
23 29597 29596 29605 29617 29625 29637 29664 29689 29719 29737 29755 29790 29815 29828 29842 29845 29862 29888 29902 29918 29920 29927 29916 29936
24 29920 29924 29928 29928 29926 29924 29928 29916 29923 29932 29924 29908 29893 29882 29863 29858 29852 29845 29836 29822 29808 29785 29770 29748
25 29732 29720 29708 29680 29660 29626 29604 29593 29593 29588 29575 29536 29515 29487 29470 29460 29464 29465 29482 29490 29482 29478 29486 29497
26 29498 29505 29510 29520 29525 29532 29543 29555 29578 29588 29593 29587 29585 29573 29567 29549 29542 29533 29507 29489 29470 29455 29439 29407
27 29387 29362 29353 29337 29323 29325 29328 29330 29341 29347 29335 29332 29321 29314 29304 29304 29307 29304 29297 29297 29287 29276 29274 29269
28 29259 29254 29237 29235 29221 29227 29217 29222 29209 29196 29186 29158 29128 29086 29056 29018 28980 28954 28914 28888 28830 28766 28719 28676
29 28634 28574 28508 28454 28444 28496 28584 28674 28738 28806 28865 28897 28891 28907 28918 28927 28931 28933 28923 28911 28898 28875 28847 28811
30 28757 28725 28699 28695 28686 28681 28705 28718 28735 28749 28761 28755 28753 28733 28733 28761 28785 28795 28825 28847 28865 28889 28923 28949
