01 28801 28814 28826 28858 28883 28909 28938 28974 29007 29049 29054 29070 29083 29116 29128 29159 29174 29197 29217 29231 29246 29262 29275 29277
02 29289 29310 29330 29352 29388 29430 29461 29502 29524 29541 29548 29564 29564 29581 29594 29609 29629 29642 29640 29650 29652 29657 29660 29661
03 29656 29657 29648 29645 29635 29636 29637 29650 29659 29662 29660 29650 29643 29635 29632 29627 29633 29642 29651 29666 29673 29696 29685 29712
04 29690 29684 29687 29675 29663 29650 29628 29618 29599 29582 29567 29527 29501 29461 29439 29399 29379 29346 29342 29319 29299 29290 29279 29256
05 29236 29219 29194 29187 29181 29186 29192 29193 29216 29226 29207 29200 29189 29192 29191 29207 29203 29197 29194 29182 29151 29117 29077 29046
06 29019 29014 28999 28934 28981 28976 28960 28954 28938 28926 28912 28894 28887 28906 28900 28907 28933 28974 29000 29041 29080 29129 29153 29154
07 29144 29182 29213 29233 29257 29280 29290 29316 29328 29344 29344 29363 29377 29403 29424 29446 29464 29483 29500 29512 29508 29504 29509 29506
08 29502 29490 29471 29434 29395 29353 29308 29254 29187 29101 28994 28859 28724 28642 28572 28499 28448 28399 28372 28351 28309 28300 28285 28289
09 28326 28360 28404 28485 28587 28659 28723 28803 28849 28919 28947 28988 29000 29034 29059 29093 29122 29143 29165 29192 29207 29226 29240 29260
10 29264 29284 29287 29282 29298 29311 29315 29323 29337 29362 29351 29338 29329 29320 29305 29302 29309 29286 29245 29211 29147 29102 29043 28915
11 28871 28776 28702 28603 28525 28471 28418 28396 28365 28346 28382 28267 28237 28235 28217 28217 28222 28233 28254 28289 28309 28349 28387 28405
12 28435 28469 28506 28524 28552 28580 28611 28651 28680 28730 28745 28783 28792 28818 28844 28873 28903 28934 28956 28977 28987 28998 29010 29027
13 29023 29037 29047 29055 29063 29088 29107 29136 29157 29188 29194 29216 29231 29253 29283 29313 29343 29374 29397 29420 29442 29460 29463 29485
14 29499 29511 29524 29541 29559 29594 29608 29633 29637 29657 29664 29677 29668 29676 29681 29696 29704 29707 29710 29714 29721 29719 29723 29718
15 29725 29726 29726 29723 29724 29722 29720 29719 29715 29706 29675 29636 29591 29567 29541 29501 29456 29412 29374 29324 29281 29246 29224 29106
16 29191 29196 29194 29196 29223 29255 29286 29330 29365 29416 29442 29460 29475 29493 29527 29558 29582 29603 29631 29648 29659 29679 29693 29712
17 29714 29753 29774 29782 29803 29823 29828 29860 29869 29880 29880 29871 29871 29875 29818 29896 29910 29929 29929 29937 29942 29939 29941 29933
18 29928 29922 29914 29894 29884 29870 29853 29841 29815 29803 29790 29750 29713 29681 29648 29628 29590 29574 29546 29516 29515 29586 29530 29534
19 29530 29532 29534 29520 29515 29509 29503 29505 29514 29509 29501 29487 29465 29457 29442 29454 29443 29453 29450 29434 29424 29408 29387 29365
20 29339 29315 29294 29274 29259 29247 29231 29228 29221 29222 29196 29174 29157 29128 29109 29107 29096 29101 29087 29085 29097 29118 29122 29133
21 29120 29132 29131 29134 29142 29146 29152 29160 29161 29165 29137 29141 29126 29121 29128 29128 29142 29167 29181 29196 29210 29221 29230 29259
22 29265 29290 29302 29314 29324 29348 29365 29376 29392 29417 29415 29415 29415 29426 29438 29450 29469 29482 29494 29511 29527 29539 29550 29568
23 29567 29566 29573 29577 29575 29579 29578 29585 29582 29590 29571 29544 29524 29503 29483 29465 29452 29440 29402 29377 29353 29331 29303 29272
24 29238 29209 29179 29160 29134 29127 29108 29116 29112 29122 29123 29127 29127 29135 29142 29166 29175 29186 29200 29225 29234 29250 29254 29269
25 29277 29297 29309 29321 29317 29319 29328 29352 29351 29371 29372 29367 29368 29368 29371 29384 29400 29416 29426 29443 29445 29455 29467 29479
26 29483 29492 29503 29508 29509 29523 29525 29550 29566 29577 29569 29572 29571 29573 29576 29592 29594 29615 29622 29636 29639 29657 29669 29688
27 29690 29708 29718 29730 29737 29748 29763 29781 29798 29807 29812 29805 29795 29798 29789 29805 29805 29804 29797 29801 29817 29821 29817 29815
28 29814 29820 29830 29830 29832 29831 29835 29848 29859 29874 29873 29861 29862 29859 29864 29865 29873 29877 29878 29880 29881 29876 29858 29846
29 29832 29830 29821 29810 29802 29791 29796 29816 29819 29828 29833 29821 29817 29823 29835 29849 29861 29871 29876 29895 29890 29889 29895 29895
30 29898 29908 29911 29905 29901                   29938 29944 29935 29917 29900 29900 29872 29885 29880 29879 29881 29883 29875 29868 29861 29852
31 29842 29837 29825 29826 29820 29830 29822 29819 29843 29845 29834 29829 29819 29821 29814 29820 29820 29830 29831 29823 29823 29808 29793 29787
