01 29513 29476 29439 29399 29355 29303 29258 29241 29215 29209 29176 29171 29187 29217 29254 29283 29301 29337 29381 29428 29443 29453 29447 29457
02 29459 29454 29449 29449 29439 29457 29453 29437 29440 29437 29418 29409 29407 29400 29412 29422 29445 29448 29470 29498 29498 29513 29523 29515
03 29518 29508 29505 29498 29492 29519 29507 29502 29494 29505 29482 29479 29467 29462 29447 29440 29440 29435 29440 29467 29460 29456 29444 29436
04 29419 29412 29404 29392 29385 29386 29387 29387 29385 29387 29396 29399 29406 29417 29436 29468 29486 29511 29537 29569 29589 29609 29622 29637
05 29644 29649 29649 29659 29662 29669 29673 29694 29697 29691 29691 29687 29686 29687 29699 29717 29729 29745 29766 29779 29793 29802 29807 29811
06 29816 29818 29819 29822 29832 29844 29849 29862 29864 29874 29881 29879 29879 29878 29874 29874 29874 29875 29881 29886 29884 29889 29877 29878
07 29867 29857 29846 29842 29836 29834 29829 29839 29837 29834 29823 29816 29807 29795 29775 29766 29755 29746 29747 29738 29725 29721 29712 29706
08 29698 29691 29677 29678 29681 29688 29693 29705 29701 29701 29692 29680 29681 29656 29636 29616 29606 29586 29577 29563 29546 29526 29493 29472
09 29441 29412 29366 29336 29323 29305 29273 29266 29251 29230 29220 29208 29189 29184 29162 29154 29138 29133 29138 29138 29130 29127 29125 29127
10 29128 29123 29115 29105 29104 29100 29091 29095 29090 29090 29088 29079 29071 29065 29048 29037 29036 29035 29048 29055 29080 29113 29146 29168
11 29203 29223 29243 29240 29256 29266 29275 29282 29282 29279 29273 29279 29275 29253 29236 29236 29226 29222 29222 29222 29223 29229 29236 29243
12 29261 29283 29296 29316 29333 29368 29409 29441 29469 29496 29525 29542 29559 29595 29613 29655 29688 29725 29760 29799 29827 29850 29870 29883
13 29909 29920 29932 29940 29965 29989 30000 30030 30056 30068 30087 30094 30100 30118 30148 30118 30120 30123 30120 30127 30129 30127 30125 30123
14 30115 30102 30078 30061 30053 30043 30024 30007 29983 29972 29917 29903 29858 29788 29783 29754 29713 29737 29725 29735 29683 29678 29654 29630
15 29628 29621 29590 29592 29555 29554 29538 29538 29548 29550 29565 29569 29584 29590 29607 29642 29677 29729 29758 29791 29804 29827 29843 29860
16 29871 29873 29890 29900 29909 29912 29920 29930 29937 29938 29935 29921 29916 29911 29901 29883 29871 29868 29865 29858 29841 29828 29818 29813
17 29801 29791 29765 29751 29747 29738 29735 29728 29721 29707 29686 29671 29651 29623 29591 29571 29551 29528 29497 29470 29438 29391 29371 29348
18 29356 29357 29353 29358 29371 29386 29405 29430 29458 29477 29499 29514 29541 29562 29593 29608 29637 29657 29674 29698 29702 29706 29709 29707
19 29709 29711 29689 29679 29669 29672 29666 29654 29636 29627 29599 29574 29589 29567 29561 29554 29567 29565 29574 29578 29565 29541 29558 29571
20 29552 29543 29587 29517 29526 29547 29564 29562 29574 29589 29602 29598 29598 29597 29601 29585 29590 29601 29625 29634 29642 29628 29635 29635
21 29648 29651 29640 29635 29634 29645 29645 29652 29659 29668 29663 29655 29639 29621 29596 29570 29553 29539 29514 29478 29453 29426 29413 29399
22 29399 29414 29436 29456 29470 29492 29510 29523 29536 29549 29557 29557 29559 29556 29550 29555 29564 29577 29595 29612 29623 29645 29665 29676
23 29680 29684 29687 29691 29695 29709 29720 29732 29744 29769 29780 29780 29794 29790 29796 29791 29805 29809 29821 29851 29855 29853 29849 29846
24 29855 29858 29860 29859 29849 29850 29866 29871 29875 29879 29876 29872 29866 29864 29851 29848 29849 29858 29865 29866 29864 29849 29848 29839
25 29831 29816 29894 29799 29809 29820 29818 29816 29826 29824 29832 29827 29823 29823 29834 29853 29861 29883 29889 29900 29907 29923 29926 29929
26 29938 29950 29953 29959 29975 29994 30007 30022 30029 30043 30051 30041 30039 30033 30026 29999 29976 29991 29979 29971 29952 29946 29931 29920
27 29893 29881 29859 29849 29835 29826 29819 29806 29799 29786 29779 29780 29768 29743 29733 29719 29719 29696 29699 29704 29686 29679 29669 29666
28 29659 29645 29619 29599 29571 29555 29546 29533 29514 29494 29461 29438 29415 29392 29365 29353 29336 29323 29315 29302 29314 29308 29296 29276
29 29273 29256 29242 29243 29238 29216 29205 29203 29223 29250 29268 29267 29281 29293 29310 29295 29253 29205 29206 29211 29224 29276 29333 29363
30 29388 29413 29422 29427 29432 29441 29454 29469 29481 29492 29497 29500 29497 29501 29504 29508 29508 29511 29541 29538 29538 29536 29534 29516
