01 29111 29133 29157 29181 29205 29225 29249 29297 29315 29337 29362 29375 29380 29390 29392 29398 29412 29426 29448 29462 29490 29514 29546 29580
02 29588 29610 29626 29648 29664 29696 29712 29720 29748 29766 29776 29774 29763 29772 29772 29774 29798 29794 29800 29800 29798 29796 29794 29794
03 29782 29764 29760 29744 29732 29705 29698 29698 29694 29692 29680 29659 29662 29684 29716 29740 29764 29776 29792 29796 29806 29812 29802 29788
04 29772 29758 29730 29710 29682 29642 29616 29586 29532 29518 29475 29423 29405 29365 29339 29317 29305 29315 29313 29309 29293 29283 29283 29273
05 29251 29259 29251 29231 29209 29195 29207 29219 29237 29247 29244 29232 29222 29202 29202 29202 29198 29190 29190 29174 29148 29140 29120 29103
06 29110 29108 29102 29092 29078 29070 29054 29058 29060 29064 29050 29036 29016 28998 28964 28978 29032 29080 29112 29132 29168 29188 29198 29218
07 29234 29274 29284 29305 29296 29294 29286 29276 29290 29328 29367 29395 29435 29455 29477 29511 29531 29551 29567 29565 29583 29595 29601 29599
08 29595 29571 29555 29517 29475 29427 29383 29323 29271 29203 29135 29023 28949 28863 28811 28753 28733 28715 28711 28701 28743 28753 28791 28837
09 28875 28943 29001 29027 29047 29085 29111 29143 29171 29187 29211 29219 29237 29255 29277 29311 29329 29353 29377 29401 29413 29427 29443 29453
10 29455 29467 29469 29479 29479 29483 29493 29501 29513 29535 29526 29516 29496 29464 29446 29446 29416 29380 29322 29270 29202 29136 29036 28980
11 28930 28864 28788 28706 28638 28602 28566 28526 28488 28490 28469 28455 28463 28483 28481 28503 28525 28567 28591 28605 28655 28701 28729 28793
12 28838 28871 28899 28933 28967 28983 29021 29053 29075 29123 29133 29151 29175 29179 29203 29239 29255 29269 29281 29311 29325 29328 29357 29375
13 29377 29385 29405 29421 29443 29459 29473 29501 29523 29537 29553 29577 29591 29609 29623 29637 29661 29693 29715 29731 29743 29763 29785 29801
14 29797 29821 29839 29851 29865 29879 29881 29909 29925 29933 29932 29936 29930 29934 29942 29944 29958 29964 29970 29972 29966 29968 29960 29958
15 29942 29930 29918 29926 29914 29908 29890 29862 29852 29832 29800 29770 29720 29668 29622 29580 29536 29500 29464 29434 29412 29402 29382 29388
16 29410 29432 29448 29482 29526 29576 29620 29668 29712 29760 29787 29815 29841 29859 29869 29901 29913 29937 29968 29995 30001 30021 30027 30047
17 30057 30073 30091 30105 30111 30125 30127 30153 30165 30185 30187 30179 30171 30159 30161 30173 30169 30169 30169 30167 30161 30137 30111 30099
18 30074 30049 30034 29977 29955 29915 29875 29839 29829 29787 29745 29707 29669 29651 29625 29627 29639 29653 29669 29669 29677 29695 29683 29677
19 29681 29687 29697 29701 29701 29701 29687 29679 29701 29711 29708 29700 29700 29680 29678 29660 29664 29648 29626 29618 29600 29580 29570 29536
20 29524 29512 29492 29478 29468 29456 29438 29430 29418 29418 29412 29380 29362 29362 29364 29362 29362 29360 29348 29366 29374 29380 29392 29384
21 29384 29374 29366 29362 29364 29352 29360 29352 29348 29350 29340 29332 29324 29326 29322 29332 29348 29386 29408 29452 29466 29494 29510 29518
22 29546 29564 29574 29580 29586 29598 29608 29614 29624 29628 29642 29638 29644 29658 29670 29676 29690 29694 29710 29734 29758 29762 29764 29774
23 29760 29758 29760 29762 29748 29736 29732 29740 29738 29732       29697       29639                   29538       29502       29471            
24                                                       29364       29362       29354                   29384       29404       29417            
25                                                       29538 29552 29550 29552 29544 29560 29550 29580 29580 29600 29594 29604 29612 29618 29628
26 29636 29646 29654 29662 29676 29674 29702 29714 29720 29728 29745 29737 29755 29755 29775 29799 29819 29815 29843 29837 29854 29871 29895 29907
27 29909 29933 29933 29939 29945 29949 29953 29965 29975 29979       29991 29979 29963 29963 29963 29975 29981 29997 30009 30015 30019 30033 30035
28 30041 30049 30053 30049 30057 30057 30059 30053 30053 30057 30060 30048 30028 30036 30028 30026 30016 30030 30028 30032 30040 30030 30024 30024
29 30024 30022 30032 30032 30032 30020 30012 30010 30014 30020       30023       30032                   30070      300086       30084            
30                                                       30181       30174       30152                   30146       30151       30104            
31                                                       30028 30013 30005 29999 29989 29971 29977 29971 29977 29969 29969 29963 29961 29951 29925
