1864 04 01 08 00  57.20   -2.20  991.5         ABERDEEN
1864 04 02 08 00  57.20   -2.20 1003.0         ABERDEEN
1864 04 04 08 00  57.20   -2.20 1013.2         ABERDEEN
1864 04 05 08 00  57.20   -2.20 1025.4         ABERDEEN
1864 04 06 08 00  57.20   -2.20 1023.4         ABERDEEN
1864 04 07 08 00  57.20   -2.20 1021.7         ABERDEEN
1864 04 08 08 00  57.20   -2.20 1021.3         ABERDEEN
1864 04 09 08 00  57.20   -2.20 1024.0         ABERDEEN
1864 04 11 08 00  57.20   -2.20 1013.2         ABERDEEN
1864 04 12 08 00  57.20   -2.20 1014.2         ABERDEEN
1864 04 13 08 00  57.20   -2.20 1019.6         ABERDEEN
1864 04 14 08 00  57.20   -2.20 1012.2         ABERDEEN
1864 04 15 08 00  57.20   -2.20 1007.5         ABERDEEN
1864 04 16 08 00  57.20   -2.20 1009.5         ABERDEEN
1864 04 18 08 00  57.20   -2.20 1013.5         ABERDEEN
1864 04 19 08 00  57.20   -2.20 1005.8         ABERDEEN
1864 04 20 08 00  57.20   -2.20 1010.8         ABERDEEN
1864 04 21 08 00  57.20   -2.20 1017.3         ABERDEEN
1864 04 22 08 00  57.20   -2.20 1026.8         ABERDEEN
1864 04 23 08 00  57.20   -2.20 1025.7         ABERDEEN
1864 04 25 08 00  57.20   -2.20 1023.7         ABERDEEN
1864 04 26 08 00  57.20   -2.20 1025.1         ABERDEEN
1864 04 27 08 00  57.20   -2.20 1026.8         ABERDEEN
1864 04 28 08 00  57.20   -2.20 1023.7         ABERDEEN
1864 04 29 08 00  57.20   -2.20 1018.6         ABERDEEN
1864 04 30 08 00  57.20   -2.20 1020.3         ABERDEEN
1864 04 01 08 00  53.27   -9.06 1002.4           GALWAY
1864 04 02 08 00  53.27   -9.06 1014.9           GALWAY
1864 04 04 08 00  53.27   -9.06 1014.2           GALWAY
1864 04 05 08 00  53.27   -9.06 1019.0           GALWAY
1864 04 06 08 00  53.27   -9.06 1021.3           GALWAY
1864 04 07 08 00  53.27   -9.06 1022.4           GALWAY
1864 04 08 08 00  53.27   -9.06 1026.1           GALWAY
1864 04 09 08 00  53.27   -9.06 1025.7           GALWAY
1864 04 12 08 00  53.27   -9.06 1022.4           GALWAY
1864 04 13 08 00  53.27   -9.06 1015.9           GALWAY
1864 04 14 08 00  53.27   -9.06 1007.8           GALWAY
1864 04 15 08 00  53.27   -9.06 1009.1           GALWAY
1864 04 16 08 00  53.27   -9.06 1011.9           GALWAY
1864 04 18 08 00  53.27   -9.06 1017.3           GALWAY
1864 04 19 08 00  53.27   -9.06 1002.7           GALWAY
1864 04 20 08 00  53.27   -9.06 1003.0           GALWAY
1864 04 21 08 00  53.27   -9.06 1009.8           GALWAY
1864 04 22 08 00  53.27   -9.06 1018.6           GALWAY
1864 04 23 08 00  53.27   -9.06 1023.7           GALWAY
1864 04 25 08 00  53.27   -9.06 1023.7           GALWAY
1864 04 26 08 00  53.27   -9.06 1020.7           GALWAY
1864 04 27 08 00  53.27   -9.06 1023.4           GALWAY
1864 04 28 08 00  53.27   -9.06 1023.4           GALWAY
1864 04 29 08 00  53.27   -9.06 1023.0           GALWAY
1864 04 30 08 00  53.27   -9.06 1023.0           GALWAY
1864 04 01 08 00  45.94   -0.96 1017.3        ROCHEFORT
1864 04 02 08 00  45.94   -0.96 1021.3        ROCHEFORT
1864 04 04 08 00  45.94   -0.96 1020.0        ROCHEFORT
1864 04 05 08 00  45.94   -0.96 1022.7        ROCHEFORT
1864 04 06 08 00  45.94   -0.96 1022.7        ROCHEFORT
1864 04 07 08 00  45.94   -0.96 1022.7        ROCHEFORT
1864 04 08 08 00  45.94   -0.96 1022.7        ROCHEFORT
1864 04 09 08 00  45.94   -0.96 1021.3        ROCHEFORT
1864 04 11 08 00  45.94   -0.96 1017.3        ROCHEFORT
1864 04 12 08 00  45.94   -0.96 1015.9        ROCHEFORT
1864 04 13 08 00  45.94   -0.96 1010.5        ROCHEFORT
1864 04 14 08 00  45.94   -0.96 1006.8        ROCHEFORT
1864 04 15 08 00  45.94   -0.96 1007.8        ROCHEFORT
1864 04 16 08 00  45.94   -0.96 1011.9        ROCHEFORT
1864 04 18 08 00  45.94   -0.96 1020.0        ROCHEFORT
1864 04 19 08 00  45.94   -0.96 1015.9        ROCHEFORT
1864 04 20 08 00  45.94   -0.96 1014.6        ROCHEFORT
1864 04 21 08 00  45.94   -0.96 1011.9        ROCHEFORT
1864 04 22 08 00  45.94   -0.96 1013.2        ROCHEFORT
1864 04 23 08 00  45.94   -0.96 1017.3        ROCHEFORT
1864 04 25 08 00  45.94   -0.96 1017.3        ROCHEFORT
1864 04 26 08 00  45.94   -0.96 1017.3        ROCHEFORT
1864 04 27 08 00  45.94   -0.96 1024.0        ROCHEFORT
1864 04 28 08 00  45.94   -0.96 1021.3        ROCHEFORT
1864 04 29 08 00  45.94   -0.96 1020.0        ROCHEFORT
1864 04 30 08 00  45.94   -0.96 1022.7        ROCHEFORT
1864 04 01 08 00  50.38   -4.14 1008.5         PLYMOUTH
1864 04 02 08 00  50.38   -4.14 1017.9         PLYMOUTH
1864 04 04 08 00  50.38   -4.14 1014.9         PLYMOUTH
1864 04 05 08 00  50.38   -4.14 1021.0         PLYMOUTH
1864 04 06 08 00  50.38   -4.14 1025.1         PLYMOUTH
1864 04 07 08 00  50.38   -4.14 1025.1         PLYMOUTH
1864 04 08 08 00  50.38   -4.14 1027.8         PLYMOUTH
1864 04 09 08 00  50.38   -4.14 1027.1         PLYMOUTH
1864 04 11 08 00  50.38   -4.14 1021.0         PLYMOUTH
1864 04 12 08 00  50.38   -4.14 1020.0         PLYMOUTH
1864 04 13 08 00  50.38   -4.14 1016.6         PLYMOUTH
1864 04 14 08 00  50.38   -4.14 1011.5         PLYMOUTH
1864 04 15 08 00  50.38   -4.14 1006.1         PLYMOUTH
1864 04 16 08 00  50.38   -4.14 1011.9         PLYMOUTH
1864 04 18 08 00  50.38   -4.14 1021.0         PLYMOUTH
1864 04 19 08 00  50.38   -4.14 1014.9         PLYMOUTH
1864 04 20 08 00  50.38   -4.14 1012.5         PLYMOUTH
1864 04 21 08 00  50.38   -4.14 1012.9         PLYMOUTH
1864 04 22 08 00  50.38   -4.14 1018.6         PLYMOUTH
1864 04 23 08 00  50.38   -4.14 1022.4         PLYMOUTH
1864 04 25 08 00  50.38   -4.14 1019.6         PLYMOUTH
1864 04 26 08 00  50.38   -4.14 1018.3         PLYMOUTH
1864 04 27 08 00  50.38   -4.14 1016.6         PLYMOUTH
1864 04 28 08 00  50.38   -4.14 1020.3         PLYMOUTH
1864 04 29 08 00  50.38   -4.14 1023.7         PLYMOUTH
1864 04 30 08 00  50.38   -4.14 1023.7         PLYMOUTH
1864 04 01 08 00  48.39   -4.49 1014.6            BREST
1864 04 02 08 00  48.39   -4.49 1021.3            BREST
1864 04 04 08 00  48.39   -4.49 1018.6            BREST
1864 04 05 08 00  48.39   -4.49 1024.0            BREST
1864 04 06 08 00  48.39   -4.49 1024.0            BREST
1864 04 07 08 00  48.39   -4.49 1024.0            BREST
1864 04 08 08 00  48.39   -4.49 1025.4            BREST
1864 04 09 08 00  48.39   -4.49 1025.4            BREST
1864 04 11 08 00  48.39   -4.49 1021.3            BREST
1864 04 12 08 00  48.39   -4.49 1020.0            BREST
1864 04 13 08 00  48.39   -4.49 1013.2            BREST
1864 04 14 08 00  48.39   -4.49 1007.8            BREST
1864 04 15 08 00  48.39   -4.49 1007.8            BREST
1864 04 16 08 00  48.39   -4.49 1014.6            BREST
1864 04 18 08 00  48.39   -4.49 1022.7            BREST
1864 04 19 08 00  48.39   -4.49 1015.9            BREST
1864 04 20 08 00  48.39   -4.49 1013.2            BREST
1864 04 21 08 00  48.39   -4.49 1011.9            BREST
1864 04 22 08 00  48.39   -4.49 1015.9            BREST
1864 04 23 08 00  48.39   -4.49 1020.0            BREST
1864 04 25 08 00  48.39   -4.49 1017.3            BREST
1864 04 26 08 00  48.39   -4.49 1015.9            BREST
1864 04 27 08 00  48.39   -4.49 1021.3            BREST
1864 04 28 08 00  48.39   -4.49 1018.6            BREST
1864 04 29 08 00  48.39   -4.49 1022.7            BREST
1864 04 30 08 00  48.39   -4.49 1025.4            BREST
1864 04 01 08 00  55.20   -6.99  995.3      GREENCASTLE
1864 04 02 08 00  55.20   -6.99 1010.2      GREENCASTLE
1864 04 04 08 00  55.20   -6.99 1011.2      GREENCASTLE
1864 04 05 08 00  55.20   -6.99 1018.6      GREENCASTLE
1864 04 06 08 00  55.20   -6.99 1021.0      GREENCASTLE
1864 04 07 08 00  55.20   -6.99 1020.3      GREENCASTLE
1864 04 08 08 00  55.20   -6.99 1024.0      GREENCASTLE
1864 04 09 08 00  55.20   -6.99 1026.1      GREENCASTLE
1864 04 11 08 00  55.20   -6.99 1018.6      GREENCASTLE
1864 04 12 08 00  55.20   -6.99 1019.6      GREENCASTLE
1864 04 13 08 00  55.20   -6.99 1016.3      GREENCASTLE
1864 04 14 08 00  55.20   -6.99 1008.8      GREENCASTLE
1864 04 15 08 00  55.20   -6.99 1005.8      GREENCASTLE
1864 04 16 08 00  55.20   -6.99 1009.5      GREENCASTLE
1864 04 18 08 00  55.20   -6.99 1012.5      GREENCASTLE
1864 04 19 08 00  55.20   -6.99 1002.0      GREENCASTLE
1864 04 20 08 00  55.20   -6.99 1004.7      GREENCASTLE
1864 04 21 08 00  55.20   -6.99 1011.9      GREENCASTLE
1864 04 22 08 00  55.20   -6.99 1021.7      GREENCASTLE
1864 04 23 08 00  55.20   -6.99 1024.0      GREENCASTLE
1864 04 25 08 00  55.20   -6.99 1025.1      GREENCASTLE
1864 04 26 08 00  55.20   -6.99 1024.7      GREENCASTLE
1864 04 27 08 00  55.20   -6.99 1026.4      GREENCASTLE
1864 04 28 08 00  55.20   -6.99 1023.0      GREENCASTLE
1864 04 29 08 00  55.20   -6.99 1023.0      GREENCASTLE
1864 04 30 08 00  55.20   -6.99 1022.7      GREENCASTLE
