1861 08 01 08 00  57.20   -2.20 1009.8         ABERDEEN
1861 08 02 08 00  57.20   -2.20 1006.8         ABERDEEN
1861 08 03 08 00  57.20   -2.20  992.9         ABERDEEN
1861 08 05 08 00  57.20   -2.20 1000.0         ABERDEEN
1861 08 06 08 00  57.20   -2.20 1004.1         ABERDEEN
1861 08 07 08 00  57.20   -2.20 1006.4         ABERDEEN
1861 08 08 08 00  57.20   -2.20  991.2         ABERDEEN
1861 08 09 08 00  57.20   -2.20 1002.4         ABERDEEN
1861 08 10 08 00  57.20   -2.20 1011.5         ABERDEEN
1861 08 12 08 00  57.20   -2.20  997.3         ABERDEEN
1861 08 13 08 00  57.20   -2.20 1006.1         ABERDEEN
1861 08 14 08 00  57.20   -2.20 1015.2         ABERDEEN
1861 08 15 08 00  57.20   -2.20  998.3         ABERDEEN
1861 08 16 08 00  57.20   -2.20 1003.0         ABERDEEN
1861 08 17 08 00  57.20   -2.20 1006.1         ABERDEEN
1861 08 19 08 00  57.20   -2.20 1000.3         ABERDEEN
1861 08 20 08 00  57.20   -2.20 1003.4         ABERDEEN
1861 08 21 08 00  57.20   -2.20 1015.6         ABERDEEN
1861 08 22 08 00  57.20   -2.20 1018.3         ABERDEEN
1861 08 23 08 00  57.20   -2.20 1006.8         ABERDEEN
1861 08 24 08 00  57.20   -2.20 1003.7         ABERDEEN
1861 08 26 08 00  57.20   -2.20 1015.6         ABERDEEN
1861 08 27 08 00  57.20   -2.20 1016.6         ABERDEEN
1861 08 28 08 00  57.20   -2.20 1011.9         ABERDEEN
1861 08 29 08 00  57.20   -2.20 1003.4         ABERDEEN
1861 08 30 08 00  57.20   -2.20 1005.1         ABERDEEN
1861 08 31 08 00  57.20   -2.20 1020.0         ABERDEEN
1861 08 01 08 00  53.27   -9.06 1013.2           GALWAY
1861 08 02 08 00  53.27   -9.06 1000.7           GALWAY
1861 08 03 08 00  53.27   -9.06 1009.8           GALWAY
1861 08 05 08 00  53.27   -9.06 1006.1           GALWAY
1861 08 06 08 00  53.27   -9.06 1015.6           GALWAY
1861 08 07 08 00  53.27   -9.06 1006.1           GALWAY
1861 08 08 08 00  53.27   -9.06 1002.4           GALWAY
1861 08 09 08 00  53.27   -9.06 1008.5           GALWAY
1861 08 10 08 00  53.27   -9.06 1016.6           GALWAY
1861 08 12 08 00  53.27   -9.06 1001.4           GALWAY
1861 08 13 08 00  53.27   -9.06 1014.6           GALWAY
1861 08 14 08 00  53.27   -9.06 1009.1           GALWAY
1861 08 15 08 00  53.27   -9.06 1001.7           GALWAY
1861 08 16 08 00  53.27   -9.06 1005.1           GALWAY
1861 08 17 08 00  53.27   -9.06 1010.8           GALWAY
1861 08 19 08 00  53.27   -9.06 1009.5           GALWAY
1861 08 20 08 00  53.27   -9.06 1019.6           GALWAY
1861 08 21 08 00  53.27   -9.06 1024.0           GALWAY
1861 08 22 08 00  53.27   -9.06 1016.3           GALWAY
1861 08 23 08 00  53.27   -9.06 1021.0           GALWAY
1861 08 24 08 00  53.27   -9.06 1026.4           GALWAY
1861 08 26 08 00  53.27   -9.06 1025.7           GALWAY
1861 08 27 08 00  53.27   -9.06 1026.1           GALWAY
1861 08 28 08 00  53.27   -9.06 1012.2           GALWAY
1861 08 29 08 00  53.27   -9.06 1013.2           GALWAY
1861 08 30 08 00  53.27   -9.06 1021.3           GALWAY
1861 08 31 08 00  53.27   -9.06 1023.7           GALWAY
1861 08 01 08 00  50.38   -4.14 1017.3         PLYMOUTH
1861 08 02 08 00  50.38   -4.14 1006.1         PLYMOUTH
1861 08 03 08 00  50.38   -4.14 1013.5         PLYMOUTH
1861 08 05 08 00  50.38   -4.14 1017.3         PLYMOUTH
1861 08 06 08 00  50.38   -4.14 1019.3         PLYMOUTH
1861 08 07 08 00  50.38   -4.14 1016.9         PLYMOUTH
1861 08 08 08 00  50.38   -4.14 1008.5         PLYMOUTH
1861 08 09 08 00  50.38   -4.14 1015.2         PLYMOUTH
1861 08 10 08 00  50.38   -4.14 1019.3         PLYMOUTH
1861 08 12 08 00  50.38   -4.14 1008.8         PLYMOUTH
1861 08 13 08 00  50.38   -4.14 1013.9         PLYMOUTH
1861 08 14 08 00  50.38   -4.14 1016.9         PLYMOUTH
1861 08 15 08 00  50.38   -4.14 1009.1         PLYMOUTH
1861 08 16 08 00  50.38   -4.14 1010.8         PLYMOUTH
1861 08 17 08 00  50.38   -4.14 1016.9         PLYMOUTH
1861 08 19 08 00  50.38   -4.14 1015.2         PLYMOUTH
1861 08 20 08 00  50.38   -4.14 1020.3         PLYMOUTH
1861 08 21 08 00  50.38   -4.14 1024.7         PLYMOUTH
1861 08 22 08 00  50.38   -4.14 1025.7         PLYMOUTH
1861 08 23 08 00  50.38   -4.14 1020.7         PLYMOUTH
1861 08 24 08 00  50.38   -4.14 1027.8         PLYMOUTH
1861 08 26 08 00  50.38   -4.14 1025.1         PLYMOUTH
1861 08 27 08 00  50.38   -4.14 1027.1         PLYMOUTH
1861 08 28 08 00  50.38   -4.14 1016.6         PLYMOUTH
1861 08 29 08 00  50.38   -4.14 1013.5         PLYMOUTH
1861 08 30 08 00  50.38   -4.14 1023.4         PLYMOUTH
1861 08 31 08 00  50.38   -4.14 1026.8         PLYMOUTH
1861 08 30 08 00  48.39   -4.49 1028.8            BREST
1861 08 31 08 00  48.39   -4.49 1026.1            BREST
