1881 02 01 08 00  36.75    3.06 1012.3          ALGIERS
1881 02 02 08 00  36.75    3.06 1015.2          ALGIERS
1881 02 03 08 00  36.75    3.06 1014.9          ALGIERS
1881 02 04 08 00  36.75    3.06 1007.6          ALGIERS
1881 02 05 08 00  36.75    3.06 1013.7          ALGIERS
1881 02 06 08 00  36.75    3.06 1008.0          ALGIERS
1881 02 07 08 00  36.75    3.06 1013.5          ALGIERS
1881 02 08 08 00  36.75    3.06 1018.0          ALGIERS
1881 02 09 08 00  36.75    3.06 1014.5          ALGIERS
1881 02 10 08 00  36.75    3.06 1013.5          ALGIERS
1881 02 11 08 00  36.75    3.06 1007.9          ALGIERS
1881 02 12 08 00  36.75    3.06 1010.5          ALGIERS
1881 02 13 08 00  36.75    3.06 1012.8          ALGIERS
1881 02 14 08 00  36.75    3.06 1011.7          ALGIERS
1881 02 15 08 00  36.75    3.06 1004.0          ALGIERS
1881 02 16 08 00  36.75    3.06 1009.5          ALGIERS
1881 02 17 08 00  36.75    3.06 1006.1          ALGIERS
1881 02 18 08 00  36.75    3.06 1009.1          ALGIERS
1881 02 19 08 00  36.75    3.06 1006.5          ALGIERS
1881 02 20 08 00  36.75    3.06 1004.8          ALGIERS
1881 02 21 08 00  36.75    3.06 1007.5          ALGIERS
1881 02 22 08 00  36.75    3.06 1007.7          ALGIERS
1881 02 23 08 00  36.75    3.06 1005.6          ALGIERS
1881 02 24 08 00  36.75    3.06 1006.9          ALGIERS
1881 02 25 08 00  36.75    3.06 1004.8          ALGIERS
1881 02 26 08 00  36.75    3.06  997.2          ALGIERS
1881 02 27 08 00  36.75    3.06 1001.8          ALGIERS
1881 02 28 08 00  36.75    3.06 1005.1          ALGIERS
1881 02 01 08 00  45.80   24.13 1007.2            SIBIU
1881 02 02 08 00  45.80   24.13 1012.4            SIBIU
1881 02 03 08 00  45.80   24.13 1017.2            SIBIU
1881 02 04 08 00  45.80   24.13 1019.0            SIBIU
1881 02 05 08 00  45.80   24.13 1015.7            SIBIU
1881 02 06 08 00  45.80   24.13 1009.3            SIBIU
1881 02 07 08 00  45.80   24.13 1009.1            SIBIU
1881 02 08 08 00  45.80   24.13 1012.1            SIBIU
1881 02 09 08 00  45.80   24.13  998.0            SIBIU
1881 02 10 08 00  45.80   24.13 1003.6            SIBIU
1881 02 11 08 00  45.80   24.13  995.9            SIBIU
1881 02 12 08 00  45.80   24.13  982.2            SIBIU
1881 02 13 08 00  45.80   24.13  999.9            SIBIU
1881 02 14 08 00  45.80   24.13 1011.6            SIBIU
1881 02 15 08 00  45.80   24.13 1018.5            SIBIU
1881 02 16 08 00  45.80   24.13 1024.8            SIBIU
1881 02 17 08 00  45.80   24.13 1024.8            SIBIU
1881 02 18 08 00  45.80   24.13 1027.3            SIBIU
1881 02 19 08 00  45.80   24.13 1028.5            SIBIU
1881 02 20 08 00  45.80   24.13 1031.9            SIBIU
1881 02 21 08 00  45.80   24.13 1036.1            SIBIU
1881 02 22 08 00  45.80   24.13 1035.0            SIBIU
1881 02 23 08 00  45.80   24.13 1036.1            SIBIU
1881 02 24 08 00  45.80   24.13 1032.9            SIBIU
1881 02 25 08 00  45.80   24.13 1022.0            SIBIU
1881 02 26 08 00  45.80   24.13 1018.0            SIBIU
1881 02 27 08 00  45.80   24.13 1016.0            SIBIU
1881 02 28 08 00  45.80   24.13 1016.3            SIBIU
1881 02 01 08 00  38.72   -9.14 1020.2           LISBON
1881 02 02 08 00  38.72   -9.14 1018.6           LISBON
1881 02 03 08 00  38.72   -9.14 1010.4           LISBON
1881 02 04 08 00  38.72   -9.14 1020.4           LISBON
1881 02 05 08 00  38.72   -9.14 1024.1           LISBON
1881 02 06 08 00  38.72   -9.14 1023.0           LISBON
1881 02 07 08 00  38.72   -9.14 1024.4           LISBON
1881 02 08 08 00  38.72   -9.14 1026.9           LISBON
1881 02 09 08 00  38.72   -9.14 1026.5           LISBON
1881 02 10 08 00  38.72   -9.14 1022.5           LISBON
1881 02 11 08 00  38.72   -9.14 1023.3           LISBON
1881 02 12 08 00  38.72   -9.14 1022.4           LISBON
1881 02 13 08 00  38.72   -9.14 1018.9           LISBON
1881 02 14 08 00  38.72   -9.14 1005.3           LISBON
1881 02 15 08 00  38.72   -9.14 1001.6           LISBON
1881 02 16 08 00  38.72   -9.14 1006.1           LISBON
1881 02 17 08 00  38.72   -9.14 1014.7           LISBON
1881 02 18 08 00  38.72   -9.14 1008.8           LISBON
1881 02 19 08 00  38.72   -9.14 1008.0           LISBON
1881 02 20 08 00  38.72   -9.14 1010.9           LISBON
1881 02 21 08 00  38.72   -9.14 1012.1           LISBON
1881 02 22 08 00  38.72   -9.14 1010.5           LISBON
1881 02 23 08 00  38.72   -9.14 1008.5           LISBON
1881 02 24 08 00  38.72   -9.14 1009.2           LISBON
1881 02 25 08 00  38.72   -9.14 1004.0           LISBON
1881 02 26 08 00  38.72   -9.14 1002.2           LISBON
1881 02 27 08 00  38.72   -9.14 1003.2           LISBON
1881 02 28 08 00  38.72   -9.14 1006.5           LISBON
1881 02 01 08 00  45.94   -0.96 1005.4        ROCHEFORT
1881 02 02 08 00  45.94   -0.96 1017.9        ROCHEFORT
1881 02 03 08 00  45.94   -0.96 1014.9        ROCHEFORT
1881 02 04 08 00  45.94   -0.96 1003.0        ROCHEFORT
1881 02 05 08 00  45.94   -0.96 1010.8        ROCHEFORT
1881 02 06 08 00  45.94   -0.96 1008.8        ROCHEFORT
1881 02 07 08 00  45.94   -0.96 1019.3        ROCHEFORT
1881 02 08 08 00  45.94   -0.96 1016.6        ROCHEFORT
1881 02 09 08 00  45.94   -0.96 1015.2        ROCHEFORT
1881 02 10 08 00  45.94   -0.96 1014.9        ROCHEFORT
1881 02 11 08 00  45.94   -0.96 1003.0        ROCHEFORT
1881 02 12 08 00  45.94   -0.96 1007.1        ROCHEFORT
1881 02 13 08 00  45.94   -0.96 1017.3        ROCHEFORT
1881 02 14 08 00  45.94   -0.96 1016.3        ROCHEFORT
1881 02 15 08 00  45.94   -0.96 1005.4        ROCHEFORT
1881 02 16 08 00  45.94   -0.96 1005.4        ROCHEFORT
1881 02 17 08 00  45.94   -0.96 1009.8        ROCHEFORT
1881 02 18 08 00  45.94   -0.96 1013.5        ROCHEFORT
1881 02 19 08 00  45.94   -0.96 1013.2        ROCHEFORT
1881 02 20 08 00  45.94   -0.96 1013.9        ROCHEFORT
1881 02 21 08 00  45.94   -0.96 1012.9        ROCHEFORT
1881 02 22 08 00  45.94   -0.96 1015.9        ROCHEFORT
1881 02 23 08 00  45.94   -0.96 1014.6        ROCHEFORT
1881 02 24 08 00  45.94   -0.96 1018.6        ROCHEFORT
1881 02 25 08 00  45.94   -0.96 1015.6        ROCHEFORT
1881 02 26 08 00  45.94   -0.96 1012.2        ROCHEFORT
1881 02 27 08 00  45.94   -0.96 1006.8        ROCHEFORT
1881 02 28 08 00  45.94   -0.96 1004.7        ROCHEFORT
1881 02 01 08 00  50.38   -4.14 1009.8         PLYMOUTH
1881 02 02 08 00  50.38   -4.14 1003.7         PLYMOUTH
1881 02 03 08 00  50.38   -4.14 1001.7         PLYMOUTH
1881 02 04 08 00  50.38   -4.14  996.3         PLYMOUTH
1881 02 05 08 00  50.38   -4.14 1000.3         PLYMOUTH
1881 02 06 08 00  50.38   -4.14 1015.9         PLYMOUTH
1881 02 07 08 00  50.38   -4.14 1012.5         PLYMOUTH
1881 02 08 08 00  50.38   -4.14  998.6         PLYMOUTH
1881 02 09 08 00  50.38   -4.14 1010.8         PLYMOUTH
1881 02 10 08 00  50.38   -4.14  984.8         PLYMOUTH
1881 02 11 08 00  50.38   -4.14  986.5         PLYMOUTH
1881 02 12 08 00  50.38   -4.14 1019.0         PLYMOUTH
1881 02 13 08 00  50.38   -4.14 1012.5         PLYMOUTH
1881 02 14 08 00  50.38   -4.14  999.3         PLYMOUTH
1881 02 15 08 00  50.38   -4.14 1004.7         PLYMOUTH
1881 02 16 08 00  50.38   -4.14 1011.9         PLYMOUTH
1881 02 17 08 00  50.38   -4.14 1011.5         PLYMOUTH
1881 02 18 08 00  50.38   -4.14 1013.5         PLYMOUTH
1881 02 19 08 00  50.38   -4.14 1018.3         PLYMOUTH
1881 02 20 08 00  50.38   -4.14 1019.6         PLYMOUTH
1881 02 21 08 00  50.38   -4.14 1023.0         PLYMOUTH
1881 02 22 08 00  50.38   -4.14 1023.0         PLYMOUTH
1881 02 23 08 00  50.38   -4.14 1020.7         PLYMOUTH
1881 02 24 08 00  50.38   -4.14 1024.4         PLYMOUTH
1881 02 25 08 00  50.38   -4.14 1022.0         PLYMOUTH
1881 02 26 08 00  50.38   -4.14 1011.9         PLYMOUTH
1881 02 27 08 00  50.38   -4.14 1008.5         PLYMOUTH
1881 02 28 08 00  50.38   -4.14 1008.1         PLYMOUTH
1881 02 01 08 00  41.90   12.50 1005.3             ROME
1881 02 02 08 00  41.90   12.50 1006.8             ROME
1881 02 03 08 00  41.90   12.50 1013.9             ROME
1881 02 04 08 00  41.90   12.50 1012.4             ROME
1881 02 05 08 00  41.90   12.50 1006.1             ROME
1881 02 06 08 00  41.90   12.50 1000.7             ROME
1881 02 07 08 00  41.90   12.50 1001.9             ROME
1881 02 08 08 00  41.90   12.50 1011.6             ROME
1881 02 09 08 00  41.90   12.50 1001.0             ROME
1881 02 10 08 00  41.90   12.50 1006.9             ROME
1881 02 11 08 00  41.90   12.50  998.8             ROME
1881 02 12 08 00  41.90   12.50  993.4             ROME
1881 02 13 08 00  41.90   12.50 1000.8             ROME
1881 02 14 08 00  41.90   12.50 1012.3             ROME
1881 02 15 08 00  41.90   12.50 1017.1             ROME
1881 02 16 08 00  41.90   12.50 1021.2             ROME
1881 02 17 08 00  41.90   12.50 1018.1             ROME
1881 02 18 08 00  41.90   12.50 1014.3             ROME
1881 02 19 08 00  41.90   12.50 1019.0             ROME
1881 02 20 08 00  41.90   12.50 1020.8             ROME
1881 02 21 08 00  41.90   12.50 1021.4             ROME
1881 02 22 08 00  41.90   12.50 1020.6             ROME
1881 02 23 08 00  41.90   12.50 1020.9             ROME
1881 02 24 08 00  41.90   12.50 1020.8             ROME
1881 02 25 08 00  41.90   12.50 1019.0             ROME
1881 02 26 08 00  41.90   12.50 1011.7             ROME
1881 02 27 08 00  41.90   12.50 1006.9             ROME
1881 02 28 08 00  41.90   12.50 1006.5             ROME
1881 02 01 08 00  48.39   -4.49 1001.0            BREST
1881 02 02 08 00  48.39   -4.49 1013.5            BREST
1881 02 03 08 00  48.39   -4.49 1009.8            BREST
1881 02 04 08 00  48.39   -4.49  996.3            BREST
1881 02 05 08 00  48.39   -4.49 1006.8            BREST
1881 02 06 08 00  48.39   -4.49 1010.2            BREST
1881 02 07 08 00  48.39   -4.49 1021.0            BREST
1881 02 08 08 00  48.39   -4.49 1006.8            BREST
1881 02 09 08 00  48.39   -4.49 1014.9            BREST
1881 02 10 08 00  48.39   -4.49 1009.8            BREST
1881 02 11 08 00  48.39   -4.49  996.3            BREST
1881 02 12 08 00  48.39   -4.49 1012.2            BREST
1881 02 13 08 00  48.39   -4.49 1018.6            BREST
1881 02 14 08 00  48.39   -4.49 1006.8            BREST
1881 02 15 08 00  48.39   -4.49 1000.3            BREST
1881 02 16 08 00  48.39   -4.49 1003.7            BREST
1881 02 17 08 00  48.39   -4.49 1011.2            BREST
1881 02 18 08 00  48.39   -4.49 1010.8            BREST
1881 02 19 08 00  48.39   -4.49 1014.2            BREST
1881 02 20 08 00  48.39   -4.49 1014.6            BREST
1881 02 21 08 00  48.39   -4.49 1017.9            BREST
1881 02 22 08 00  48.39   -4.49 1020.3            BREST
1881 02 23 08 00  48.39   -4.49 1017.9            BREST
1881 02 24 08 00  48.39   -4.49 1017.3            BREST
1881 02 25 08 00  48.39   -4.49 1020.7            BREST
1881 02 26 08 00  48.39   -4.49 1015.6            BREST
1881 02 27 08 00  48.39   -4.49 1011.2            BREST
1881 02 28 08 00  48.39   -4.49 1007.5            BREST
1881 02 01 08 00  31.20   29.91 1006.1       ALEXANDRIA
1881 02 02 08 00  31.20   29.91 1006.3       ALEXANDRIA
1881 02 03 08 00  31.20   29.91 1006.0       ALEXANDRIA
1881 02 04 08 00  31.20   29.91 1007.2       ALEXANDRIA
1881 02 05 08 00  31.20   29.91 1013.6       ALEXANDRIA
1881 02 06 08 00  31.20   29.91 1012.5       ALEXANDRIA
1881 02 07 08 00  31.20   29.91 1006.5       ALEXANDRIA
1881 02 08 08 00  31.20   29.91 1005.6       ALEXANDRIA
1881 02 09 08 00  31.20   29.91 1005.6       ALEXANDRIA
1881 02 10 08 00  31.20   29.91 1003.2       ALEXANDRIA
1881 02 11 08 00  31.20   29.91  999.5       ALEXANDRIA
1881 02 12 08 00  31.20   29.91 1007.1       ALEXANDRIA
1881 02 13 08 00  31.20   29.91 1007.9       ALEXANDRIA
1881 02 14 08 00  31.20   29.91 1004.9       ALEXANDRIA
1881 02 15 08 00  31.20   29.91 1010.5       ALEXANDRIA
1881 02 16 08 00  31.20   29.91 1012.4       ALEXANDRIA
1881 02 17 08 00  31.20   29.91 1016.1       ALEXANDRIA
1881 02 18 08 00  31.20   29.91 1015.3       ALEXANDRIA
1881 02 19 08 00  31.20   29.91 1015.5       ALEXANDRIA
1881 02 20 08 00  31.20   29.91 1009.9       ALEXANDRIA
1881 02 21 08 00  31.20   29.91 1014.4       ALEXANDRIA
1881 02 22 08 00  31.20   29.91 1013.6       ALEXANDRIA
1881 02 23 08 00  31.20   29.91 1016.0       ALEXANDRIA
1881 02 24 08 00  31.20   29.91 1013.6       ALEXANDRIA
1881 02 25 08 00  31.20   29.91 1007.9       ALEXANDRIA
1881 02 26 08 00  31.20   29.91 1014.3       ALEXANDRIA
1881 02 27 08 00  31.20   29.91 1013.1       ALEXANDRIA
1881 02 28 08 00  31.20   29.91 1011.6       ALEXANDRIA
1881 02 01 08 00  34.84    5.75  997.6           BISKRA
1881 02 02 08 00  34.84    5.75 1002.0           BISKRA
1881 02 03 08 00  34.84    5.75 1003.2           BISKRA
1881 02 04 08 00  34.84    5.75  997.6           BISKRA
1881 02 05 08 00  34.84    5.75  997.6           BISKRA
1881 02 06 08 00  34.84    5.75  993.2           BISKRA
1881 02 07 08 00  34.84    5.75  997.0           BISKRA
1881 02 08 08 00  34.84    5.75 1004.2           BISKRA
1881 02 09 08 00  34.84    5.75  999.5           BISKRA
1881 02 10 08 00  34.84    5.75 1001.6           BISKRA
1881 02 11 08 00  34.84    5.75  997.6           BISKRA
1881 02 12 08 00  34.84    5.75  995.9           BISKRA
1881 02 13 08 00  34.84    5.75  998.3           BISKRA
1881 02 14 08 00  34.84    5.75 1001.6           BISKRA
1881 02 15 08 00  34.84    5.75  999.8           BISKRA
1881 02 16 08 00  34.84    5.75  999.4           BISKRA
1881 02 17 08 00  34.84    5.75  991.4           BISKRA
1881 02 18 08 00  34.84    5.75  991.5           BISKRA
1881 02 19 08 00  34.84    5.75  999.5           BISKRA
1881 02 20 08 00  34.84    5.75  993.6           BISKRA
1881 02 21 08 00  34.84    5.75  995.2           BISKRA
1881 02 22 08 00  34.84    5.75  997.8           BISKRA
1881 02 23 08 00  34.84    5.75  996.0           BISKRA
1881 02 24 08 00  34.84    5.75  997.2           BISKRA
1881 02 25 08 00  34.84    5.75  998.2           BISKRA
1881 02 26 08 00  34.84    5.75  989.9           BISKRA
1881 02 27 08 00  34.84    5.75  990.3           BISKRA
1881 02 28 08 00  34.84    5.75  996.0           BISKRA
1881 02 01 08 00  45.76    4.84 1002.8            LYONS
1881 02 02 08 00  45.76    4.84 1015.1            LYONS
1881 02 03 08 00  45.76    4.84 1015.2            LYONS
1881 02 04 08 00  45.76    4.84 1003.6            LYONS
1881 02 05 08 00  45.76    4.84 1006.5            LYONS
1881 02 06 08 00  45.76    4.84 1008.0            LYONS
1881 02 07 08 00  45.76    4.84 1020.0            LYONS
1881 02 08 08 00  45.76    4.84 1011.3            LYONS
1881 02 09 08 00  45.76    4.84 1010.3            LYONS
1881 02 10 08 00  45.76    4.84 1008.4            LYONS
1881 02 11 08 00  45.76    4.84  998.0            LYONS
1881 02 12 08 00  45.76    4.84 1011.5            LYONS
1881 02 13 08 00  45.76    4.84 1017.3            LYONS
1881 02 14 08 00  45.76    4.84 1013.9            LYONS
1881 02 15 08 00  45.76    4.84 1007.5            LYONS
1881 02 16 08 00  45.76    4.84 1011.5            LYONS
1881 02 17 08 00  45.76    4.84 1013.1            LYONS
1881 02 18 08 00  45.76    4.84 1013.6            LYONS
1881 02 19 08 00  45.76    4.84 1014.7            LYONS
1881 02 20 08 00  45.76    4.84 1015.9            LYONS
1881 02 21 08 00  45.76    4.84 1018.5            LYONS
1881 02 22 08 00  45.76    4.84 1017.8            LYONS
1881 02 23 08 00  45.76    4.84 1018.1            LYONS
1881 02 24 08 00  45.76    4.84 1019.0            LYONS
1881 02 25 08 00  45.76    4.84 1014.8            LYONS
1881 02 26 08 00  45.76    4.84 1007.7            LYONS
1881 02 27 08 00  45.76    4.84 1003.2            LYONS
1881 02 28 08 00  45.76    4.84 1002.4            LYONS
1881 02 01 08 00  43.12    5.93 1007.5           TOULON
1881 02 02 08 00  43.12    5.93 1009.8           TOULON
1881 02 03 08 00  43.12    5.93 1015.9           TOULON
1881 02 04 08 00  43.12    5.93 1016.3           TOULON
1881 02 05 08 00  43.12    5.93 1008.8           TOULON
1881 02 06 08 00  43.12    5.93 1007.8           TOULON
1881 02 07 08 00  43.12    5.93 1006.8           TOULON
1881 02 08 08 00  43.12    5.93 1017.9           TOULON
1881 02 09 08 00  43.12    5.93 1014.6           TOULON
1881 02 10 08 00  43.12    5.93 1012.5           TOULON
1881 02 11 08 00  43.12    5.93 1010.5           TOULON
1881 02 12 08 00  43.12    5.93 1010.2           TOULON
1881 02 13 08 00  43.12    5.93 1007.5           TOULON
1881 02 14 08 00  43.12    5.93 1013.2           TOULON
1881 02 15 08 00  43.12    5.93 1014.9           TOULON
1881 02 16 08 00  43.12    5.93 1016.6           TOULON
1881 02 17 08 00  43.12    5.93 1017.3           TOULON
1881 02 18 08 00  43.12    5.93 1016.3           TOULON
1881 02 19 08 00  43.12    5.93 1017.3           TOULON
1881 02 20 08 00  43.12    5.93 1024.0           TOULON
1881 02 21 08 00  43.12    5.93 1018.6           TOULON
1881 02 22 08 00  43.12    5.93 1022.0           TOULON
1881 02 23 08 00  43.12    5.93 1021.3           TOULON
1881 02 24 08 00  43.12    5.93 1021.0           TOULON
1881 02 25 08 00  43.12    5.93 1017.9           TOULON
1881 02 26 08 00  43.12    5.93 1014.6           TOULON
1881 02 27 08 00  43.12    5.93 1008.8           TOULON
1881 02 28 08 00  43.12    5.93 1008.1           TOULON
1881 02 01 08 00  58.20   -6.30 1000.0        STORNOWAY
1881 02 02 08 00  58.20   -6.30 1006.4        STORNOWAY
1881 02 03 08 00  58.20   -6.30 1000.0        STORNOWAY
1881 02 04 08 00  58.20   -6.30  986.8        STORNOWAY
1881 02 05 08 00  58.20   -6.30 1000.0        STORNOWAY
1881 02 06 08 00  58.20   -6.30 1013.9        STORNOWAY
1881 02 07 08 00  58.20   -6.30  994.9        STORNOWAY
1881 02 08 08 00  58.20   -6.30  976.0        STORNOWAY
1881 02 09 08 00  58.20   -6.30 1005.4        STORNOWAY
1881 02 10 08 00  58.20   -6.30  971.2        STORNOWAY
1881 02 11 08 00  58.20   -6.30 1000.7        STORNOWAY
1881 02 12 08 00  58.20   -6.30 1010.8        STORNOWAY
1881 02 13 08 00  58.20   -6.30 1002.7        STORNOWAY
1881 02 14 08 00  58.20   -6.30  996.3        STORNOWAY
1881 02 15 08 00  58.20   -6.30 1005.4        STORNOWAY
1881 02 16 08 00  58.20   -6.30 1005.8        STORNOWAY
1881 02 17 08 00  58.20   -6.30 1006.8        STORNOWAY
1881 02 18 08 00  58.20   -6.30 1013.5        STORNOWAY
1881 02 19 08 00  58.20   -6.30 1021.0        STORNOWAY
1881 02 20 08 00  58.20   -6.30 1025.4        STORNOWAY
1881 02 21 08 00  58.20   -6.30 1032.5        STORNOWAY
1881 02 22 08 00  58.20   -6.30 1034.9        STORNOWAY
1881 02 23 08 00  58.20   -6.30 1026.1        STORNOWAY
1881 02 24 08 00  58.20   -6.30 1026.1        STORNOWAY
1881 02 25 08 00  58.20   -6.30 1016.3        STORNOWAY
1881 02 26 08 00  58.20   -6.30 1014.2        STORNOWAY
1881 02 27 08 00  58.20   -6.30 1021.3        STORNOWAY
1881 02 28 08 00  58.20   -6.30 1015.2        STORNOWAY
1881 02 01 08 00  32.67  -16.92 1021.2          FUNCHAL
1881 02 05 08 00  32.67  -16.92 1025.8          FUNCHAL
1881 02 06 08 00  32.67  -16.92 1024.6          FUNCHAL
1881 02 07 08 00  32.67  -16.92 1023.3          FUNCHAL
1881 02 08 08 00  32.67  -16.92 1022.8          FUNCHAL
1881 02 10 08 00  32.67  -16.92 1021.0          FUNCHAL
1881 02 11 08 00  32.67  -16.92 1021.4          FUNCHAL
1881 02 12 08 00  32.67  -16.92 1019.8          FUNCHAL
1881 02 13 08 00  32.67  -16.92 1017.2          FUNCHAL
1881 02 14 08 00  32.67  -16.92 1014.9          FUNCHAL
1881 02 16 08 00  32.67  -16.92 1016.8          FUNCHAL
1881 02 17 08 00  32.67  -16.92 1016.8          FUNCHAL
1881 02 18 08 00  32.67  -16.92 1014.5          FUNCHAL
1881 02 19 08 00  32.67  -16.92 1017.2          FUNCHAL
1881 02 20 08 00  32.67  -16.92 1016.9          FUNCHAL
1881 02 21 08 00  32.67  -16.92 1004.2          FUNCHAL
1881 02 22 08 00  32.67  -16.92 1010.1          FUNCHAL
1881 02 23 08 00  32.67  -16.92 1006.7          FUNCHAL
1881 02 24 08 00  32.67  -16.92 1005.5          FUNCHAL
1881 02 25 08 00  32.67  -16.92 1008.4          FUNCHAL
1881 02 26 08 00  32.67  -16.92 1008.8          FUNCHAL
1881 02 27 08 00  32.67  -16.92 1008.5          FUNCHAL
1881 02 28 08 00  32.67  -16.92 1015.9          FUNCHAL
