1876 06 01 08 00  30.51   47.78 1010.8            BASRA
1876 06 02 08 00  30.51   47.78 1012.1            BASRA
1876 06 03 08 00  30.51   47.78 1010.8            BASRA
1876 06 04 08 00  30.51   47.78 1010.8            BASRA
1876 06 05 08 00  30.51   47.78 1008.1            BASRA
1876 06 06 08 00  30.51   47.78 1008.1            BASRA
1876 06 07 08 00  30.51   47.78 1008.1            BASRA
1876 06 08 08 00  30.51   47.78 1005.5            BASRA
1876 06 09 08 00  30.51   47.78 1005.5            BASRA
1876 06 10 08 00  30.51   47.78 1010.8            BASRA
1876 06 11 08 00  30.51   47.78 1006.8            BASRA
1876 06 12 08 00  30.51   47.78 1005.5            BASRA
1876 06 13 08 00  30.51   47.78 1009.5            BASRA
1876 06 14 08 00  30.51   47.78 1005.5            BASRA
1876 06 15 08 00  30.51   47.78 1004.2            BASRA
1876 06 16 08 00  30.51   47.78 1005.5            BASRA
1876 06 17 08 00  30.51   47.78 1002.8            BASRA
1876 06 18 08 00  30.51   47.78 1006.8            BASRA
1876 06 19 08 00  30.51   47.78 1005.5            BASRA
1876 06 20 08 00  30.51   47.78 1004.2            BASRA
1876 06 21 08 00  30.51   47.78 1004.2            BASRA
1876 06 22 08 00  30.51   47.78 1005.5            BASRA
1876 06 23 08 00  30.51   47.78 1004.2            BASRA
1876 06 24 08 00  30.51   47.78 1004.2            BASRA
1876 06 25 08 00  30.51   47.78 1004.2            BASRA
1876 06 26 08 00  30.51   47.78 1002.8            BASRA
1876 06 27 08 00  30.51   47.78 1002.8            BASRA
1876 06 28 08 00  30.51   47.78 1004.2            BASRA
1876 06 29 08 00  30.51   47.78 1002.8            BASRA
1876 06 30 08 00  30.51   47.78 1002.8            BASRA
1876 06 01 08 00  38.66  -27.23 1017.5            ANGRA
1876 06 02 08 00  38.66  -27.23 1014.8            ANGRA
1876 06 03 08 00  38.66  -27.23 1018.8            ANGRA
1876 06 04 08 00  38.66  -27.23 1020.1            ANGRA
1876 06 05 08 00  38.66  -27.23 1021.4            ANGRA
1876 06 06 08 00  38.66  -27.23 1025.4            ANGRA
1876 06 07 08 00  38.66  -27.23 1024.1            ANGRA
1876 06 08 08 00  38.66  -27.23 1021.4            ANGRA
1876 06 09 08 00  38.66  -27.23 1021.4            ANGRA
1876 06 10 08 00  38.66  -27.23 1021.4            ANGRA
1876 06 11 08 00  38.66  -27.23 1022.8            ANGRA
1876 06 12 08 00  38.66  -27.23 1022.8            ANGRA
1876 06 13 08 00  38.66  -27.23 1021.4            ANGRA
1876 06 14 08 00  38.66  -27.23 1021.4            ANGRA
1876 06 15 08 00  38.66  -27.23 1022.8            ANGRA
1876 06 16 08 00  38.66  -27.23 1021.4            ANGRA
1876 06 17 08 00  38.66  -27.23 1018.8            ANGRA
1876 06 18 08 00  38.66  -27.23 1016.1            ANGRA
1876 06 19 08 00  38.66  -27.23 1008.1            ANGRA
1876 06 20 08 00  38.66  -27.23 1006.8            ANGRA
1876 06 21 08 00  38.66  -27.23 1013.5            ANGRA
1876 06 22 08 00  38.66  -27.23 1010.8            ANGRA
1876 06 23 08 00  38.66  -27.23 1012.1            ANGRA
1876 06 24 08 00  38.66  -27.23 1018.8            ANGRA
1876 06 25 08 00  38.66  -27.23 1020.1            ANGRA
1876 06 26 08 00  38.66  -27.23 1021.4            ANGRA
1876 06 27 08 00  38.66  -27.23 1024.1            ANGRA
1876 06 28 08 00  38.66  -27.23 1024.1            ANGRA
1876 06 29 08 00  38.66  -27.23 1024.1            ANGRA
1876 06 30 08 00  38.66  -27.23 1020.1            ANGRA
1876 06 01 08 00  38.72   -9.14 1001.5           LISBON
1876 06 02 08 00  38.72   -9.14  998.8           LISBON
1876 06 03 08 00  38.72   -9.14 1002.8           LISBON
1876 06 04 08 00  38.72   -9.14 1006.8           LISBON
1876 06 05 08 00  38.72   -9.14 1008.1           LISBON
1876 06 06 08 00  38.72   -9.14 1006.8           LISBON
1876 06 07 08 00  38.72   -9.14 1005.5           LISBON
1876 06 08 08 00  38.72   -9.14 1004.2           LISBON
1876 06 09 08 00  38.72   -9.14 1001.5           LISBON
1876 06 10 08 00  38.72   -9.14 1002.8           LISBON
1876 06 11 08 00  38.72   -9.14 1004.2           LISBON
1876 06 12 08 00  38.72   -9.14 1008.1           LISBON
1876 06 13 08 00  38.72   -9.14 1008.1           LISBON
1876 06 14 08 00  38.72   -9.14 1009.5           LISBON
1876 06 15 08 00  38.72   -9.14 1012.1           LISBON
1876 06 16 08 00  38.72   -9.14 1010.8           LISBON
1876 06 17 08 00  38.72   -9.14 1008.1           LISBON
1876 06 18 08 00  38.72   -9.14 1002.8           LISBON
1876 06 19 08 00  38.72   -9.14 1001.5           LISBON
1876 06 20 08 00  38.72   -9.14 1002.8           LISBON
1876 06 21 08 00  38.72   -9.14 1005.5           LISBON
1876 06 22 08 00  38.72   -9.14 1008.1           LISBON
1876 06 23 08 00  38.72   -9.14 1005.5           LISBON
1876 06 24 08 00  38.72   -9.14  998.8           LISBON
1876 06 25 08 00  38.72   -9.14 1002.8           LISBON
1876 06 26 08 00  38.72   -9.14 1004.2           LISBON
1876 06 27 08 00  38.72   -9.14 1004.2           LISBON
1876 06 28 08 00  38.72   -9.14 1005.5           LISBON
1876 06 29 08 00  38.72   -9.14 1006.8           LISBON
1876 06 30 08 00  38.72   -9.14 1005.5           LISBON
1876 06 01 08 00  57.20   -2.20 1018.6         ABERDEEN
1876 06 02 08 00  57.20   -2.20 1017.3         ABERDEEN
1876 06 03 08 00  57.20   -2.20 1012.9         ABERDEEN
1876 06 04 08 00  57.20   -2.20  990.9         ABERDEEN
1876 06 05 08 00  57.20   -2.20 1001.7         ABERDEEN
1876 06 06 08 00  57.20   -2.20 1005.1         ABERDEEN
1876 06 07 08 00  57.20   -2.20 1011.5         ABERDEEN
1876 06 08 08 00  57.20   -2.20 1005.1         ABERDEEN
1876 06 09 08 00  57.20   -2.20 1006.1         ABERDEEN
1876 06 10 08 00  57.20   -2.20 1014.9         ABERDEEN
1876 06 11 08 00  57.20   -2.20 1021.7         ABERDEEN
1876 06 12 08 00  57.20   -2.20 1013.2         ABERDEEN
1876 06 13 08 00  57.20   -2.20 1013.2         ABERDEEN
1876 06 14 08 00  57.20   -2.20 1012.2         ABERDEEN
1876 06 15 08 00  57.20   -2.20 1008.5         ABERDEEN
1876 06 16 08 00  57.20   -2.20 1005.4         ABERDEEN
1876 06 17 08 00  57.20   -2.20 1004.1         ABERDEEN
1876 06 18 08 00  57.20   -2.20  998.6         ABERDEEN
1876 06 19 08 00  57.20   -2.20 1010.8         ABERDEEN
1876 06 20 08 00  57.20   -2.20 1014.6         ABERDEEN
1876 06 21 08 00  57.20   -2.20 1019.6         ABERDEEN
1876 06 22 08 00  57.20   -2.20 1016.9         ABERDEEN
1876 06 23 08 00  57.20   -2.20 1018.3         ABERDEEN
1876 06 24 08 00  57.20   -2.20 1021.3         ABERDEEN
1876 06 25 08 00  57.20   -2.20 1020.7         ABERDEEN
1876 06 26 08 00  57.20   -2.20 1021.0         ABERDEEN
1876 06 27 08 00  57.20   -2.20 1020.0         ABERDEEN
1876 06 28 08 00  57.20   -2.20 1020.0         ABERDEEN
1876 06 29 08 00  57.20   -2.20 1017.3         ABERDEEN
1876 06 30 08 00  57.20   -2.20 1012.9         ABERDEEN
1876 06 01 08 00  45.94   -0.96 1017.6        ROCHEFORT
1876 06 02 08 00  45.94   -0.96 1015.6        ROCHEFORT
1876 06 03 08 00  45.94   -0.96 1011.2        ROCHEFORT
1876 06 04 08 00  45.94   -0.96 1016.9        ROCHEFORT
1876 06 05 08 00  45.94   -0.96 1021.3        ROCHEFORT
1876 06 06 08 00  45.94   -0.96 1021.7        ROCHEFORT
1876 06 07 08 00  45.94   -0.96 1019.0        ROCHEFORT
1876 06 08 08 00  45.94   -0.96 1017.9        ROCHEFORT
1876 06 09 08 00  45.94   -0.96 1009.8        ROCHEFORT
1876 06 10 08 00  45.94   -0.96 1006.4        ROCHEFORT
1876 06 11 08 00  45.94   -0.96 1017.9        ROCHEFORT
1876 06 12 08 00  45.94   -0.96 1019.3        ROCHEFORT
1876 06 13 08 00  45.94   -0.96 1020.0        ROCHEFORT
1876 06 14 08 00  45.94   -0.96 1019.6        ROCHEFORT
1876 06 15 08 00  45.94   -0.96 1021.7        ROCHEFORT
1876 06 16 08 00  45.94   -0.96 1013.5        ROCHEFORT
1876 06 17 08 00  45.94   -0.96 1021.3        ROCHEFORT
1876 06 18 08 00  45.94   -0.96 1020.3        ROCHEFORT
1876 06 19 08 00  45.94   -0.96 1022.7        ROCHEFORT
1876 06 20 08 00  45.94   -0.96 1014.9        ROCHEFORT
1876 06 21 08 00  45.94   -0.96 1011.5        ROCHEFORT
1876 06 22 08 00  45.94   -0.96 1016.3        ROCHEFORT
1876 06 23 08 00  45.94   -0.96 1016.9        ROCHEFORT
1876 06 24 08 00  45.94   -0.96 1014.9        ROCHEFORT
1876 06 25 08 00  45.94   -0.96 1006.1        ROCHEFORT
1876 06 26 08 00  45.94   -0.96 1003.7        ROCHEFORT
1876 06 27 08 00  45.94   -0.96 1010.5        ROCHEFORT
1876 06 28 08 00  45.94   -0.96 1017.3        ROCHEFORT
1876 06 29 08 00  45.94   -0.96 1016.3        ROCHEFORT
1876 06 30 08 00  45.94   -0.96 1015.2        ROCHEFORT
1876 06 01 08 00  50.38   -4.14 1024.4         PLYMOUTH
1876 06 02 08 00  50.38   -4.14 1022.0         PLYMOUTH
1876 06 03 08 00  50.38   -4.14 1012.5         PLYMOUTH
1876 06 04 08 00  50.38   -4.14 1014.9         PLYMOUTH
1876 06 05 08 00  50.38   -4.14 1011.5         PLYMOUTH
1876 06 06 08 00  50.38   -4.14 1018.6         PLYMOUTH
1876 06 07 08 00  50.38   -4.14 1017.9         PLYMOUTH
1876 06 08 08 00  50.38   -4.14 1012.9         PLYMOUTH
1876 06 09 08 00  50.38   -4.14 1007.1         PLYMOUTH
1876 06 10 08 00  50.38   -4.14 1021.7         PLYMOUTH
1876 06 11 08 00  50.38   -4.14 1023.7         PLYMOUTH
1876 06 12 08 00  50.38   -4.14 1020.0         PLYMOUTH
1876 06 13 08 00  50.38   -4.14 1017.9         PLYMOUTH
1876 06 14 08 00  50.38   -4.14 1019.6         PLYMOUTH
1876 06 15 08 00  50.38   -4.14 1009.5         PLYMOUTH
1876 06 16 08 00  50.38   -4.14 1013.9         PLYMOUTH
1876 06 17 08 00  50.38   -4.14 1009.8         PLYMOUTH
1876 06 18 08 00  50.38   -4.14 1017.9         PLYMOUTH
1876 06 19 08 00  50.38   -4.14 1019.3         PLYMOUTH
1876 06 20 08 00  50.38   -4.14 1013.9         PLYMOUTH
1876 06 21 08 00  50.38   -4.14 1010.5         PLYMOUTH
1876 06 22 08 00  50.38   -4.14 1016.9         PLYMOUTH
1876 06 23 08 00  50.38   -4.14 1015.9         PLYMOUTH
1876 06 24 08 00  50.38   -4.14 1012.9         PLYMOUTH
1876 06 25 08 00  50.38   -4.14 1012.9         PLYMOUTH
1876 06 26 08 00  50.38   -4.14 1015.6         PLYMOUTH
1876 06 27 08 00  50.38   -4.14 1020.7         PLYMOUTH
1876 06 28 08 00  50.38   -4.14 1021.3         PLYMOUTH
1876 06 29 08 00  50.38   -4.14 1018.3         PLYMOUTH
1876 06 30 08 00  50.38   -4.14 1016.9         PLYMOUTH
1876 06 01 08 00  41.90   12.50 1012.1             ROME
1876 06 02 08 00  41.90   12.50 1010.8             ROME
1876 06 03 08 00  41.90   12.50 1012.1             ROME
1876 06 04 08 00  41.90   12.50 1010.8             ROME
1876 06 05 08 00  41.90   12.50 1014.8             ROME
1876 06 06 08 00  41.90   12.50 1014.8             ROME
1876 06 07 08 00  41.90   12.50 1013.5             ROME
1876 06 08 08 00  41.90   12.50 1012.1             ROME
1876 06 09 08 00  41.90   12.50 1009.5             ROME
1876 06 10 08 00  41.90   12.50 1005.5             ROME
1876 06 11 08 00  41.90   12.50 1009.5             ROME
1876 06 12 08 00  41.90   12.50 1009.5             ROME
1876 06 13 08 00  41.90   12.50 1009.5             ROME
1876 06 14 08 00  41.90   12.50 1013.5             ROME
1876 06 15 08 00  41.90   12.50 1016.1             ROME
1876 06 16 08 00  41.90   12.50 1014.8             ROME
1876 06 17 08 00  41.90   12.50 1010.8             ROME
1876 06 18 08 00  41.90   12.50 1012.1             ROME
1876 06 19 08 00  41.90   12.50 1014.8             ROME
1876 06 20 08 00  41.90   12.50 1013.5             ROME
1876 06 21 08 00  41.90   12.50 1012.1             ROME
1876 06 22 08 00  41.90   12.50 1012.1             ROME
1876 06 23 08 00  41.90   12.50 1010.8             ROME
1876 06 24 08 00  41.90   12.50 1010.8             ROME
1876 06 25 08 00  41.90   12.50 1008.1             ROME
1876 06 26 08 00  41.90   12.50 1009.5             ROME
1876 06 27 08 00  41.90   12.50 1013.5             ROME
1876 06 28 08 00  41.90   12.50 1014.8             ROME
1876 06 29 08 00  41.90   12.50 1013.5             ROME
1876 06 30 08 00  41.90   12.50 1012.1             ROME
1876 06 01 08 00  48.39   -4.49 1020.6            BREST
1876 06 02 08 00  48.39   -4.49 1016.9            BREST
1876 06 03 08 00  48.39   -4.49 1012.4            BREST
1876 06 04 08 00  48.39   -4.49 1015.2            BREST
1876 06 05 08 00  48.39   -4.49 1014.7            BREST
1876 06 06 08 00  48.39   -4.49 1017.7            BREST
1876 06 07 08 00  48.39   -4.49 1018.2            BREST
1876 06 08 08 00  48.39   -4.49 1012.1            BREST
1876 06 09 08 00  48.39   -4.49 1006.7            BREST
1876 06 10 08 00  48.39   -4.49 1018.4            BREST
1876 06 11 08 00  48.39   -4.49 1022.5            BREST
1876 06 12 08 00  48.39   -4.49 1020.0            BREST
1876 06 13 08 00  48.39   -4.49 1017.7            BREST
1876 06 14 08 00  48.39   -4.49 1019.4            BREST
1876 06 15 08 00  48.39   -4.49 1010.9            BREST
1876 06 16 08 00  48.39   -4.49 1015.5            BREST
1876 06 17 08 00  48.39   -4.49 1010.9            BREST
1876 06 18 08 00  48.39   -4.49 1017.8            BREST
1876 06 19 08 00  48.39   -4.49 1017.7            BREST
1876 06 20 08 00  48.39   -4.49 1009.9            BREST
1876 06 21 08 00  48.39   -4.49 1010.0            BREST
1876 06 22 08 00  48.39   -4.49 1016.0            BREST
1876 06 23 08 00  48.39   -4.49 1014.5            BREST
1876 06 24 08 00  48.39   -4.49 1010.9            BREST
1876 06 25 08 00  48.39   -4.49 1006.3            BREST
1876 06 26 08 00  48.39   -4.49 1009.9            BREST
1876 06 27 08 00  48.39   -4.49 1017.2            BREST
1876 06 28 08 00  48.39   -4.49 1019.7            BREST
1876 06 29 08 00  48.39   -4.49 1017.3            BREST
1876 06 30 08 00  48.39   -4.49 1016.5            BREST
1876 06 01 08 00  31.20   29.91 1009.9       ALEXANDRIA
1876 06 02 08 00  31.20   29.91 1012.0       ALEXANDRIA
1876 06 03 08 00  31.20   29.91 1013.1       ALEXANDRIA
1876 06 04 08 00  31.20   29.91 1013.1       ALEXANDRIA
1876 06 05 08 00  31.20   29.91 1011.5       ALEXANDRIA
1876 06 06 08 00  31.20   29.91 1009.7       ALEXANDRIA
1876 06 07 08 00  31.20   29.91 1009.1       ALEXANDRIA
1876 06 08 08 00  31.20   29.91 1007.6       ALEXANDRIA
1876 06 09 08 00  31.20   29.91 1010.4       ALEXANDRIA
1876 06 10 08 00  31.20   29.91 1011.1       ALEXANDRIA
1876 06 11 08 00  31.20   29.91 1009.7       ALEXANDRIA
1876 06 12 08 00  31.20   29.91 1008.8       ALEXANDRIA
1876 06 13 08 00  31.20   29.91 1009.6       ALEXANDRIA
1876 06 14 08 00  31.20   29.91 1009.2       ALEXANDRIA
1876 06 15 08 00  31.20   29.91 1010.8       ALEXANDRIA
1876 06 16 08 00  31.20   29.91 1011.1       ALEXANDRIA
1876 06 17 08 00  31.20   29.91 1008.8       ALEXANDRIA
1876 06 18 08 00  31.20   29.91 1010.5       ALEXANDRIA
1876 06 19 08 00  31.20   29.91 1009.9       ALEXANDRIA
1876 06 20 08 00  31.20   29.91 1012.0       ALEXANDRIA
1876 06 21 08 00  31.20   29.91 1012.3       ALEXANDRIA
1876 06 22 08 00  31.20   29.91 1009.3       ALEXANDRIA
1876 06 23 08 00  31.20   29.91 1007.9       ALEXANDRIA
1876 06 24 08 00  31.20   29.91 1009.5       ALEXANDRIA
1876 06 25 08 00  31.20   29.91 1009.5       ALEXANDRIA
1876 06 26 08 00  31.20   29.91 1010.4       ALEXANDRIA
1876 06 27 08 00  31.20   29.91 1010.4       ALEXANDRIA
1876 06 28 08 00  31.20   29.91 1009.2       ALEXANDRIA
1876 06 29 08 00  31.20   29.91 1007.2       ALEXANDRIA
1876 06 30 08 00  31.20   29.91 1008.1       ALEXANDRIA
1876 06 01 08 00  45.76    4.84 1015.9            LYONS
1876 06 02 08 00  45.76    4.84 1009.1            LYONS
1876 06 03 08 00  45.76    4.84 1012.0            LYONS
1876 06 04 08 00  45.76    4.84 1016.5            LYONS
1876 06 05 08 00  45.76    4.84 1021.2            LYONS
1876 06 07 08 00  45.76    4.84 1016.0            LYONS
1876 06 08 08 00  45.76    4.84 1012.0            LYONS
1876 06 09 08 00  45.76    4.84 1004.7            LYONS
1876 06 10 08 00  45.76    4.84 1003.6            LYONS
1876 06 11 08 00  45.76    4.84 1008.3            LYONS
1876 06 12 08 00  45.76    4.84 1018.1            LYONS
1876 06 13 08 00  45.76    4.84 1016.3            LYONS
1876 06 14 08 00  45.76    4.84 1017.2            LYONS
1876 06 15 08 00  45.76    4.84 1016.8            LYONS
1876 06 16 08 00  45.76    4.84 1012.9            LYONS
1876 06 17 08 00  45.76    4.84 1020.9            LYONS
1876 06 18 08 00  45.76    4.84 1020.0            LYONS
1876 06 19 08 00  45.76    4.84 1019.8            LYONS
1876 06 20 08 00  45.76    4.84 1015.9            LYONS
1876 06 22 08 00  45.76    4.84 1014.8            LYONS
1876 06 23 08 00  45.76    4.84 1013.9            LYONS
1876 06 24 08 00  45.76    4.84 1009.1            LYONS
1876 06 25 08 00  45.76    4.84 1004.7            LYONS
1876 06 26 08 00  45.76    4.84 1004.8            LYONS
1876 06 27 08 00  45.76    4.84 1013.6            LYONS
1876 06 28 08 00  45.76    4.84 1017.5            LYONS
1876 06 29 08 00  45.76    4.84 1013.7            LYONS
1876 06 30 08 00  45.76    4.84 1013.9            LYONS
1876 06 01 08 00  43.12    5.93 1018.3           TOULON
1876 06 02 08 00  43.12    5.93 1001.0           TOULON
1876 06 03 08 00  43.12    5.93 1012.9           TOULON
1876 06 04 08 00  43.12    5.93 1016.3           TOULON
1876 06 05 08 00  43.12    5.93 1017.9           TOULON
1876 06 06 08 00  43.12    5.93 1019.3           TOULON
1876 06 07 08 00  43.12    5.93 1017.3           TOULON
1876 06 08 08 00  43.12    5.93 1015.6           TOULON
1876 06 09 08 00  43.12    5.93 1010.5           TOULON
1876 06 10 08 00  43.12    5.93 1006.4           TOULON
1876 06 11 08 00  43.12    5.93 1005.4           TOULON
1876 06 12 08 00  43.12    5.93 1009.1           TOULON
1876 06 13 08 00  43.12    5.93 1009.5           TOULON
1876 06 14 08 00  43.12    5.93 1012.5           TOULON
1876 06 15 08 00  43.12    5.93 1016.9           TOULON
1876 06 16 08 00  43.12    5.93 1016.9           TOULON
1876 06 17 08 00  43.12    5.93 1014.2           TOULON
1876 06 18 08 00  43.12    5.93 1014.6           TOULON
1876 06 19 08 00  43.12    5.93 1018.6           TOULON
1876 06 20 08 00  43.12    5.93 1017.6           TOULON
1876 06 21 08 00  43.12    5.93 1016.9           TOULON
1876 06 22 08 00  43.12    5.93 1015.9           TOULON
1876 06 23 08 00  43.12    5.93 1015.6           TOULON
1876 06 24 08 00  43.12    5.93 1011.9           TOULON
1876 06 25 08 00  43.12    5.93 1008.8           TOULON
1876 06 26 08 00  43.12    5.93 1005.8           TOULON
1876 06 27 08 00  43.12    5.93 1009.8           TOULON
1876 06 28 08 00  43.12    5.93 1015.2           TOULON
1876 06 29 08 00  43.12    5.93 1012.7           TOULON
1876 06 30 08 00  43.12    5.93 1014.9           TOULON
1876 06 01 08 00  33.31   44.36 1013.5          BAGHDAD
1876 06 02 08 00  33.31   44.36 1016.1          BAGHDAD
1876 06 03 08 00  33.31   44.36 1016.1          BAGHDAD
1876 06 04 08 00  33.31   44.36 1013.5          BAGHDAD
1876 06 05 08 00  33.31   44.36 1014.8          BAGHDAD
1876 06 06 08 00  33.31   44.36 1017.5          BAGHDAD
1876 06 07 08 00  33.31   44.36 1014.8          BAGHDAD
1876 06 08 08 00  33.31   44.36 1013.5          BAGHDAD
1876 06 09 08 00  33.31   44.36 1008.1          BAGHDAD
1876 06 10 08 00  33.31   44.36 1010.8          BAGHDAD
1876 06 11 08 00  33.31   44.36 1014.8          BAGHDAD
1876 06 12 08 00  33.31   44.36 1014.8          BAGHDAD
1876 06 13 08 00  33.31   44.36 1013.5          BAGHDAD
1876 06 14 08 00  33.31   44.36 1013.5          BAGHDAD
1876 06 15 08 00  33.31   44.36 1013.5          BAGHDAD
1876 06 16 08 00  33.31   44.36 1012.1          BAGHDAD
1876 06 17 08 00  33.31   44.36 1010.8          BAGHDAD
1876 06 18 08 00  33.31   44.36 1012.1          BAGHDAD
1876 06 19 08 00  33.31   44.36 1013.5          BAGHDAD
1876 06 20 08 00  33.31   44.36 1014.8          BAGHDAD
1876 06 21 08 00  33.31   44.36 1013.5          BAGHDAD
1876 06 22 08 00  33.31   44.36 1013.5          BAGHDAD
1876 06 23 08 00  33.31   44.36 1013.5          BAGHDAD
1876 06 24 08 00  33.31   44.36 1013.5          BAGHDAD
1876 06 25 08 00  33.31   44.36 1010.8          BAGHDAD
1876 06 26 08 00  33.31   44.36 1009.5          BAGHDAD
1876 06 27 08 00  33.31   44.36 1008.1          BAGHDAD
1876 06 28 08 00  33.31   44.36 1008.1          BAGHDAD
1876 06 29 08 00  33.31   44.36 1008.1          BAGHDAD
1876 06 30 08 00  33.31   44.36 1006.8          BAGHDAD
1876 06 01 08 00  58.20   -6.30 1015.9        STORNOWAY
1876 06 02 08 00  58.20   -6.30 1013.5        STORNOWAY
1876 06 03 08 00  58.20   -6.30  998.3        STORNOWAY
1876 06 04 08 00  58.20   -6.30  994.9        STORNOWAY
1876 06 05 08 00  58.20   -6.30  992.2        STORNOWAY
1876 06 06 08 00  58.20   -6.30 1003.4        STORNOWAY
1876 06 07 08 00  58.20   -6.30 1002.7        STORNOWAY
1876 06 08 08 00  58.20   -6.30 1005.1        STORNOWAY
1876 06 09 08 00  58.20   -6.30 1015.9        STORNOWAY
1876 06 10 08 00  58.20   -6.30 1023.0        STORNOWAY
1876 06 11 08 00  58.20   -6.30 1012.2        STORNOWAY
1876 06 12 08 00  58.20   -6.30 1014.9        STORNOWAY
1876 06 13 08 00  58.20   -6.30 1009.1        STORNOWAY
1876 06 14 08 00  58.20   -6.30 1007.8        STORNOWAY
1876 06 15 08 00  58.20   -6.30  996.3        STORNOWAY
1876 06 16 08 00  58.20   -6.30 1001.4        STORNOWAY
1876 06 17 08 00  58.20   -6.30 1000.7        STORNOWAY
1876 06 18 08 00  58.20   -6.30 1004.4        STORNOWAY
1876 06 19 08 00  58.20   -6.30 1004.7        STORNOWAY
1876 06 20 08 00  58.20   -6.30 1011.9        STORNOWAY
1876 06 21 08 00  58.20   -6.30 1014.2        STORNOWAY
1876 06 22 08 00  58.20   -6.30 1015.9        STORNOWAY
1876 06 23 08 00  58.20   -6.30 1019.0        STORNOWAY
1876 06 24 08 00  58.20   -6.30 1021.0        STORNOWAY
1876 06 25 08 00  58.20   -6.30 1024.4        STORNOWAY
1876 06 26 08 00  58.20   -6.30 1023.7        STORNOWAY
1876 06 27 08 00  58.20   -6.30 1022.4        STORNOWAY
1876 06 28 08 00  58.20   -6.30 1020.0        STORNOWAY
1876 06 29 08 00  58.20   -6.30 1016.9        STORNOWAY
1876 06 30 08 00  58.20   -6.30 1009.5        STORNOWAY
1876 06 01 08 00  32.67  -16.92 1013.5          FUNCHAL
1876 06 02 08 00  32.67  -16.92 1012.1          FUNCHAL
1876 06 03 08 00  32.67  -16.92 1016.1          FUNCHAL
1876 06 04 08 00  32.67  -16.92 1018.8          FUNCHAL
1876 06 05 08 00  32.67  -16.92 1020.1          FUNCHAL
1876 06 06 08 00  32.67  -16.92 1012.1          FUNCHAL
1876 06 07 08 00  32.67  -16.92 1017.5          FUNCHAL
1876 06 08 08 00  32.67  -16.92 1016.1          FUNCHAL
1876 06 09 08 00  32.67  -16.92 1016.1          FUNCHAL
1876 06 10 08 00  32.67  -16.92 1014.8          FUNCHAL
1876 06 11 08 00  32.67  -16.92 1016.1          FUNCHAL
1876 06 12 08 00  32.67  -16.92 1017.5          FUNCHAL
1876 06 13 08 00  32.67  -16.92 1018.8          FUNCHAL
1876 06 14 08 00  32.67  -16.92 1020.1          FUNCHAL
1876 06 15 08 00  32.67  -16.92 1022.8          FUNCHAL
1876 06 16 08 00  32.67  -16.92 1022.8          FUNCHAL
1876 06 17 08 00  32.67  -16.92 1020.1          FUNCHAL
1876 06 18 08 00  32.67  -16.92 1016.1          FUNCHAL
1876 06 19 08 00  32.67  -16.92 1014.8          FUNCHAL
1876 06 20 08 00  32.67  -16.92 1014.8          FUNCHAL
1876 06 21 08 00  32.67  -16.92 1016.1          FUNCHAL
1876 06 22 08 00  32.67  -16.92 1017.5          FUNCHAL
1876 06 23 08 00  32.67  -16.92 1017.5          FUNCHAL
1876 06 24 08 00  32.67  -16.92 1016.1          FUNCHAL
1876 06 25 08 00  32.67  -16.92 1016.1          FUNCHAL
1876 06 26 08 00  32.67  -16.92 1016.1          FUNCHAL
1876 06 27 08 00  32.67  -16.92 1018.8          FUNCHAL
1876 06 28 08 00  32.67  -16.92 1020.1          FUNCHAL
1876 06 29 08 00  32.67  -16.92 1018.8          FUNCHAL
1876 06 30 08 00  32.67  -16.92 1017.5          FUNCHAL
1876 06 01 08 00  33.89   35.50 1009.6           BEIRUT
1876 06 02 08 00  33.89   35.50 1013.1           BEIRUT
1876 06 03 08 00  33.89   35.50 1012.9           BEIRUT
1876 06 04 08 00  33.89   35.50 1014.0           BEIRUT
1876 06 05 08 00  33.89   35.50 1012.7           BEIRUT
1876 06 06 08 00  33.89   35.50 1011.1           BEIRUT
1876 06 07 08 00  33.89   35.50 1012.8           BEIRUT
1876 06 08 08 00  33.89   35.50 1009.5           BEIRUT
1876 06 09 08 00  33.89   35.50 1009.1           BEIRUT
1876 06 10 08 00  33.89   35.50 1011.1           BEIRUT
1876 06 11 08 00  33.89   35.50 1011.2           BEIRUT
1876 06 12 08 00  33.89   35.50 1009.6           BEIRUT
1876 06 13 08 00  33.89   35.50 1009.3           BEIRUT
1876 06 14 08 00  33.89   35.50 1010.5           BEIRUT
1876 06 15 08 00  33.89   35.50 1009.5           BEIRUT
1876 06 16 08 00  33.89   35.50 1009.5           BEIRUT
1876 06 17 08 00  33.89   35.50 1008.7           BEIRUT
1876 06 18 08 00  33.89   35.50 1009.5           BEIRUT
1876 06 19 08 00  33.89   35.50 1012.5           BEIRUT
1876 06 20 08 00  33.89   35.50 1011.9           BEIRUT
1876 06 21 08 00  33.89   35.50 1012.7           BEIRUT
1876 06 22 08 00  33.89   35.50 1010.0           BEIRUT
1876 06 23 08 00  33.89   35.50 1008.9           BEIRUT
1876 06 24 08 00  33.89   35.50 1010.1           BEIRUT
1876 06 25 08 00  33.89   35.50 1010.3           BEIRUT
1876 06 26 08 00  33.89   35.50 1010.5           BEIRUT
1876 06 27 08 00  33.89   35.50 1010.7           BEIRUT
1876 06 28 08 00  33.89   35.50 1008.7           BEIRUT
1876 06 29 08 00  33.89   35.50 1004.7           BEIRUT
1876 06 30 08 00  33.89   35.50 1004.7           BEIRUT
