1869 10 01 08 00  50.82   -1.09 1007.5       PORTSMOUTH
1869 10 02 08 00  50.82   -1.09 1006.8       PORTSMOUTH
1869 10 03 08 00  50.82   -1.09 1011.2       PORTSMOUTH
1869 10 04 08 00  50.82   -1.09 1022.0       PORTSMOUTH
1869 10 05 08 00  50.82   -1.09 1022.4       PORTSMOUTH
1869 10 06 08 00  50.82   -1.09 1023.0       PORTSMOUTH
1869 10 07 08 00  50.82   -1.09 1022.7       PORTSMOUTH
1869 10 08 08 00  50.82   -1.09 1020.7       PORTSMOUTH
1869 10 09 08 00  50.82   -1.09 1023.0       PORTSMOUTH
1869 10 10 08 00  50.82   -1.09 1023.0       PORTSMOUTH
1869 10 11 08 00  50.82   -1.09 1022.4       PORTSMOUTH
1869 10 12 08 00  50.82   -1.09 1023.4       PORTSMOUTH
1869 10 13 08 00  50.82   -1.09 1020.0       PORTSMOUTH
1869 10 14 08 00  50.82   -1.09 1024.0       PORTSMOUTH
1869 10 15 08 00  50.82   -1.09 1013.2       PORTSMOUTH
1869 10 16 08 00  50.82   -1.09  999.0       PORTSMOUTH
1869 10 17 08 00  50.82   -1.09 1009.1       PORTSMOUTH
1869 10 18 08 00  50.82   -1.09 1004.1       PORTSMOUTH
1869 10 19 08 00  50.82   -1.09  999.0       PORTSMOUTH
1869 10 20 08 00  50.82   -1.09 1023.0       PORTSMOUTH
1869 10 21 08 00  50.82   -1.09 1022.7       PORTSMOUTH
1869 10 22 08 00  50.82   -1.09 1033.2       PORTSMOUTH
1869 10 23 08 00  50.82   -1.09 1029.5       PORTSMOUTH
1869 10 24 08 00  50.82   -1.09 1023.4       PORTSMOUTH
1869 10 25 08 00  50.82   -1.09 1025.4       PORTSMOUTH
1869 10 26 08 00  50.82   -1.09 1013.9       PORTSMOUTH
1869 10 27 08 00  50.82   -1.09 1011.2       PORTSMOUTH
1869 10 28 08 00  50.82   -1.09 1011.9       PORTSMOUTH
1869 10 29 08 00  50.82   -1.09 1019.3       PORTSMOUTH
1869 10 30 08 00  50.82   -1.09 1013.9       PORTSMOUTH
1869 10 31 08 00  50.82   -1.09 1025.7       PORTSMOUTH
1869 10 14 08 00  30.51   47.78 1011.1            BASRA
1869 10 15 08 00  30.51   47.78 1012.8            BASRA
1869 10 16 08 00  30.51   47.78 1009.5            BASRA
1869 10 17 08 00  30.51   47.78 1009.5            BASRA
1869 10 18 08 00  30.51   47.78 1010.0            BASRA
1869 10 19 08 00  30.51   47.78 1013.7            BASRA
1869 10 20 08 00  30.51   47.78 1012.4            BASRA
1869 10 21 08 00  30.51   47.78 1011.9            BASRA
1869 10 22 08 00  30.51   47.78 1010.5            BASRA
1869 10 23 08 00  30.51   47.78 1011.9            BASRA
1869 10 24 08 00  30.51   47.78 1016.1            BASRA
1869 10 25 08 00  30.51   47.78 1015.5            BASRA
1869 10 26 08 00  30.51   47.78 1013.7            BASRA
1869 10 27 08 00  30.51   47.78 1013.5            BASRA
1869 10 01 08 00  57.59   -3.87 1008.1            NAIRN
1869 10 01 14 00  57.59   -3.87 1007.5            NAIRN
1869 10 02 08 00  57.59   -3.87 1009.5            NAIRN
1869 10 02 14 00  57.59   -3.87 1009.5            NAIRN
1869 10 03 08 00  57.59   -3.87 1015.9            NAIRN
1869 10 04 08 00  57.59   -3.87 1021.3            NAIRN
1869 10 04 14 00  57.59   -3.87 1020.7            NAIRN
1869 10 05 08 00  57.59   -3.87 1020.7            NAIRN
1869 10 05 14 00  57.59   -3.87 1020.7            NAIRN
1869 10 06 08 00  57.59   -3.87 1022.4            NAIRN
1869 10 06 14 00  57.59   -3.87 1021.7            NAIRN
1869 10 07 08 00  57.59   -3.87 1020.3            NAIRN
1869 10 07 14 00  57.59   -3.87 1017.9            NAIRN
1869 10 08 08 00  57.59   -3.87 1013.2            NAIRN
1869 10 08 14 00  57.59   -3.87 1014.6            NAIRN
1869 10 09 08 00  57.59   -3.87 1019.6            NAIRN
1869 10 09 14 00  57.59   -3.87 1020.3            NAIRN
1869 10 10 08 00  57.59   -3.87 1016.6            NAIRN
1869 10 11 08 00  57.59   -3.87 1012.5            NAIRN
1869 10 11 14 00  57.59   -3.87 1013.5            NAIRN
1869 10 12 08 00  57.59   -3.87 1007.8            NAIRN
1869 10 12 14 00  57.59   -3.87 1006.4            NAIRN
1869 10 13 08 00  57.59   -3.87 1007.1            NAIRN
1869 10 13 14 00  57.59   -3.87 1008.1            NAIRN
1869 10 14 08 00  57.59   -3.87 1014.6            NAIRN
1869 10 14 14 00  57.59   -3.87 1012.9            NAIRN
1869 10 15 08 00  57.59   -3.87 1002.0            NAIRN
1869 10 15 14 00  57.59   -3.87  995.9            NAIRN
1869 10 16 08 00  57.59   -3.87  990.2            NAIRN
1869 10 16 14 00  57.59   -3.87  993.6            NAIRN
1869 10 17 08 00  57.59   -3.87 1004.7            NAIRN
1869 10 18 08 00  57.59   -3.87  995.9            NAIRN
1869 10 18 14 00  57.59   -3.87 1001.7            NAIRN
1869 10 19 08 00  57.59   -3.87 1012.2            NAIRN
1869 10 19 14 00  57.59   -3.87 1015.9            NAIRN
1869 10 20 08 00  57.59   -3.87 1010.8            NAIRN
1869 10 20 14 00  57.59   -3.87 1010.5            NAIRN
1869 10 21 08 00  57.59   -3.87 1024.4            NAIRN
1869 10 21 14 00  57.59   -3.87 1027.1            NAIRN
1869 10 22 08 00  57.59   -3.87 1028.1            NAIRN
1869 10 22 14 00  57.59   -3.87 1025.1            NAIRN
1869 10 23 08 00  57.59   -3.87 1016.6            NAIRN
1869 10 23 14 00  57.59   -3.87 1014.6            NAIRN
1869 10 24 08 00  57.59   -3.87 1021.0            NAIRN
1869 10 25 08 00  57.59   -3.87 1019.3            NAIRN
1869 10 25 14 00  57.59   -3.87 1010.2            NAIRN
1869 10 26 08 00  57.59   -3.87 1015.9            NAIRN
1869 10 26 14 00  57.59   -3.87 1017.3            NAIRN
1869 10 27 08 00  57.59   -3.87 1011.5            NAIRN
1869 10 27 14 00  57.59   -3.87 1014.6            NAIRN
1869 10 28 08 00  57.59   -3.87 1015.9            NAIRN
1869 10 28 14 00  57.59   -3.87 1019.0            NAIRN
1869 10 29 08 00  57.59   -3.87 1025.4            NAIRN
1869 10 29 14 00  57.59   -3.87 1023.0            NAIRN
1869 10 30 08 00  57.59   -3.87 1020.0            NAIRN
1869 10 30 14 00  57.59   -3.87 1020.3            NAIRN
1869 10 31 08 00  57.59   -3.87 1019.0            NAIRN
1869 10 03 08 00  38.72   -9.14 1025.7           LISBON
1869 10 04 08 00  38.72   -9.14 1022.0           LISBON
1869 10 05 08 00  38.72   -9.14 1013.6           LISBON
1869 10 06 08 00  38.72   -9.14 1012.4           LISBON
1869 10 07 08 00  38.72   -9.14 1014.7           LISBON
1869 10 09 08 00  38.72   -9.14 1023.8           LISBON
1869 10 12 08 00  38.72   -9.14 1024.4           LISBON
1869 10 13 08 00  38.72   -9.14 1023.8           LISBON
1869 10 16 08 00  38.72   -9.14 1016.7           LISBON
1869 10 17 08 00  38.72   -9.14 1016.7           LISBON
1869 10 18 08 00  38.72   -9.14 1007.2           LISBON
1869 10 19 08 00  38.72   -9.14 1025.7           LISBON
1869 10 20 08 00  38.72   -9.14 1025.7           LISBON
1869 10 21 08 00  38.72   -9.14 1026.8           LISBON
1869 10 23 08 00  38.72   -9.14 1019.8           LISBON
1869 10 24 08 00  38.72   -9.14 1021.0           LISBON
1869 10 25 08 00  38.72   -9.14 1019.6           LISBON
1869 10 26 08 00  38.72   -9.14 1016.9           LISBON
1869 10 27 08 00  38.72   -9.14 1016.3           LISBON
1869 10 28 08 00  38.72   -9.14 1019.0           LISBON
1869 10 29 08 00  38.72   -9.14 1020.2           LISBON
1869 10 31 08 00  38.72   -9.14 1015.3           LISBON
1869 10 01 08 00  57.20   -2.20 1007.8         ABERDEEN
1869 10 02 08 00  57.20   -2.20 1011.2         ABERDEEN
1869 10 03 08 00  57.20   -2.20 1016.6         ABERDEEN
1869 10 04 08 00  57.20   -2.20 1021.3         ABERDEEN
1869 10 05 08 00  57.20   -2.20 1021.3         ABERDEEN
1869 10 06 08 00  57.20   -2.20 1023.0         ABERDEEN
1869 10 07 08 00  57.20   -2.20 1022.0         ABERDEEN
1869 10 08 08 00  57.20   -2.20 1014.2         ABERDEEN
1869 10 09 08 00  57.20   -2.20 1020.3         ABERDEEN
1869 10 10 08 00  57.20   -2.20 1017.6         ABERDEEN
1869 10 11 08 00  57.20   -2.20 1014.9         ABERDEEN
1869 10 12 08 00  57.20   -2.20 1011.5         ABERDEEN
1869 10 13 08 00  57.20   -2.20 1008.1         ABERDEEN
1869 10 14 08 00  57.20   -2.20 1013.9         ABERDEEN
1869 10 15 08 00  57.20   -2.20 1002.7         ABERDEEN
1869 10 16 08 00  57.20   -2.20  986.1         ABERDEEN
1869 10 17 08 00  57.20   -2.20 1001.0         ABERDEEN
1869 10 18 08 00  57.20   -2.20  996.6         ABERDEEN
1869 10 19 08 00  57.20   -2.20 1009.1         ABERDEEN
1869 10 20 08 00  57.20   -2.20 1011.2         ABERDEEN
1869 10 21 08 00  57.20   -2.20 1024.4         ABERDEEN
1869 10 22 08 00  57.20   -2.20 1027.8         ABERDEEN
1869 10 23 08 00  57.20   -2.20 1016.9         ABERDEEN
1869 10 24 08 00  57.20   -2.20 1020.3         ABERDEEN
1869 10 25 08 00  57.20   -2.20 1019.3         ABERDEEN
1869 10 26 08 00  57.20   -2.20 1011.2         ABERDEEN
1869 10 27 08 00  57.20   -2.20 1008.1         ABERDEEN
1869 10 28 08 00  57.20   -2.20 1011.9         ABERDEEN
1869 10 29 08 00  57.20   -2.20 1025.1         ABERDEEN
1869 10 30 08 00  57.20   -2.20 1018.6         ABERDEEN
1869 10 31 08 00  57.20   -2.20 1018.6         ABERDEEN
1869 10 01 08 00  51.68   -5.18 1001.7         PEMBROKE
1869 10 02 08 00  51.68   -5.18 1002.4         PEMBROKE
1869 10 03 08 00  51.68   -5.18 1011.9         PEMBROKE
1869 10 04 08 00  51.68   -5.18 1020.7         PEMBROKE
1869 10 05 08 00  51.68   -5.18 1020.0         PEMBROKE
1869 10 06 08 00  51.68   -5.18 1017.9         PEMBROKE
1869 10 07 08 00  51.68   -5.18 1019.0         PEMBROKE
1869 10 08 08 00  51.68   -5.18 1019.6         PEMBROKE
1869 10 09 08 00  51.68   -5.18 1019.3         PEMBROKE
1869 10 10 08 00  51.68   -5.18 1020.0         PEMBROKE
1869 10 11 08 00  51.68   -5.18 1019.6         PEMBROKE
1869 10 12 08 00  51.68   -5.18 1021.0         PEMBROKE
1869 10 13 08 00  51.68   -5.18 1019.0         PEMBROKE
1869 10 14 08 00  51.68   -5.18 1025.1         PEMBROKE
1869 10 15 08 00  51.68   -5.18 1010.8         PEMBROKE
1869 10 16 08 00  51.68   -5.18  993.6         PEMBROKE
1869 10 17 08 00  51.68   -5.18 1010.2         PEMBROKE
1869 10 18 08 00  51.68   -5.18  997.0         PEMBROKE
1869 10 19 08 00  51.68   -5.18 1006.8         PEMBROKE
1869 10 20 08 00  51.68   -5.18 1025.4         PEMBROKE
1869 10 21 08 00  51.68   -5.18 1025.4         PEMBROKE
1869 10 22 08 00  51.68   -5.18 1033.2         PEMBROKE
1869 10 23 08 00  51.68   -5.18 1030.1         PEMBROKE
1869 10 24 08 00  51.68   -5.18 1025.1         PEMBROKE
1869 10 25 08 00  51.68   -5.18 1028.1         PEMBROKE
1869 10 26 08 00  51.68   -5.18 1019.0         PEMBROKE
1869 10 27 08 00  51.68   -5.18 1015.2         PEMBROKE
1869 10 28 08 00  51.68   -5.18 1015.2         PEMBROKE
1869 10 29 08 00  51.68   -5.18 1025.7         PEMBROKE
1869 10 30 08 00  51.68   -5.18 1017.6         PEMBROKE
1869 10 31 08 00  51.68   -5.18 1026.8         PEMBROKE
1869 10 01 08 00  45.94   -0.96 1013.5        ROCHEFORT
1869 10 02 08 00  45.94   -0.96 1013.5        ROCHEFORT
1869 10 03 08 00  45.94   -0.96 1015.2        ROCHEFORT
1869 10 04 08 00  45.94   -0.96 1025.7        ROCHEFORT
1869 10 05 08 00  45.94   -0.96 1020.3        ROCHEFORT
1869 10 06 08 00  45.94   -0.96 1017.9        ROCHEFORT
1869 10 07 08 00  45.94   -0.96 1019.0        ROCHEFORT
1869 10 08 08 00  45.94   -0.96 1022.7        ROCHEFORT
1869 10 09 08 00  45.94   -0.96 1020.0        ROCHEFORT
1869 10 10 08 00  45.94   -0.96 1020.0        ROCHEFORT
1869 10 11 08 00  45.94   -0.96 1022.4        ROCHEFORT
1869 10 12 08 00  45.94   -0.96 1025.4        ROCHEFORT
1869 10 13 08 00  45.94   -0.96 1025.4        ROCHEFORT
1869 10 14 08 00  45.94   -0.96 1025.4        ROCHEFORT
1869 10 15 08 00  45.94   -0.96 1023.0        ROCHEFORT
1869 10 16 08 00  45.94   -0.96 1013.9        ROCHEFORT
1869 10 17 08 00  45.94   -0.96 1009.8        ROCHEFORT
1869 10 18 08 00  45.94   -0.96 1014.2        ROCHEFORT
1869 10 19 08 00  45.94   -0.96 1002.4        ROCHEFORT
1869 10 20 08 00  45.94   -0.96 1022.7        ROCHEFORT
1869 10 21 08 00  45.94   -0.96 1025.4        ROCHEFORT
1869 10 22 08 00  45.94   -0.96 1030.5        ROCHEFORT
1869 10 23 08 00  45.94   -0.96 1031.8        ROCHEFORT
1869 10 24 08 00  45.94   -0.96 1026.4        ROCHEFORT
1869 10 25 08 00  45.94   -0.96 1024.7        ROCHEFORT
1869 10 26 08 00  45.94   -0.96 1021.0        ROCHEFORT
1869 10 27 08 00  45.94   -0.96 1019.6        ROCHEFORT
1869 10 28 08 00  45.94   -0.96 1017.6        ROCHEFORT
1869 10 29 08 00  45.94   -0.96 1019.3        ROCHEFORT
1869 10 30 08 00  45.94   -0.96 1024.7        ROCHEFORT
1869 10 31 08 00  45.94   -0.96 1027.1        ROCHEFORT
1869 10 01 08 00  53.31   -4.63 1003.4         HOLYHEAD
1869 10 02 08 00  53.31   -4.63 1005.1         HOLYHEAD
1869 10 03 08 00  53.31   -4.63 1012.2         HOLYHEAD
1869 10 04 08 00  53.31   -4.63 1021.0         HOLYHEAD
1869 10 05 08 00  53.31   -4.63 1020.3         HOLYHEAD
1869 10 06 08 00  53.31   -4.63 1021.0         HOLYHEAD
1869 10 07 08 00  53.31   -4.63 1020.3         HOLYHEAD
1869 10 08 08 00  53.31   -4.63 1018.6         HOLYHEAD
1869 10 09 08 00  53.31   -4.63 1021.0         HOLYHEAD
1869 10 10 08 00  53.31   -4.63 1020.0         HOLYHEAD
1869 10 11 08 00  53.31   -4.63 1019.0         HOLYHEAD
1869 10 12 08 00  53.31   -4.63 1019.6         HOLYHEAD
1869 10 13 08 00  53.31   -4.63 1017.6         HOLYHEAD
1869 10 14 08 00  53.31   -4.63 1023.4         HOLYHEAD
1869 10 15 08 00  53.31   -4.63 1008.1         HOLYHEAD
1869 10 16 08 00  53.31   -4.63  991.2         HOLYHEAD
1869 10 17 08 00  53.31   -4.63 1009.8         HOLYHEAD
1869 10 18 08 00  53.31   -4.63  994.6         HOLYHEAD
1869 10 19 08 00  53.31   -4.63 1007.8         HOLYHEAD
1869 10 20 08 00  53.31   -4.63 1024.0         HOLYHEAD
1869 10 21 08 00  53.31   -4.63 1025.7         HOLYHEAD
1869 10 22 08 00  53.31   -4.63 1033.5         HOLYHEAD
1869 10 23 08 00  53.31   -4.63 1029.1         HOLYHEAD
1869 10 24 08 00  53.31   -4.63 1029.5         HOLYHEAD
1869 10 25 08 00  53.31   -4.63 1026.8         HOLYHEAD
1869 10 26 08 00  53.31   -4.63 1018.3         HOLYHEAD
1869 10 27 08 00  53.31   -4.63 1014.2         HOLYHEAD
1869 10 28 08 00  53.31   -4.63 1014.9         HOLYHEAD
1869 10 29 08 00  53.31   -4.63 1027.1         HOLYHEAD
1869 10 30 08 00  53.31   -4.63 1017.9         HOLYHEAD
1869 10 31 08 00  53.31   -4.63 1026.4         HOLYHEAD
1869 10 01 08 00  51.80   -8.30  999.0      ROCHESPOINT
1869 10 02 08 00  51.80   -8.30 1000.3      ROCHESPOINT
1869 10 03 08 00  51.80   -8.30 1013.2      ROCHESPOINT
1869 10 04 08 00  51.80   -8.30 1019.3      ROCHESPOINT
1869 10 05 08 00  51.80   -8.30 1016.6      ROCHESPOINT
1869 10 06 08 00  51.80   -8.30 1015.6      ROCHESPOINT
1869 10 07 08 00  51.80   -8.30 1017.3      ROCHESPOINT
1869 10 08 08 00  51.80   -8.30 1018.6      ROCHESPOINT
1869 10 09 08 00  51.80   -8.30 1017.9      ROCHESPOINT
1869 10 10 08 00  51.80   -8.30 1017.3      ROCHESPOINT
1869 10 11 08 00  51.80   -8.30 1018.3      ROCHESPOINT
1869 10 12 08 00  51.80   -8.30 1018.3      ROCHESPOINT
1869 10 13 08 00  51.80   -8.30 1020.0      ROCHESPOINT
1869 10 14 08 00  51.80   -8.30 1027.1      ROCHESPOINT
1869 10 15 08 00  51.80   -8.30 1012.9      ROCHESPOINT
1869 10 16 08 00  51.80   -8.30  994.6      ROCHESPOINT
1869 10 17 08 00  51.80   -8.30 1016.3      ROCHESPOINT
1869 10 18 08 00  51.80   -8.30  999.7      ROCHESPOINT
1869 10 19 08 00  51.80   -8.30 1013.9      ROCHESPOINT
1869 10 20 08 00  51.80   -8.30 1028.1      ROCHESPOINT
1869 10 21 08 00  51.80   -8.30 1027.4      ROCHESPOINT
1869 10 22 08 00  51.80   -8.30 1034.2      ROCHESPOINT
1869 10 23 08 00  51.80   -8.30 1031.8      ROCHESPOINT
1869 10 24 08 00  51.80   -8.30 1028.4      ROCHESPOINT
1869 10 25 08 00  51.80   -8.30 1029.8      ROCHESPOINT
1869 10 26 08 00  51.80   -8.30 1024.4      ROCHESPOINT
1869 10 27 08 00  51.80   -8.30 1020.0      ROCHESPOINT
1869 10 28 08 00  51.80   -8.30 1020.3      ROCHESPOINT
1869 10 29 08 00  51.80   -8.30 1029.5      ROCHESPOINT
1869 10 30 08 00  51.80   -8.30 1021.7      ROCHESPOINT
1869 10 31 08 00  51.80   -8.30 1027.4      ROCHESPOINT
1869 10 01 08 00  50.38   -4.14 1004.7         PLYMOUTH
1869 10 02 08 00  50.38   -4.14 1003.4         PLYMOUTH
1869 10 03 08 00  50.38   -4.14 1013.5         PLYMOUTH
1869 10 04 08 00  50.38   -4.14 1023.4         PLYMOUTH
1869 10 05 08 00  50.38   -4.14 1022.0         PLYMOUTH
1869 10 06 08 00  50.38   -4.14 1020.0         PLYMOUTH
1869 10 07 08 00  50.38   -4.14 1021.3         PLYMOUTH
1869 10 08 08 00  50.38   -4.14 1021.7         PLYMOUTH
1869 10 09 08 00  50.38   -4.14 1020.3         PLYMOUTH
1869 10 10 08 00  50.38   -4.14 1021.3         PLYMOUTH
1869 10 11 08 00  50.38   -4.14 1022.0         PLYMOUTH
1869 10 12 08 00  50.38   -4.14 1024.0         PLYMOUTH
1869 10 13 08 00  50.38   -4.14 1021.3         PLYMOUTH
1869 10 14 08 00  50.38   -4.14 1027.1         PLYMOUTH
1869 10 15 08 00  50.38   -4.14 1015.6         PLYMOUTH
1869 10 16 08 00  50.38   -4.14  999.0         PLYMOUTH
1869 10 17 08 00  50.38   -4.14 1010.8         PLYMOUTH
1869 10 18 08 00  50.38   -4.14 1003.0         PLYMOUTH
1869 10 19 08 00  50.38   -4.14 1004.1         PLYMOUTH
1869 10 20 08 00  50.38   -4.14 1026.4         PLYMOUTH
1869 10 21 08 00  50.38   -4.14 1026.1         PLYMOUTH
1869 10 22 08 00  50.38   -4.14 1033.9         PLYMOUTH
1869 10 23 08 00  50.38   -4.14 1031.5         PLYMOUTH
1869 10 24 08 00  50.38   -4.14 1025.7         PLYMOUTH
1869 10 25 08 00  50.38   -4.14 1027.4         PLYMOUTH
1869 10 26 08 00  50.38   -4.14 1019.0         PLYMOUTH
1869 10 27 08 00  50.38   -4.14 1014.9         PLYMOUTH
1869 10 28 08 00  50.38   -4.14 1014.2         PLYMOUTH
1869 10 29 08 00  50.38   -4.14 1025.1         PLYMOUTH
1869 10 30 08 00  50.38   -4.14 1016.9         PLYMOUTH
1869 10 31 08 00  50.38   -4.14 1027.1         PLYMOUTH
1869 10 01 08 00  41.90   12.50 1018.2             ROME
1869 10 02 08 00  41.90   12.50 1020.1             ROME
1869 10 03 08 00  41.90   12.50 1018.1             ROME
1869 10 04 08 00  41.90   12.50 1017.8             ROME
1869 10 05 08 00  41.90   12.50 1016.8             ROME
1869 10 06 08 00  41.90   12.50 1015.3             ROME
1869 10 07 08 00  41.90   12.50 1020.4             ROME
1869 10 08 08 00  41.90   12.50 1021.4             ROME
1869 10 09 08 00  41.90   12.50 1020.9             ROME
1869 10 10 08 00  41.90   12.50 1022.1             ROME
1869 10 11 08 00  41.90   12.50 1027.8             ROME
1869 10 12 08 00  41.90   12.50 1026.6             ROME
1869 10 13 08 00  41.90   12.50 1026.9             ROME
1869 10 14 08 00  41.90   12.50 1022.2             ROME
1869 10 15 08 00  41.90   12.50 1016.8             ROME
1869 10 16 08 00  41.90   12.50 1017.8             ROME
1869 10 17 08 00  41.90   12.50 1016.8             ROME
1869 10 18 08 00  41.90   12.50 1008.4             ROME
1869 10 19 08 00  41.90   12.50 1006.3             ROME
1869 10 20 08 00  41.90   12.50 1005.3             ROME
1869 10 21 08 00  41.90   12.50 1005.3             ROME
1869 10 22 08 00  41.90   12.50 1005.6             ROME
1869 10 23 08 00  41.90   12.50 1010.0             ROME
1869 10 24 08 00  41.90   12.50 1015.5             ROME
1869 10 25 08 00  41.90   12.50 1009.6             ROME
1869 10 26 08 00  41.90   12.50 1012.1             ROME
1869 10 27 08 00  41.90   12.50 1004.2             ROME
1869 10 28 08 00  41.90   12.50 1005.5             ROME
1869 10 29 08 00  41.90   12.50 1011.9             ROME
1869 10 30 08 00  41.90   12.50 1012.7             ROME
1869 10 31 08 00  41.90   12.50 1018.0             ROME
1869 10 01 08 00  48.39   -4.49 1002.0            BREST
1869 10 02 08 00  48.39   -4.49  997.0            BREST
1869 10 03 08 00  48.39   -4.49 1012.5            BREST
1869 10 04 08 00  48.39   -4.49 1016.6            BREST
1869 10 05 08 00  48.39   -4.49 1016.6            BREST
1869 10 06 08 00  48.39   -4.49 1012.9            BREST
1869 10 07 08 00  48.39   -4.49 1015.2            BREST
1869 10 08 08 00  48.39   -4.49 1017.6            BREST
1869 10 09 08 00  48.39   -4.49 1015.9            BREST
1869 10 10 08 00  48.39   -4.49 1017.3            BREST
1869 10 11 08 00  48.39   -4.49 1020.0            BREST
1869 10 12 08 00  48.39   -4.49 1022.0            BREST
1869 10 13 08 00  48.39   -4.49 1023.0            BREST
1869 10 14 08 00  48.39   -4.49 1026.1            BREST
1869 10 15 08 00  48.39   -4.49 1016.9            BREST
1869 10 16 08 00  48.39   -4.49 1002.4            BREST
1869 10 17 08 00  48.39   -4.49 1009.5            BREST
1869 10 18 08 00  48.39   -4.49 1008.1            BREST
1869 10 19 08 00  48.39   -4.49 1001.7            BREST
1869 10 20 08 00  48.39   -4.49 1024.4            BREST
1869 10 21 08 00  48.39   -4.49 1024.4            BREST
1869 10 22 08 00  48.39   -4.49 1030.8            BREST
1869 10 23 08 00  48.39   -4.49 1030.8            BREST
1869 10 24 08 00  48.39   -4.49 1025.4            BREST
1869 10 25 08 00  48.39   -4.49 1024.0            BREST
1869 10 26 08 00  48.39   -4.49 1017.3            BREST
1869 10 27 08 00  48.39   -4.49 1015.2            BREST
1869 10 28 08 00  48.39   -4.49 1013.9            BREST
1869 10 29 08 00  48.39   -4.49 1020.7            BREST
1869 10 30 08 00  48.39   -4.49 1019.3            BREST
1869 10 31 08 00  48.39   -4.49 1024.4            BREST
1869 10 01 08 00  45.76    4.84 1019.0            LYONS
1869 10 02 08 00  45.76    4.84 1016.9            LYONS
1869 10 03 08 00  45.76    4.84 1019.6            LYONS
1869 10 04 08 00  45.76    4.84 1025.7            LYONS
1869 10 05 08 00  45.76    4.84 1023.7            LYONS
1869 10 06 08 00  45.76    4.84 1024.4            LYONS
1869 10 07 08 00  45.76    4.84 1025.7            LYONS
1869 10 08 08 00  45.76    4.84 1026.4            LYONS
1869 10 09 08 00  45.76    4.84 1025.1            LYONS
1869 10 10 08 00  45.76    4.84 1025.7            LYONS
1869 10 11 08 00  45.76    4.84 1026.4            LYONS
1869 10 12 08 00  45.76    4.84 1027.8            LYONS
1869 10 13 08 00  45.76    4.84 1029.1            LYONS
1869 10 14 08 00  45.76    4.84 1023.7            LYONS
1869 10 15 08 00  45.76    4.84 1025.1            LYONS
1869 10 16 08 00  45.76    4.84 1017.6            LYONS
1869 10 17 08 00  45.76    4.84 1007.5            LYONS
1869 10 18 08 00  45.76    4.84 1016.3            LYONS
1869 10 19 08 00  45.76    4.84 1006.4            LYONS
1869 10 20 08 00  45.76    4.84 1014.9            LYONS
1869 10 21 08 00  45.76    4.84 1021.7            LYONS
1869 10 22 08 00  45.76    4.84 1025.7            LYONS
1869 10 23 08 00  45.76    4.84 1025.1            LYONS
1869 10 24 08 00  45.76    4.84 1025.1            LYONS
1869 10 25 08 00  45.76    4.84 1023.7            LYONS
1869 10 26 08 00  45.76    4.84 1019.6            LYONS
1869 10 27 08 00  45.76    4.84 1016.3            LYONS
1869 10 28 08 00  45.76    4.84 1016.3            LYONS
1869 10 29 08 00  45.76    4.84 1016.3            LYONS
1869 10 30 08 00  45.76    4.84 1023.0            LYONS
1869 10 31 08 00  45.76    4.84 1028.4            LYONS
1869 10 01 08 00  54.28   -0.40 1005.4      SCARBOROUGH
1869 10 01 14 00  54.28   -0.40 1007.5      SCARBOROUGH
1869 10 02 08 00  54.28   -0.40 1009.5      SCARBOROUGH
1869 10 02 14 00  54.28   -0.40 1010.5      SCARBOROUGH
1869 10 03 08 00  54.28   -0.40 1012.9      SCARBOROUGH
1869 10 04 08 00  54.28   -0.40 1021.7      SCARBOROUGH
1869 10 04 14 00  54.28   -0.40 1022.4      SCARBOROUGH
1869 10 05 08 00  54.28   -0.40 1022.7      SCARBOROUGH
1869 10 05 14 00  54.28   -0.40 1022.0      SCARBOROUGH
1869 10 06 08 00  54.28   -0.40 1024.7      SCARBOROUGH
1869 10 06 14 00  54.28   -0.40 1025.1      SCARBOROUGH
1869 10 07 08 00  54.28   -0.40 1025.7      SCARBOROUGH
1869 10 07 14 00  54.28   -0.40 1023.4      SCARBOROUGH
1869 10 08 08 00  54.28   -0.40 1017.9      SCARBOROUGH
1869 10 08 14 00  54.28   -0.40 1017.9      SCARBOROUGH
1869 10 09 08 00  54.28   -0.40 1023.4      SCARBOROUGH
1869 10 09 14 00  54.28   -0.40 1022.7      SCARBOROUGH
1869 10 10 08 00  54.28   -0.40 1022.4      SCARBOROUGH
1869 10 11 08 00  54.28   -0.40 1020.0      SCARBOROUGH
1869 10 11 14 00  54.28   -0.40 1019.6      SCARBOROUGH
1869 10 12 08 00  54.28   -0.40 1019.3      SCARBOROUGH
1869 10 12 14 00  54.28   -0.40 1017.9      SCARBOROUGH
1869 10 13 08 00  54.28   -0.40 1012.5      SCARBOROUGH
1869 10 13 14 00  54.28   -0.40 1014.9      SCARBOROUGH
1869 10 14 08 00  54.28   -0.40 1018.3      SCARBOROUGH
1869 10 14 14 00  54.28   -0.40 1016.9      SCARBOROUGH
1869 10 15 08 00  54.28   -0.40 1004.4      SCARBOROUGH
1869 10 15 14 00  54.28   -0.40 1001.4      SCARBOROUGH
1869 10 16 08 00  54.28   -0.40  990.9      SCARBOROUGH
1869 10 16 14 00  54.28   -0.40  988.1      SCARBOROUGH
1869 10 17 08 00  54.28   -0.40 1001.0      SCARBOROUGH
1869 10 18 08 00  54.28   -0.40  998.6      SCARBOROUGH
1869 10 18 14 00  54.28   -0.40  994.2      SCARBOROUGH
1869 10 19 08 00  54.28   -0.40  998.3      SCARBOROUGH
1869 10 19 14 00  54.28   -0.40 1004.1      SCARBOROUGH
1869 10 20 08 00  54.28   -0.40 1019.3      SCARBOROUGH
1869 10 20 14 00  54.28   -0.40 1016.9      SCARBOROUGH
1869 10 21 08 00  54.28   -0.40 1022.7      SCARBOROUGH
1869 10 21 14 00  54.28   -0.40 1026.1      SCARBOROUGH
1869 10 22 08 00  54.28   -0.40 1030.8      SCARBOROUGH
1869 10 22 14 00  54.28   -0.40 1030.1      SCARBOROUGH
1869 10 23 08 00  54.28   -0.40 1023.4      SCARBOROUGH
1869 10 23 14 00  54.28   -0.40 1020.3      SCARBOROUGH
1869 10 24 08 00  54.28   -0.40 1021.7      SCARBOROUGH
1869 10 25 08 00  54.28   -0.40 1024.0      SCARBOROUGH
1869 10 25 14 00  54.28   -0.40 1020.0      SCARBOROUGH
1869 10 26 08 00  54.28   -0.40 1009.1      SCARBOROUGH
1869 10 26 14 00  54.28   -0.40 1011.9      SCARBOROUGH
1869 10 27 08 00  54.28   -0.40 1005.8      SCARBOROUGH
1869 10 27 14 00  54.28   -0.40 1006.4      SCARBOROUGH
1869 10 28 08 00  54.28   -0.40 1005.1      SCARBOROUGH
1869 10 28 14 00  54.28   -0.40 1008.1      SCARBOROUGH
1869 10 29 08 00  54.28   -0.40 1023.0      SCARBOROUGH
1869 10 29 14 00  54.28   -0.40 1024.4      SCARBOROUGH
1869 10 30 08 00  54.28   -0.40 1014.2      SCARBOROUGH
1869 10 30 14 00  54.28   -0.40 1019.0      SCARBOROUGH
1869 10 31 08 00  54.28   -0.40 1021.7      SCARBOROUGH
1869 10 01 08 00  53.40   -3.08 1004.1        LIVERPOOL
1869 10 02 08 00  53.40   -3.08 1006.1        LIVERPOOL
1869 10 03 08 00  53.40   -3.08 1011.9        LIVERPOOL
1869 10 04 08 00  53.40   -3.08 1021.0        LIVERPOOL
1869 10 05 08 00  53.40   -3.08 1020.7        LIVERPOOL
1869 10 06 08 00  53.40   -3.08 1023.0        LIVERPOOL
1869 10 07 08 00  53.40   -3.08 1021.7        LIVERPOOL
1869 10 08 08 00  53.40   -3.08 1018.6        LIVERPOOL
1869 10 09 08 00  53.40   -3.08 1022.0        LIVERPOOL
1869 10 10 08 00  53.40   -3.08 1020.3        LIVERPOOL
1869 10 11 08 00  53.40   -3.08 1019.3        LIVERPOOL
1869 10 12 08 00  53.40   -3.08 1020.3        LIVERPOOL
1869 10 13 08 00  53.40   -3.08 1015.2        LIVERPOOL
1869 10 14 08 00  53.40   -3.08 1021.0        LIVERPOOL
1869 10 15 08 00  53.40   -3.08 1007.1        LIVERPOOL
1869 10 16 08 00  53.40   -3.08  991.2        LIVERPOOL
1869 10 17 08 00  53.40   -3.08 1006.4        LIVERPOOL
1869 10 18 08 00  53.40   -3.08  994.6        LIVERPOOL
1869 10 19 08 00  53.40   -3.08 1005.1        LIVERPOOL
1869 10 20 08 00  53.40   -3.08 1022.7        LIVERPOOL
1869 10 21 08 00  53.40   -3.08 1023.7        LIVERPOOL
1869 10 22 08 00  53.40   -3.08 1032.2        LIVERPOOL
1869 10 23 08 00  53.40   -3.08 1026.8        LIVERPOOL
1869 10 24 08 00  53.40   -3.08 1023.4        LIVERPOOL
1869 10 25 08 00  53.40   -3.08 1025.1        LIVERPOOL
1869 10 26 08 00  53.40   -3.08 1014.6        LIVERPOOL
1869 10 27 08 00  53.40   -3.08 1011.5        LIVERPOOL
1869 10 28 08 00  53.40   -3.08 1012.5        LIVERPOOL
1869 10 29 08 00  53.40   -3.08 1025.4        LIVERPOOL
1869 10 30 08 00  53.40   -3.08 1017.3        LIVERPOOL
1869 10 31 08 00  53.40   -3.08 1024.0        LIVERPOOL
1869 10 01 08 00  50.12   -5.54 1002.0         PENZANCE
1869 10 01 14 00  50.12   -5.54 1001.7         PENZANCE
1869 10 02 08 00  50.12   -5.54 1000.7         PENZANCE
1869 10 02 14 00  50.12   -5.54 1002.7         PENZANCE
1869 10 03 08 00  50.12   -5.54 1013.2         PENZANCE
1869 10 04 08 00  50.12   -5.54 1020.7         PENZANCE
1869 10 04 14 00  50.12   -5.54 1021.7         PENZANCE
1869 10 05 08 00  50.12   -5.54 1019.3         PENZANCE
1869 10 05 14 00  50.12   -5.54 1018.6         PENZANCE
1869 10 06 08 00  50.12   -5.54 1016.6         PENZANCE
1869 10 06 14 00  50.12   -5.54 1016.9         PENZANCE
1869 10 07 08 00  50.12   -5.54 1019.0         PENZANCE
1869 10 07 14 00  50.12   -5.54 1018.6         PENZANCE
1869 10 08 08 00  50.12   -5.54 1020.3         PENZANCE
1869 10 08 14 00  50.12   -5.54 1020.0         PENZANCE
1869 10 09 08 00  50.12   -5.54 1018.3         PENZANCE
1869 10 09 14 00  50.12   -5.54 1017.6         PENZANCE
1869 10 10 08 00  50.12   -5.54 1019.3         PENZANCE
1869 10 11 08 00  50.12   -5.54 1020.7         PENZANCE
1869 10 11 14 00  50.12   -5.54 1021.7         PENZANCE
1869 10 12 08 00  50.12   -5.54 1022.7         PENZANCE
1869 10 12 14 00  50.12   -5.54 1023.0         PENZANCE
1869 10 13 08 00  50.12   -5.54 1021.7         PENZANCE
1869 10 13 14 00  50.12   -5.54 1022.7         PENZANCE
1869 10 14 08 00  50.12   -5.54 1027.1         PENZANCE
1869 10 14 14 00  50.12   -5.54 1025.1         PENZANCE
1869 10 15 08 00  50.12   -5.54 1016.6         PENZANCE
1869 10 15 14 00  50.12   -5.54 1012.2         PENZANCE
1869 10 16 08 00  50.12   -5.54  998.3         PENZANCE
1869 10 16 14 00  50.12   -5.54  997.3         PENZANCE
1869 10 17 08 00  50.12   -5.54 1013.9         PENZANCE
1869 10 18 08 00  50.12   -5.54 1002.7         PENZANCE
1869 10 18 14 00  50.12   -5.54  998.0         PENZANCE
1869 10 19 08 00  50.12   -5.54 1006.4         PENZANCE
1869 10 19 14 00  50.12   -5.54 1012.5         PENZANCE
1869 10 20 08 00  50.12   -5.54 1027.1         PENZANCE
1869 10 20 14 00  50.12   -5.54 1028.4         PENZANCE
1869 10 21 08 00  50.12   -5.54 1025.7         PENZANCE
1869 10 21 14 00  50.12   -5.54 1027.8         PENZANCE
1869 10 22 08 00  50.12   -5.54 1033.2         PENZANCE
1869 10 22 14 00  50.12   -5.54 1034.2         PENZANCE
1869 10 23 08 00  50.12   -5.54 1031.8         PENZANCE
1869 10 23 14 00  50.12   -5.54 1030.1         PENZANCE
1869 10 24 08 00  50.12   -5.54 1026.1         PENZANCE
1869 10 25 08 00  50.12   -5.54 1026.4         PENZANCE
1869 10 25 14 00  50.12   -5.54 1027.1         PENZANCE
1869 10 26 08 00  50.12   -5.54 1019.6         PENZANCE
1869 10 26 14 00  50.12   -5.54 1021.3         PENZANCE
1869 10 27 08 00  50.12   -5.54 1015.9         PENZANCE
1869 10 27 14 00  50.12   -5.54 1017.3         PENZANCE
1869 10 28 08 00  50.12   -5.54 1015.9         PENZANCE
1869 10 28 14 00  50.12   -5.54 1017.6         PENZANCE
1869 10 29 08 00  50.12   -5.54 1025.4         PENZANCE
1869 10 29 14 00  50.12   -5.54 1027.8         PENZANCE
1869 10 30 08 00  50.12   -5.54 1017.9         PENZANCE
1869 10 30 14 00  50.12   -5.54 1017.9         PENZANCE
1869 10 31 08 00  50.12   -5.54 1027.1         PENZANCE
1869 10 01 08 00  43.12    5.93 1021.3           TOULON
1869 10 02 08 00  43.12    5.93 1018.6           TOULON
1869 10 03 08 00  43.12    5.93 1019.6           TOULON
1869 10 04 08 00  43.12    5.93 1020.0           TOULON
1869 10 05 08 00  43.12    5.93 1019.0           TOULON
1869 10 06 08 00  43.12    5.93 1018.6           TOULON
1869 10 07 08 00  43.12    5.93 1022.7           TOULON
1869 10 08 08 00  43.12    5.93 1024.0           TOULON
1869 10 09 08 00  43.12    5.93 1020.0           TOULON
1869 10 10 08 00  43.12    5.93 1025.4           TOULON
1869 10 11 08 00  43.12    5.93 1028.1           TOULON
1869 10 12 08 00  43.12    5.93 1027.8           TOULON
1869 10 13 08 00  43.12    5.93 1028.1           TOULON
1869 10 14 08 00  43.12    5.93 1021.0           TOULON
1869 10 15 08 00  43.12    5.93 1016.6           TOULON
1869 10 16 08 00  43.12    5.93 1017.3           TOULON
1869 10 17 08 00  43.12    5.93 1009.1           TOULON
1869 10 18 08 00  43.12    5.93 1005.5           TOULON
1869 10 19 08 00  43.12    5.93 1002.8           TOULON
1869 10 20 08 00  43.12    5.93 1002.8           TOULON
1869 10 21 08 00  43.12    5.93 1004.2           TOULON
1869 10 22 08 00  43.12    5.93 1012.2           TOULON
1869 10 23 08 00  43.12    5.93 1019.0           TOULON
1869 10 24 08 00  43.12    5.93 1017.6           TOULON
1869 10 25 08 00  43.12    5.93 1015.2           TOULON
1869 10 26 08 00  43.12    5.93 1014.9           TOULON
1869 10 27 08 00  43.12    5.93 1009.5           TOULON
1869 10 28 08 00  43.12    5.93 1010.2           TOULON
1869 10 29 08 00  43.12    5.93 1012.5           TOULON
1869 10 30 08 00  43.12    5.93 1017.6           TOULON
1869 10 31 08 00  43.12    5.93 1021.7           TOULON
1869 10 01 08 00  33.31   44.36 1005.5          BAGHDAD
1869 10 02 08 00  33.31   44.36 1005.5          BAGHDAD
1869 10 03 08 00  33.31   44.36 1005.5          BAGHDAD
1869 10 04 08 00  33.31   44.36 1005.5          BAGHDAD
1869 10 05 08 00  33.31   44.36 1004.2          BAGHDAD
1869 10 06 08 00  33.31   44.36 1001.5          BAGHDAD
1869 10 07 08 00  33.31   44.36 1006.8          BAGHDAD
1869 10 08 08 00  33.31   44.36 1006.8          BAGHDAD
1869 10 11 08 00  33.31   44.36 1008.4          BAGHDAD
1869 10 12 08 00  33.31   44.36 1008.1          BAGHDAD
1869 10 13 08 00  33.31   44.36 1007.1          BAGHDAD
1869 10 14 08 00  33.31   44.36 1006.9          BAGHDAD
1869 10 15 08 00  33.31   44.36 1009.3          BAGHDAD
1869 10 16 08 00  33.31   44.36 1008.1          BAGHDAD
1869 10 17 08 00  33.31   44.36 1006.8          BAGHDAD
1869 10 18 08 00  33.31   44.36 1006.8          BAGHDAD
1869 10 19 08 00  33.31   44.36 1006.8          BAGHDAD
1869 10 20 08 00  33.31   44.36 1010.8          BAGHDAD
1869 10 21 08 00  33.31   44.36 1007.5          BAGHDAD
1869 10 22 08 00  33.31   44.36 1006.8          BAGHDAD
1869 10 23 08 00  33.31   44.36 1005.9          BAGHDAD
1869 10 24 08 00  33.31   44.36 1010.8          BAGHDAD
1869 10 25 08 00  33.31   44.36 1012.1          BAGHDAD
1869 10 26 08 00  33.31   44.36 1012.1          BAGHDAD
1869 10 27 08 00  33.31   44.36 1010.8          BAGHDAD
1869 10 28 08 00  33.31   44.36 1010.8          BAGHDAD
1869 10 29 08 00  33.31   44.36 1012.4          BAGHDAD
1869 10 30 08 00  33.31   44.36 1010.1          BAGHDAD
1869 10 31 08 00  33.31   44.36  998.8          BAGHDAD
1869 10 01 08 00  37.93   40.21 1017.5       DIYARBAKIR
1869 10 02 08 00  37.93   40.21 1016.1       DIYARBAKIR
1869 10 03 08 00  37.93   40.21 1017.7       DIYARBAKIR
1869 10 04 08 00  37.93   40.21 1018.5       DIYARBAKIR
1869 10 05 08 00  37.93   40.21 1016.8       DIYARBAKIR
1869 10 06 08 00  37.93   40.21 1012.1       DIYARBAKIR
1869 10 07 08 00  37.93   40.21 1013.7       DIYARBAKIR
1869 10 08 08 00  37.93   40.21 1016.0       DIYARBAKIR
1869 10 09 08 00  37.93   40.21 1016.4       DIYARBAKIR
1869 10 10 08 00  37.93   40.21 1016.9       DIYARBAKIR
1869 10 11 08 00  37.93   40.21 1019.6       DIYARBAKIR
1869 10 12 08 00  37.93   40.21 1019.0       DIYARBAKIR
1869 10 13 08 00  37.93   40.21 1018.4       DIYARBAKIR
1869 10 14 08 00  37.93   40.21 1017.7       DIYARBAKIR
1869 10 15 08 00  37.93   40.21 1010.8       DIYARBAKIR
1869 10 16 08 00  37.93   40.21 1018.8       DIYARBAKIR
1869 10 17 08 00  37.93   40.21 1018.8       DIYARBAKIR
1869 10 19 08 00  37.93   40.21 1017.8       DIYARBAKIR
1869 10 20 08 00  37.93   40.21 1018.8       DIYARBAKIR
1869 10 21 08 00  37.93   40.21 1020.1       DIYARBAKIR
1869 10 22 08 00  37.93   40.21 1018.8       DIYARBAKIR
1869 10 23 08 00  37.93   40.21 1018.0       DIYARBAKIR
1869 10 24 08 00  37.93   40.21 1021.8       DIYARBAKIR
1869 10 25 08 00  37.93   40.21 1022.4       DIYARBAKIR
1869 10 26 08 00  37.93   40.21 1015.3       DIYARBAKIR
1869 10 27 08 00  37.93   40.21 1021.3       DIYARBAKIR
1869 10 28 08 00  37.93   40.21 1024.0       DIYARBAKIR
1869 10 29 08 00  37.93   40.21 1022.8       DIYARBAKIR
1869 10 30 08 00  37.93   40.21 1020.1       DIYARBAKIR
1869 10 31 08 00  37.93   40.21 1018.8       DIYARBAKIR
1869 10 01 08 00  33.89   35.50 1008.5           BEIRUT
1869 10 02 08 00  33.89   35.50 1008.3           BEIRUT
1869 10 03 08 00  33.89   35.50 1010.9           BEIRUT
1869 10 04 08 00  33.89   35.50 1010.9           BEIRUT
1869 10 05 08 00  33.89   35.50 1009.5           BEIRUT
1869 10 06 08 00  33.89   35.50 1008.8           BEIRUT
1869 10 07 08 00  33.89   35.50 1008.4           BEIRUT
1869 10 08 08 00  33.89   35.50 1008.0           BEIRUT
1869 10 09 08 00  33.89   35.50 1011.2           BEIRUT
1869 10 10 08 00  33.89   35.50 1012.9           BEIRUT
1869 10 11 08 00  33.89   35.50 1013.5           BEIRUT
1869 10 12 08 00  33.89   35.50 1012.9           BEIRUT
1869 10 13 08 00  33.89   35.50 1014.1           BEIRUT
1869 10 14 08 00  33.89   35.50 1012.8           BEIRUT
1869 10 15 08 00  33.89   35.50 1012.4           BEIRUT
1869 10 16 08 00  33.89   35.50 1013.9           BEIRUT
1869 10 17 08 00  33.89   35.50 1013.6           BEIRUT
1869 10 18 08 00  33.89   35.50 1010.8           BEIRUT
1869 10 19 08 00  33.89   35.50 1011.7           BEIRUT
1869 10 20 08 00  33.89   35.50 1013.2           BEIRUT
1869 10 21 08 00  33.89   35.50 1011.9           BEIRUT
1869 10 22 08 00  33.89   35.50 1008.0           BEIRUT
1869 10 23 08 00  33.89   35.50 1009.2           BEIRUT
1869 10 24 08 00  33.89   35.50 1011.3           BEIRUT
1869 10 25 08 00  33.89   35.50 1010.7           BEIRUT
1869 10 26 08 00  33.89   35.50 1011.5           BEIRUT
1869 10 27 08 00  33.89   35.50 1011.2           BEIRUT
1869 10 28 08 00  33.89   35.50 1014.5           BEIRUT
1869 10 29 08 00  33.89   35.50 1015.3           BEIRUT
1869 10 30 08 00  33.89   35.50 1015.3           BEIRUT
1869 10 31 08 00  33.89   35.50 1014.5           BEIRUT
1869 10 01 08 00  55.20   -6.99 1002.0      GREENCASTLE
1869 10 01 14 00  55.20   -6.99 1004.4      GREENCASTLE
1869 10 02 08 00  55.20   -6.99 1006.1      GREENCASTLE
1869 10 02 14 00  55.20   -6.99 1006.8      GREENCASTLE
1869 10 03 08 00  55.20   -6.99 1013.5      GREENCASTLE
1869 10 04 08 00  55.20   -6.99 1020.3      GREENCASTLE
1869 10 04 14 00  55.20   -6.99 1019.6      GREENCASTLE
1869 10 05 08 00  55.20   -6.99 1018.3      GREENCASTLE
1869 10 05 14 00  55.20   -6.99 1017.9      GREENCASTLE
1869 10 06 08 00  55.20   -6.99 1019.6      GREENCASTLE
1869 10 06 14 00  55.20   -6.99 1019.3      GREENCASTLE
1869 10 07 08 00  55.20   -6.99 1018.6      GREENCASTLE
1869 10 07 14 00  55.20   -6.99 1017.3      GREENCASTLE
1869 10 08 08 00  55.20   -6.99 1016.6      GREENCASTLE
1869 10 08 14 00  55.20   -6.99 1017.6      GREENCASTLE
1869 10 09 08 00  55.20   -6.99 1021.0      GREENCASTLE
1869 10 09 14 00  55.20   -6.99 1018.6      GREENCASTLE
1869 10 10 08 00  55.20   -6.99 1017.3      GREENCASTLE
1869 10 11 08 00  55.20   -6.99 1015.2      GREENCASTLE
1869 10 11 14 00  55.20   -6.99 1016.3      GREENCASTLE
1869 10 12 08 00  55.20   -6.99 1014.2      GREENCASTLE
1869 10 12 14 00  55.20   -6.99 1014.6      GREENCASTLE
1869 10 13 08 00  55.20   -6.99 1016.9      GREENCASTLE
1869 10 13 14 00  55.20   -6.99 1019.3      GREENCASTLE
1869 10 14 08 00  55.20   -6.99 1020.7      GREENCASTLE
1869 10 14 14 00  55.20   -6.99 1015.6      GREENCASTLE
1869 10 15 08 00  55.20   -6.99 1003.7      GREENCASTLE
1869 10 15 14 00  55.20   -6.99  999.0      GREENCASTLE
1869 10 16 08 00  55.20   -6.99  986.5      GREENCASTLE
1869 10 16 14 00  55.20   -6.99  993.6      GREENCASTLE
1869 10 17 08 00  55.20   -6.99 1011.5      GREENCASTLE
1869 10 18 08 00  55.20   -6.99  993.9      GREENCASTLE
1869 10 18 14 00  55.20   -6.99  995.9      GREENCASTLE
1869 10 19 08 00  55.20   -6.99 1015.2      GREENCASTLE
1869 10 19 14 00  55.20   -6.99 1019.6      GREENCASTLE
1869 10 20 08 00  55.20   -6.99 1019.6      GREENCASTLE
1869 10 20 14 00  55.20   -6.99 1019.6      GREENCASTLE
1869 10 21 08 00  55.20   -6.99 1027.8      GREENCASTLE
1869 10 21 14 00  55.20   -6.99 1029.5      GREENCASTLE
1869 10 22 08 00  55.20   -6.99 1032.8      GREENCASTLE
1869 10 22 14 00  55.20   -6.99 1032.2      GREENCASTLE
1869 10 23 08 00  55.20   -6.99 1024.4      GREENCASTLE
1869 10 23 14 00  55.20   -6.99 1021.7      GREENCASTLE
1869 10 24 08 00  55.20   -6.99 1026.8      GREENCASTLE
1869 10 25 08 00  55.20   -6.99 1025.4      GREENCASTLE
1869 10 25 14 00  55.20   -6.99 1019.6      GREENCASTLE
1869 10 26 08 00  55.20   -6.99 1022.4      GREENCASTLE
1869 10 26 14 00  55.20   -6.99 1022.7      GREENCASTLE
1869 10 27 08 00  55.20   -6.99 1018.6      GREENCASTLE
1869 10 27 14 00  55.20   -6.99 1019.0      GREENCASTLE
1869 10 28 08 00  55.20   -6.99 1018.6      GREENCASTLE
1869 10 28 14 00  55.20   -6.99 1021.0      GREENCASTLE
1869 10 29 08 00  55.20   -6.99 1028.1      GREENCASTLE
1869 10 29 14 00  55.20   -6.99 1027.8      GREENCASTLE
1869 10 30 08 00  55.20   -6.99 1023.4      GREENCASTLE
1869 10 30 14 00  55.20   -6.99 1024.4      GREENCASTLE
1869 10 31 08 00  55.20   -6.99 1025.7      GREENCASTLE
