1871 01 01 08 00  50.82   -1.09 1021.0       PORTSMOUTH
1871 01 02 08 00  50.82   -1.09 1011.9       PORTSMOUTH
1871 01 03 08 00  50.82   -1.09 1015.9       PORTSMOUTH
1871 01 04 08 00  50.82   -1.09 1020.0       PORTSMOUTH
1871 01 05 08 00  50.82   -1.09 1015.9       PORTSMOUTH
1871 01 06 08 00  50.82   -1.09 1024.4       PORTSMOUTH
1871 01 07 08 00  50.82   -1.09 1010.8       PORTSMOUTH
1871 01 08 08 00  50.82   -1.09 1003.0       PORTSMOUTH
1871 01 09 08 00  50.82   -1.09  993.9       PORTSMOUTH
1871 01 10 08 00  50.82   -1.09 1009.5       PORTSMOUTH
1871 01 11 08 00  50.82   -1.09 1007.1       PORTSMOUTH
1871 01 12 08 00  50.82   -1.09 1020.7       PORTSMOUTH
1871 01 13 08 00  50.82   -1.09 1025.1       PORTSMOUTH
1871 01 14 08 00  50.82   -1.09 1017.3       PORTSMOUTH
1871 01 15 08 00  50.82   -1.09 1001.0       PORTSMOUTH
1871 01 16 08 00  50.82   -1.09  979.7       PORTSMOUTH
1871 01 17 08 00  50.82   -1.09  980.7       PORTSMOUTH
1871 01 18 08 00  50.82   -1.09  985.4       PORTSMOUTH
1871 01 19 08 00  50.82   -1.09  994.6       PORTSMOUTH
1871 01 20 08 00  50.82   -1.09  999.3       PORTSMOUTH
1871 01 21 08 00  50.82   -1.09 1007.1       PORTSMOUTH
1871 01 22 08 00  50.82   -1.09 1000.7       PORTSMOUTH
1871 01 23 08 00  50.82   -1.09 1000.7       PORTSMOUTH
1871 01 24 08 00  50.82   -1.09 1017.6       PORTSMOUTH
1871 01 25 08 00  50.82   -1.09 1016.6       PORTSMOUTH
1871 01 26 08 00  50.82   -1.09 1017.3       PORTSMOUTH
1871 01 27 08 00  50.82   -1.09 1024.0       PORTSMOUTH
1871 01 28 08 00  50.82   -1.09 1022.7       PORTSMOUTH
1871 01 29 08 00  50.82   -1.09 1022.7       PORTSMOUTH
1871 01 30 08 00  50.82   -1.09 1020.7       PORTSMOUTH
1871 01 31 08 00  50.82   -1.09 1023.4       PORTSMOUTH
1871 01 01 08 00  30.51   47.78 1020.5            BASRA
1871 01 02 08 00  30.51   47.78 1024.1            BASRA
1871 01 03 08 00  30.51   47.78 1025.8            BASRA
1871 01 04 08 00  30.51   47.78 1023.2            BASRA
1871 01 05 08 00  30.51   47.78 1020.1            BASRA
1871 01 06 08 00  30.51   47.78 1013.5            BASRA
1871 01 07 08 00  30.51   47.78 1012.7            BASRA
1871 01 08 08 00  30.51   47.78 1018.8            BASRA
1871 01 09 08 00  30.51   47.78 1018.9            BASRA
1871 01 10 08 00  30.51   47.78 1016.1            BASRA
1871 01 11 08 00  30.51   47.78 1016.1            BASRA
1871 01 12 08 00  30.51   47.78 1018.5            BASRA
1871 01 13 08 00  30.51   47.78 1018.8            BASRA
1871 01 14 08 00  30.51   47.78 1019.2            BASRA
1871 01 15 08 00  30.51   47.78 1020.1            BASRA
1871 01 16 08 00  30.51   47.78 1013.6            BASRA
1871 01 17 08 00  30.51   47.78 1008.8            BASRA
1871 01 18 08 00  30.51   47.78 1014.8            BASRA
1871 01 19 08 00  30.51   47.78 1020.1            BASRA
1871 01 20 08 00  30.51   47.78 1024.5            BASRA
1871 01 21 08 00  30.51   47.78 1025.2            BASRA
1871 01 22 08 00  30.51   47.78 1026.5            BASRA
1871 01 23 08 00  30.51   47.78 1025.4            BASRA
1871 01 24 08 00  30.51   47.78 1023.0            BASRA
1871 01 25 08 00  30.51   47.78 1021.6            BASRA
1871 01 26 08 00  30.51   47.78 1021.4            BASRA
1871 01 27 08 00  30.51   47.78 1022.8            BASRA
1871 01 28 08 00  30.51   47.78 1021.2            BASRA
1871 01 29 08 00  30.51   47.78 1023.4            BASRA
1871 01 30 08 00  30.51   47.78 1017.7            BASRA
1871 01 31 08 00  30.51   47.78 1012.1            BASRA
1871 01 03 08 00  43.36   -8.41 1020.2         LACORUNA
1871 01 05 08 00  43.36   -8.41 1025.6         LACORUNA
1871 01 06 08 00  43.36   -8.41 1033.0         LACORUNA
1871 01 07 08 00  43.36   -8.41 1027.7         LACORUNA
1871 01 08 08 00  43.36   -8.41 1021.2         LACORUNA
1871 01 10 08 00  43.36   -8.41 1020.4         LACORUNA
1871 01 11 08 00  43.36   -8.41 1015.6         LACORUNA
1871 01 13 08 00  43.36   -8.41 1026.6         LACORUNA
1871 01 14 08 00  43.36   -8.41 1020.0         LACORUNA
1871 01 19 08 00  43.36   -8.41 1010.8         LACORUNA
1871 01 23 08 00  43.36   -8.41 1010.3         LACORUNA
1871 01 24 08 00  43.36   -8.41 1014.3         LACORUNA
1871 01 25 08 00  43.36   -8.41 1011.6         LACORUNA
1871 01 26 08 00  43.36   -8.41 1012.5         LACORUNA
1871 01 27 08 00  43.36   -8.41 1018.1         LACORUNA
1871 01 28 08 00  43.36   -8.41 1019.3         LACORUNA
1871 01 29 08 00  43.36   -8.41 1014.7         LACORUNA
1871 01 30 08 00  43.36   -8.41 1014.9         LACORUNA
1871 01 31 08 00  43.36   -8.41 1010.5         LACORUNA
1871 01 01 08 00  57.59   -3.87  999.3            NAIRN
1871 01 02 08 00  57.59   -3.87 1006.1            NAIRN
1871 01 03 08 00  57.59   -3.87 1010.5            NAIRN
1871 01 04 08 00  57.59   -3.87 1008.8            NAIRN
1871 01 05 08 00  57.59   -3.87  996.6            NAIRN
1871 01 06 08 00  57.59   -3.87 1001.0            NAIRN
1871 01 07 08 00  57.59   -3.87  987.5            NAIRN
1871 01 08 08 00  57.59   -3.87  993.9            NAIRN
1871 01 09 08 00  57.59   -3.87  993.6            NAIRN
1871 01 10 08 00  57.59   -3.87 1000.3            NAIRN
1871 01 11 08 00  57.59   -3.87 1010.5            NAIRN
1871 01 12 08 00  57.59   -3.87 1021.3            NAIRN
1871 01 13 08 00  57.59   -3.87 1008.8            NAIRN
1871 01 14 08 00  57.59   -3.87  991.5            NAIRN
1871 01 15 08 00  57.59   -3.87  981.4            NAIRN
1871 01 16 08 00  57.59   -3.87  959.4            NAIRN
1871 01 17 08 00  57.59   -3.87  959.0            NAIRN
1871 01 18 08 00  57.59   -3.87  978.0            NAIRN
1871 01 19 08 00  57.59   -3.87  989.2            NAIRN
1871 01 20 08 00  57.59   -3.87 1004.4            NAIRN
1871 01 21 08 00  57.59   -3.87 1002.7            NAIRN
1871 01 22 08 00  57.59   -3.87 1005.1            NAIRN
1871 01 23 08 00  57.59   -3.87 1013.9            NAIRN
1871 01 24 08 00  57.59   -3.87 1025.4            NAIRN
1871 01 25 08 00  57.59   -3.87 1025.4            NAIRN
1871 01 26 08 00  57.59   -3.87 1013.2            NAIRN
1871 01 27 08 00  57.59   -3.87 1020.3            NAIRN
1871 01 28 08 00  57.59   -3.87 1023.0            NAIRN
1871 01 29 08 00  57.59   -3.87 1024.4            NAIRN
1871 01 30 08 00  57.59   -3.87 1030.1            NAIRN
1871 01 31 08 00  57.59   -3.87 1024.4            NAIRN
1871 01 01 08 00  38.72   -9.14 1019.8           LISBON
1871 01 02 08 00  38.72   -9.14 1012.5           LISBON
1871 01 03 08 00  38.72   -9.14 1019.8           LISBON
1871 01 04 08 00  38.72   -9.14 1019.4           LISBON
1871 01 05 08 00  38.72   -9.14 1024.0           LISBON
1871 01 06 08 00  38.72   -9.14 1033.1           LISBON
1871 01 07 08 00  38.72   -9.14 1031.5           LISBON
1871 01 09 08 00  38.72   -9.14 1027.3           LISBON
1871 01 10 08 00  38.72   -9.14 1026.5           LISBON
1871 01 12 08 00  38.72   -9.14 1010.4           LISBON
1871 01 13 08 00  38.72   -9.14 1018.8           LISBON
1871 01 14 08 00  38.72   -9.14 1016.4           LISBON
1871 01 16 08 00  38.72   -9.14 1013.9           LISBON
1871 01 17 08 00  38.72   -9.14 1011.6           LISBON
1871 01 18 08 00  38.72   -9.14 1015.6           LISBON
1871 01 20 08 00  38.72   -9.14 1023.6           LISBON
1871 01 21 08 00  38.72   -9.14 1020.2           LISBON
1871 01 23 08 00  38.72   -9.14 1015.2           LISBON
1871 01 24 08 00  38.72   -9.14 1012.3           LISBON
1871 01 25 08 00  38.72   -9.14 1007.6           LISBON
1871 01 26 08 00  38.72   -9.14 1009.2           LISBON
1871 01 27 08 00  38.72   -9.14 1019.3           LISBON
1871 01 28 08 00  38.72   -9.14 1020.5           LISBON
1871 01 29 08 00  38.72   -9.14 1012.9           LISBON
1871 01 30 08 00  38.72   -9.14 1018.6           LISBON
1871 01 31 08 00  38.72   -9.14 1015.5           LISBON
1871 01 01 08 00  57.20   -2.20 1007.1         ABERDEEN
1871 01 02 08 00  57.20   -2.20 1009.1         ABERDEEN
1871 01 03 08 00  57.20   -2.20 1010.8         ABERDEEN
1871 01 04 08 00  57.20   -2.20 1013.5         ABERDEEN
1871 01 05 08 00  57.20   -2.20  995.6         ABERDEEN
1871 01 06 08 00  57.20   -2.20 1005.8         ABERDEEN
1871 01 07 08 00  57.20   -2.20  988.8         ABERDEEN
1871 01 08 08 00  57.20   -2.20  995.3         ABERDEEN
1871 01 09 08 00  57.20   -2.20  994.6         ABERDEEN
1871 01 10 08 00  57.20   -2.20 1000.7         ABERDEEN
1871 01 11 08 00  57.20   -2.20 1008.1         ABERDEEN
1871 01 12 08 00  57.20   -2.20 1020.0         ABERDEEN
1871 01 13 08 00  57.20   -2.20 1010.5         ABERDEEN
1871 01 14 08 00  57.20   -2.20  995.3         ABERDEEN
1871 01 15 08 00  57.20   -2.20  983.7         ABERDEEN
1871 01 16 08 00  57.20   -2.20  965.1         ABERDEEN
1871 01 17 08 00  57.20   -2.20  965.5         ABERDEEN
1871 01 18 08 00  57.20   -2.20  980.0         ABERDEEN
1871 01 19 08 00  57.20   -2.20  992.6         ABERDEEN
1871 01 20 08 00  57.20   -2.20 1005.4         ABERDEEN
1871 01 21 08 00  57.20   -2.20 1005.8         ABERDEEN
1871 01 22 08 00  57.20   -2.20 1007.5         ABERDEEN
1871 01 23 08 00  57.20   -2.20 1007.5         ABERDEEN
1871 01 24 08 00  57.20   -2.20 1026.1         ABERDEEN
1871 01 25 08 00  57.20   -2.20 1026.4         ABERDEEN
1871 01 26 08 00  57.20   -2.20 1019.6         ABERDEEN
1871 01 27 08 00  57.20   -2.20 1023.4         ABERDEEN
1871 01 28 08 00  57.20   -2.20 1027.4         ABERDEEN
1871 01 29 08 00  57.20   -2.20 1025.4         ABERDEEN
1871 01 30 08 00  57.20   -2.20 1028.1         ABERDEEN
1871 01 31 08 00  57.20   -2.20 1027.1         ABERDEEN
1871 01 01 08 00  51.68   -5.18 1013.2         PEMBROKE
1871 01 02 08 00  51.68   -5.18 1007.5         PEMBROKE
1871 01 03 08 00  51.68   -5.18 1012.2         PEMBROKE
1871 01 04 08 00  51.68   -5.18 1015.2         PEMBROKE
1871 01 05 08 00  51.68   -5.18 1011.2         PEMBROKE
1871 01 06 08 00  51.68   -5.18 1020.7         PEMBROKE
1871 01 07 08 00  51.68   -5.18 1006.8         PEMBROKE
1871 01 08 08 00  51.68   -5.18 1002.7         PEMBROKE
1871 01 09 08 00  51.68   -5.18  992.6         PEMBROKE
1871 01 10 08 00  51.68   -5.18 1007.1         PEMBROKE
1871 01 11 08 00  51.68   -5.18 1009.8         PEMBROKE
1871 01 12 08 00  51.68   -5.18 1022.0         PEMBROKE
1871 01 13 08 00  51.68   -5.18 1021.0         PEMBROKE
1871 01 14 08 00  51.68   -5.18 1009.5         PEMBROKE
1871 01 15 08 00  51.68   -5.18  988.5         PEMBROKE
1871 01 16 08 00  51.68   -5.18  969.5         PEMBROKE
1871 01 17 08 00  51.68   -5.18  972.2         PEMBROKE
1871 01 18 08 00  51.68   -5.18  980.7         PEMBROKE
1871 01 19 08 00  51.68   -5.18  994.2         PEMBROKE
1871 01 20 08 00  51.68   -5.18  999.7         PEMBROKE
1871 01 21 08 00  51.68   -5.18 1003.4         PEMBROKE
1871 01 22 08 00  51.68   -5.18  997.6         PEMBROKE
1871 01 23 08 00  51.68   -5.18  997.6         PEMBROKE
1871 01 24 08 00  51.68   -5.18 1021.0         PEMBROKE
1871 01 25 08 00  51.68   -5.18 1020.3         PEMBROKE
1871 01 26 08 00  51.68   -5.18 1020.3         PEMBROKE
1871 01 27 08 00  51.68   -5.18 1024.0         PEMBROKE
1871 01 28 08 00  51.68   -5.18 1023.0         PEMBROKE
1871 01 29 08 00  51.68   -5.18 1021.7         PEMBROKE
1871 01 30 08 00  51.68   -5.18 1021.0         PEMBROKE
1871 01 31 08 00  51.68   -5.18 1016.6         PEMBROKE
1871 01 01 08 00  45.94   -0.96 1021.7        ROCHEFORT
1871 01 01 14 00  45.94   -0.96 1020.3        ROCHEFORT
1871 01 02 08 00  45.94   -0.96 1012.5        ROCHEFORT
1871 01 02 14 00  45.94   -0.96 1013.2        ROCHEFORT
1871 01 03 08 00  45.94   -0.96 1019.0        ROCHEFORT
1871 01 03 14 00  45.94   -0.96 1018.6        ROCHEFORT
1871 01 04 08 00  45.94   -0.96 1016.6        ROCHEFORT
1871 01 04 14 00  45.94   -0.96 1016.6        ROCHEFORT
1871 01 05 08 00  45.94   -0.96 1026.4        ROCHEFORT
1871 01 05 14 00  45.94   -0.96 1028.1        ROCHEFORT
1871 01 06 08 00  45.94   -0.96 1029.1        ROCHEFORT
1871 01 06 14 00  45.94   -0.96 1030.5        ROCHEFORT
1871 01 07 08 00  45.94   -0.96 1022.4        ROCHEFORT
1871 01 07 14 00  45.94   -0.96 1017.9        ROCHEFORT
1871 01 08 08 00  45.94   -0.96 1012.2        ROCHEFORT
1871 01 08 14 00  45.94   -0.96 1010.8        ROCHEFORT
1871 01 09 08 00  45.94   -0.96 1003.7        ROCHEFORT
1871 01 09 14 00  45.94   -0.96  997.6        ROCHEFORT
1871 01 10 08 00  45.94   -0.96 1009.5        ROCHEFORT
1871 01 11 08 00  45.94   -0.96 1014.9        ROCHEFORT
1871 01 12 08 00  45.94   -0.96 1020.0        ROCHEFORT
1871 01 13 14 00  45.94   -0.96 1020.0        ROCHEFORT
1871 01 14 14 00  45.94   -0.96 1028.1        ROCHEFORT
1871 01 15 08 00  45.94   -0.96 1012.2        ROCHEFORT
1871 01 15 14 00  45.94   -0.96 1009.5        ROCHEFORT
1871 01 16 08 00  45.94   -0.96  997.6        ROCHEFORT
1871 01 16 14 00  45.94   -0.96  993.2        ROCHEFORT
1871 01 17 08 00  45.94   -0.96  994.9        ROCHEFORT
1871 01 17 14 00  45.94   -0.96  995.3        ROCHEFORT
1871 01 18 08 00  45.94   -0.96  997.0        ROCHEFORT
1871 01 19 08 00  45.94   -0.96  999.7        ROCHEFORT
1871 01 19 14 00  45.94   -0.96 1002.4        ROCHEFORT
1871 01 20 08 00  45.94   -0.96 1004.0        ROCHEFORT
1871 01 21 08 00  45.94   -0.96 1008.1        ROCHEFORT
1871 01 21 14 00  45.94   -0.96 1006.8        ROCHEFORT
1871 01 22 08 00  45.94   -0.96 1009.5        ROCHEFORT
1871 01 23 08 00  45.94   -0.96 1004.2        ROCHEFORT
1871 01 23 14 00  45.94   -0.96 1008.8        ROCHEFORT
1871 01 24 08 00  45.94   -0.96 1010.8        ROCHEFORT
1871 01 25 08 00  45.94   -0.96 1013.5        ROCHEFORT
1871 01 26 08 00  45.94   -0.96 1008.1        ROCHEFORT
1871 01 27 08 00  45.94   -0.96 1014.8        ROCHEFORT
1871 01 28 08 00  45.94   -0.96 1014.8        ROCHEFORT
1871 01 29 08 00  45.94   -0.96 1014.8        ROCHEFORT
1871 01 30 08 00  45.94   -0.96 1014.8        ROCHEFORT
1871 01 31 08 00  45.94   -0.96 1014.8        ROCHEFORT
1871 01 01 08 00  53.31   -4.63 1012.2         HOLYHEAD
1871 01 02 08 00  53.31   -4.63 1007.8         HOLYHEAD
1871 01 03 08 00  53.31   -4.63 1012.2         HOLYHEAD
1871 01 04 08 00  53.31   -4.63 1015.2         HOLYHEAD
1871 01 05 08 00  53.31   -4.63 1008.5         HOLYHEAD
1871 01 06 08 00  53.31   -4.63 1016.6         HOLYHEAD
1871 01 07 08 00  53.31   -4.63 1003.4         HOLYHEAD
1871 01 08 08 00  53.31   -4.63 1000.3         HOLYHEAD
1871 01 09 08 00  53.31   -4.63  992.6         HOLYHEAD
1871 01 10 08 00  53.31   -4.63 1005.4         HOLYHEAD
1871 01 11 08 00  53.31   -4.63 1009.8         HOLYHEAD
1871 01 12 08 00  53.31   -4.63 1023.4         HOLYHEAD
1871 01 13 08 00  53.31   -4.63 1019.6         HOLYHEAD
1871 01 14 08 00  53.31   -4.63 1006.8         HOLYHEAD
1871 01 15 08 00  53.31   -4.63  986.8         HOLYHEAD
1871 01 16 08 00  53.31   -4.63  964.8         HOLYHEAD
1871 01 17 08 00  53.31   -4.63  972.9         HOLYHEAD
1871 01 18 08 00  53.31   -4.63  982.1         HOLYHEAD
1871 01 19 08 00  53.31   -4.63  992.6         HOLYHEAD
1871 01 20 08 00  53.31   -4.63 1000.3         HOLYHEAD
1871 01 21 08 00  53.31   -4.63 1004.1         HOLYHEAD
1871 01 22 08 00  53.31   -4.63 1000.0         HOLYHEAD
1871 01 23 08 00  53.31   -4.63 1000.0         HOLYHEAD
1871 01 24 08 00  53.31   -4.63 1023.7         HOLYHEAD
1871 01 25 08 00  53.31   -4.63 1024.0         HOLYHEAD
1871 01 26 08 00  53.31   -4.63 1020.7         HOLYHEAD
1871 01 27 08 00  53.31   -4.63 1024.7         HOLYHEAD
1871 01 28 08 00  53.31   -4.63 1025.4         HOLYHEAD
1871 01 29 08 00  53.31   -4.63 1022.7         HOLYHEAD
1871 01 30 08 00  53.31   -4.63 1021.7         HOLYHEAD
1871 01 31 08 00  53.31   -4.63 1020.3         HOLYHEAD
1871 01 01 08 00  51.80   -8.30 1007.1      ROCHESPOINT
1871 01 02 08 00  51.80   -8.30 1010.8      ROCHESPOINT
1871 01 03 08 00  51.80   -8.30 1011.5      ROCHESPOINT
1871 01 04 08 00  51.80   -8.30 1011.2      ROCHESPOINT
1871 01 05 08 00  51.80   -8.30 1014.2      ROCHESPOINT
1871 01 06 08 00  51.80   -8.30 1018.6      ROCHESPOINT
1871 01 07 08 00  51.80   -8.30 1008.8      ROCHESPOINT
1871 01 08 08 00  51.80   -8.30 1007.5      ROCHESPOINT
1871 01 09 08 00  51.80   -8.30  999.0      ROCHESPOINT
1871 01 10 08 00  51.80   -8.30 1003.0      ROCHESPOINT
1871 01 11 08 00  51.80   -8.30 1016.9      ROCHESPOINT
1871 01 12 08 00  51.80   -8.30 1024.7      ROCHESPOINT
1871 01 13 08 00  51.80   -8.30 1021.7      ROCHESPOINT
1871 01 14 08 00  51.80   -8.30 1005.1      ROCHESPOINT
1871 01 15 08 00  51.80   -8.30  986.8      ROCHESPOINT
1871 01 16 08 00  51.80   -8.30  968.8      ROCHESPOINT
1871 01 17 08 00  51.80   -8.30  972.9      ROCHESPOINT
1871 01 18 08 00  51.80   -8.30  980.4      ROCHESPOINT
1871 01 19 08 00  51.80   -8.30  995.3      ROCHESPOINT
1871 01 20 08 00  51.80   -8.30 1001.7      ROCHESPOINT
1871 01 21 08 00  51.80   -8.30  999.3      ROCHESPOINT
1871 01 22 08 00  51.80   -8.30  999.7      ROCHESPOINT
1871 01 23 08 00  51.80   -8.30  999.7      ROCHESPOINT
1871 01 24 08 00  51.80   -8.30 1023.4      ROCHESPOINT
1871 01 25 08 00  51.80   -8.30 1021.7      ROCHESPOINT
1871 01 26 08 00  51.80   -8.30 1020.3      ROCHESPOINT
1871 01 27 08 00  51.80   -8.30 1021.0      ROCHESPOINT
1871 01 28 08 00  51.80   -8.30 1019.3      ROCHESPOINT
1871 01 29 08 00  51.80   -8.30 1018.3      ROCHESPOINT
1871 01 30 08 00  51.80   -8.30 1017.6      ROCHESPOINT
1871 01 31 08 00  51.80   -8.30 1010.5      ROCHESPOINT
1871 01 01 08 00  50.38   -4.14 1017.6         PLYMOUTH
1871 01 02 08 00  50.38   -4.14 1007.8         PLYMOUTH
1871 01 03 08 00  50.38   -4.14 1014.6         PLYMOUTH
1871 01 04 08 00  50.38   -4.14 1017.9         PLYMOUTH
1871 01 05 08 00  50.38   -4.14 1018.3         PLYMOUTH
1871 01 06 08 00  50.38   -4.14 1025.1         PLYMOUTH
1871 01 07 08 00  50.38   -4.14 1012.2         PLYMOUTH
1871 01 08 08 00  50.38   -4.14 1005.8         PLYMOUTH
1871 01 09 08 00  50.38   -4.14  990.5         PLYMOUTH
1871 01 10 08 00  50.38   -4.14 1010.2         PLYMOUTH
1871 01 11 08 00  50.38   -4.14 1008.8         PLYMOUTH
1871 01 12 08 00  50.38   -4.14 1022.7         PLYMOUTH
1871 01 13 08 00  50.38   -4.14 1025.4         PLYMOUTH
1871 01 14 08 00  50.38   -4.14 1015.6         PLYMOUTH
1871 01 15 08 00  50.38   -4.14  995.3         PLYMOUTH
1871 01 16 08 00  50.38   -4.14  977.0         PLYMOUTH
1871 01 17 08 00  50.38   -4.14  978.0         PLYMOUTH
1871 01 18 08 00  50.38   -4.14  983.1         PLYMOUTH
1871 01 19 08 00  50.38   -4.14  996.6         PLYMOUTH
1871 01 20 08 00  50.38   -4.14 1000.0         PLYMOUTH
1871 01 21 08 00  50.38   -4.14 1006.1         PLYMOUTH
1871 01 22 08 00  50.38   -4.14  998.0         PLYMOUTH
1871 01 23 08 00  50.38   -4.14  998.0         PLYMOUTH
1871 01 24 08 00  50.38   -4.14 1019.6         PLYMOUTH
1871 01 25 08 00  50.38   -4.14 1017.6         PLYMOUTH
1871 01 26 08 00  50.38   -4.14 1019.3         PLYMOUTH
1871 01 27 08 00  50.38   -4.14 1025.4         PLYMOUTH
1871 01 28 08 00  50.38   -4.14 1023.4         PLYMOUTH
1871 01 29 08 00  50.38   -4.14 1022.4         PLYMOUTH
1871 01 30 08 00  50.38   -4.14 1020.0         PLYMOUTH
1871 01 31 08 00  50.38   -4.14 1019.0         PLYMOUTH
1871 01 01 08 00  41.90   12.50 1011.2             ROME
1871 01 02 08 00  41.90   12.50 1006.7             ROME
1871 01 03 08 00  41.90   12.50 1002.8             ROME
1871 01 04 08 00  41.90   12.50 1008.0             ROME
1871 01 05 08 00  41.90   12.50 1008.7             ROME
1871 01 06 08 00  41.90   12.50 1006.5             ROME
1871 01 07 08 00  41.90   12.50 1006.1             ROME
1871 01 08 08 00  41.90   12.50 1008.0             ROME
1871 01 09 08 00  41.90   12.50 1001.9             ROME
1871 01 10 08 00  41.90   12.50  989.3             ROME
1871 01 11 08 00  41.90   12.50  991.4             ROME
1871 01 12 08 00  41.90   12.50  990.6             ROME
1871 01 13 08 00  41.90   12.50  997.8             ROME
1871 01 14 08 00  41.90   12.50 1001.4             ROME
1871 01 15 08 00  41.90   12.50 1006.8             ROME
1871 01 16 08 00  41.90   12.50 1016.9             ROME
1871 01 17 08 00  41.90   12.50 1015.5             ROME
1871 01 18 08 00  41.90   12.50 1010.8             ROME
1871 01 19 08 00  41.90   12.50 1010.0             ROME
1871 01 20 08 00  41.90   12.50 1008.0             ROME
1871 01 21 08 00  41.90   12.50 1006.9             ROME
1871 01 22 08 00  41.90   12.50 1011.3             ROME
1871 01 23 08 00  41.90   12.50 1016.1             ROME
1871 01 24 08 00  41.90   12.50 1015.3             ROME
1871 01 25 08 00  41.90   12.50 1012.1             ROME
1871 01 26 08 00  41.90   12.50 1003.6             ROME
1871 01 27 08 00  41.90   12.50 1003.1             ROME
1871 01 28 08 00  41.90   12.50 1000.7             ROME
1871 01 29 08 00  41.90   12.50 1008.1             ROME
1871 01 30 08 00  41.90   12.50 1017.3             ROME
1871 01 31 08 00  41.90   12.50 1020.6             ROME
1871 01 01 08 00  48.39   -4.49 1016.5            BREST
1871 01 02 08 00  48.39   -4.49 1000.3            BREST
1871 01 03 08 00  48.39   -4.49 1019.0            BREST
1871 01 04 08 00  48.39   -4.49 1017.9            BREST
1871 01 05 08 00  48.39   -4.49 1024.7            BREST
1871 01 06 08 00  48.39   -4.49 1029.1            BREST
1871 01 07 08 00  48.39   -4.49 1015.6            BREST
1871 01 08 08 00  48.39   -4.49 1003.4            BREST
1871 01 09 08 00  48.39   -4.49  995.6            BREST
1871 01 10 08 00  48.39   -4.49 1010.0            BREST
1871 01 11 08 00  48.39   -4.49 1005.8            BREST
1871 01 12 08 00  48.39   -4.49 1021.3            BREST
1871 01 13 08 00  48.39   -4.49 1028.8            BREST
1871 01 14 08 00  48.39   -4.49 1021.3            BREST
1871 01 15 08 00  48.39   -4.49  997.0            BREST
1871 01 16 08 00  48.39   -4.49  982.1            BREST
1871 01 17 08 00  48.39   -4.49  984.1            BREST
1871 01 18 08 00  48.39   -4.49  983.3            BREST
1871 01 19 08 00  48.39   -4.49  997.6            BREST
1871 01 21 08 00  48.39   -4.49 1009.1            BREST
1871 01 22 08 00  48.39   -4.49  997.9            BREST
1871 01 23 08 00  48.39   -4.49 1004.4            BREST
1871 01 24 08 00  48.39   -4.49 1018.3            BREST
1871 01 25 08 00  48.39   -4.49 1011.1            BREST
1871 01 26 08 00  48.39   -4.49 1013.6            BREST
1871 01 27 08 00  48.39   -4.49 1026.1            BREST
1871 01 28 08 00  48.39   -4.49 1021.3            BREST
1871 01 29 08 00  48.39   -4.49 1018.0            BREST
1871 01 30 08 00  48.39   -4.49 1018.1            BREST
1871 01 31 08 00  48.39   -4.49 1017.9            BREST
1871 01 01 08 00  49.92   -6.30 1013.2           SCILLY
1871 01 02 08 00  49.92   -6.30 1009.1           SCILLY
1871 01 03 08 00  49.92   -6.30 1015.6           SCILLY
1871 01 04 08 00  49.92   -6.30 1016.3           SCILLY
1871 01 05 08 00  49.92   -6.30 1019.0           SCILLY
1871 01 06 08 00  49.92   -6.30 1024.7           SCILLY
1871 01 07 08 00  49.92   -6.30 1012.2           SCILLY
1871 01 08 08 00  49.92   -6.30 1006.8           SCILLY
1871 01 09 08 00  49.92   -6.30  996.3           SCILLY
1871 01 10 08 00  49.92   -6.30 1007.1           SCILLY
1871 01 11 08 00  49.92   -6.30 1010.8           SCILLY
1871 01 12 08 00  49.92   -6.30 1022.7           SCILLY
1871 01 13 08 00  49.92   -6.30 1025.1           SCILLY
1871 01 14 08 00  49.92   -6.30 1012.5           SCILLY
1871 01 15 08 00  49.92   -6.30  992.9           SCILLY
1871 01 16 08 00  49.92   -6.30  978.7           SCILLY
1871 01 17 08 00  49.92   -6.30  976.3           SCILLY
1871 01 18 08 00  49.92   -6.30  981.7           SCILLY
1871 01 19 08 00  49.92   -6.30  998.3           SCILLY
1871 01 20 08 00  49.92   -6.30 1002.0           SCILLY
1871 01 21 08 00  49.92   -6.30 1003.7           SCILLY
1871 01 22 08 00  49.92   -6.30  998.6           SCILLY
1871 01 23 08 00  49.92   -6.30  998.6           SCILLY
1871 01 24 08 00  49.92   -6.30 1019.6           SCILLY
1871 01 25 08 00  49.92   -6.30 1017.9           SCILLY
1871 01 26 08 00  49.92   -6.30 1020.3           SCILLY
1871 01 27 08 00  49.92   -6.30 1024.7           SCILLY
1871 01 28 08 00  49.92   -6.30 1024.4           SCILLY
1871 01 29 08 00  49.92   -6.30 1021.3           SCILLY
1871 01 30 08 00  49.92   -6.30 1019.3           SCILLY
1871 01 31 08 00  49.92   -6.30 1012.9           SCILLY
1871 01 01 08 00  45.76    4.84 1014.8            LYONS
1871 01 02 08 00  45.76    4.84 1019.7            LYONS
1871 01 03 08 00  45.76    4.84 1015.5            LYONS
1871 01 04 08 00  45.76    4.84 1015.5            LYONS
1871 01 05 08 00  45.76    4.84 1013.1            LYONS
1871 01 06 08 00  45.76    4.84 1020.8            LYONS
1871 01 07 08 00  45.76    4.84 1021.4            LYONS
1871 01 08 08 00  45.76    4.84 1010.8            LYONS
1871 01 09 08 00  45.76    4.84 1002.8            LYONS
1871 01 10 08 00  45.76    4.84 1006.8            LYONS
1871 01 11 08 00  45.76    4.84  993.5            LYONS
1871 01 12 08 00  45.76    4.84 1008.1            LYONS
1871 01 13 08 00  45.76    4.84 1017.5            LYONS
1871 01 14 08 00  45.76    4.84 1017.5            LYONS
1871 01 15 08 00  45.76    4.84 1013.5            LYONS
1871 01 16 08 00  45.76    4.84 1010.1            LYONS
1871 01 18 08 00  45.76    4.84 1000.2            LYONS
1871 01 19 08 00  45.76    4.84  996.2            LYONS
1871 01 20 08 00  45.76    4.84 1006.8            LYONS
1871 01 21 08 00  45.76    4.84 1005.5            LYONS
1871 01 22 08 00  45.76    4.84 1009.5            LYONS
1871 01 23 08 00  45.76    4.84 1010.8            LYONS
1871 01 24 08 00  45.76    4.84 1013.5            LYONS
1871 01 25 08 00  45.76    4.84 1010.8            LYONS
1871 01 26 08 00  45.76    4.84 1007.5            LYONS
1871 01 27 08 00  45.76    4.84 1012.1            LYONS
1871 01 28 08 00  45.76    4.84 1014.4            LYONS
1871 01 29 08 00  45.76    4.84 1014.8            LYONS
1871 01 30 08 00  45.76    4.84 1017.5            LYONS
1871 01 31 08 00  45.76    4.84 1022.1            LYONS
1871 01 01 08 00  54.28   -0.40 1019.0      SCARBOROUGH
1871 01 02 08 00  54.28   -0.40 1013.9      SCARBOROUGH
1871 01 02 14 00  54.28   -0.40 1013.5      SCARBOROUGH
1871 01 03 08 00  54.28   -0.40 1015.2      SCARBOROUGH
1871 01 03 14 00  54.28   -0.40 1017.3      SCARBOROUGH
1871 01 04 08 00  54.28   -0.40 1020.0      SCARBOROUGH
1871 01 04 14 00  54.28   -0.40 1020.3      SCARBOROUGH
1871 01 05 08 00  54.28   -0.40 1007.8      SCARBOROUGH
1871 01 05 14 00  54.28   -0.40 1003.4      SCARBOROUGH
1871 01 06 08 00  54.28   -0.40 1015.9      SCARBOROUGH
1871 01 06 14 00  54.28   -0.40 1010.5      SCARBOROUGH
1871 01 07 08 00  54.28   -0.40 1000.7      SCARBOROUGH
1871 01 07 14 00  54.28   -0.40  997.3      SCARBOROUGH
1871 01 08 08 00  54.28   -0.40  998.0      SCARBOROUGH
1871 01 09 08 00  54.28   -0.40  995.3      SCARBOROUGH
1871 01 09 14 00  54.28   -0.40  998.0      SCARBOROUGH
1871 01 10 08 00  54.28   -0.40 1005.8      SCARBOROUGH
1871 01 10 14 00  54.28   -0.40 1000.3      SCARBOROUGH
1871 01 11 08 00  54.28   -0.40 1007.5      SCARBOROUGH
1871 01 11 14 00  54.28   -0.40 1008.8      SCARBOROUGH
1871 01 12 08 00  54.28   -0.40 1019.3      SCARBOROUGH
1871 01 12 14 00  54.28   -0.40 1020.7      SCARBOROUGH
1871 01 13 08 00  54.28   -0.40 1017.3      SCARBOROUGH
1871 01 13 14 00  54.28   -0.40 1017.3      SCARBOROUGH
1871 01 14 08 00  54.28   -0.40 1008.8      SCARBOROUGH
1871 01 14 14 00  54.28   -0.40 1005.4      SCARBOROUGH
1871 01 15 08 00  54.28   -0.40  995.9      SCARBOROUGH
1871 01 16 08 00  54.28   -0.40  971.6      SCARBOROUGH
1871 01 16 14 00  54.28   -0.40  972.6      SCARBOROUGH
1871 01 17 08 00  54.28   -0.40  974.9      SCARBOROUGH
1871 01 17 14 00  54.28   -0.40  976.0      SCARBOROUGH
1871 01 18 08 00  54.28   -0.40  983.1      SCARBOROUGH
1871 01 18 14 00  54.28   -0.40  984.8      SCARBOROUGH
1871 01 19 08 00  54.28   -0.40  994.2      SCARBOROUGH
1871 01 19 14 00  54.28   -0.40  995.6      SCARBOROUGH
1871 01 20 08 00  54.28   -0.40 1003.7      SCARBOROUGH
1871 01 20 14 00  54.28   -0.40 1005.1      SCARBOROUGH
1871 01 21 08 00  54.28   -0.40 1008.1      SCARBOROUGH
1871 01 21 14 00  54.28   -0.40 1008.8      SCARBOROUGH
1871 01 22 08 00  54.28   -0.40 1004.7      SCARBOROUGH
1871 01 23 08 00  54.28   -0.40 1004.7      SCARBOROUGH
1871 01 24 08 00  54.28   -0.40 1024.7      SCARBOROUGH
1871 01 24 14 00  54.28   -0.40 1026.1      SCARBOROUGH
1871 01 25 08 00  54.28   -0.40 1024.7      SCARBOROUGH
1871 01 25 14 00  54.28   -0.40 1021.7      SCARBOROUGH
1871 01 26 08 00  54.28   -0.40 1020.0      SCARBOROUGH
1871 01 26 14 00  54.28   -0.40 1020.0      SCARBOROUGH
1871 01 27 08 00  54.28   -0.40 1025.7      SCARBOROUGH
1871 01 27 14 00  54.28   -0.40 1026.1      SCARBOROUGH
1871 01 28 08 00  54.28   -0.40 1026.1      SCARBOROUGH
1871 01 28 14 00  54.28   -0.40 1023.7      SCARBOROUGH
1871 01 29 08 00  54.28   -0.40 1023.4      SCARBOROUGH
1871 01 30 08 00  54.28   -0.40 1025.4      SCARBOROUGH
1871 01 30 14 00  54.28   -0.40 1024.0      SCARBOROUGH
1871 01 31 08 00  54.28   -0.40 1026.8      SCARBOROUGH
1871 01 31 14 00  54.28   -0.40 1026.1      SCARBOROUGH
1871 01 01 08 00  53.40   -3.08 1010.8        LIVERPOOL
1871 01 02 08 00  53.40   -3.08 1008.8        LIVERPOOL
1871 01 03 08 00  53.40   -3.08 1013.9        LIVERPOOL
1871 01 04 08 00  53.40   -3.08 1017.6        LIVERPOOL
1871 01 05 08 00  53.40   -3.08 1007.8        LIVERPOOL
1871 01 06 08 00  53.40   -3.08 1017.6        LIVERPOOL
1871 01 07 08 00  53.40   -3.08 1002.0        LIVERPOOL
1871 01 08 08 00  53.40   -3.08  997.3        LIVERPOOL
1871 01 09 08 00  53.40   -3.08  992.9        LIVERPOOL
1871 01 10 08 00  53.40   -3.08 1005.4        LIVERPOOL
1871 01 11 08 00  53.40   -3.08 1009.1        LIVERPOOL
1871 01 12 08 00  53.40   -3.08 1022.0        LIVERPOOL
1871 01 13 08 00  53.40   -3.08 1019.3        LIVERPOOL
1871 01 14 08 00  53.40   -3.08 1007.8        LIVERPOOL
1871 01 15 08 00  53.40   -3.08  990.9        LIVERPOOL
1871 01 16 08 00  53.40   -3.08  968.2        LIVERPOOL
1871 01 17 08 00  53.40   -3.08  973.6        LIVERPOOL
1871 01 18 08 00  53.40   -3.08  983.1        LIVERPOOL
1871 01 19 08 00  53.40   -3.08  989.8        LIVERPOOL
1871 01 20 08 00  53.40   -3.08 1002.0        LIVERPOOL
1871 01 21 08 00  53.40   -3.08 1006.4        LIVERPOOL
1871 01 22 08 00  53.40   -3.08 1003.4        LIVERPOOL
1871 01 23 08 00  53.40   -3.08 1003.4        LIVERPOOL
1871 01 24 08 00  53.40   -3.08 1023.4        LIVERPOOL
1871 01 25 08 00  53.40   -3.08 1024.0        LIVERPOOL
1871 01 26 08 00  53.40   -3.08 1020.0        LIVERPOOL
1871 01 27 08 00  53.40   -3.08 1025.1        LIVERPOOL
1871 01 28 08 00  53.40   -3.08 1025.7        LIVERPOOL
1871 01 29 08 00  53.40   -3.08 1022.4        LIVERPOOL
1871 01 30 08 00  53.40   -3.08 1022.0        LIVERPOOL
1871 01 31 08 00  53.40   -3.08 1023.0        LIVERPOOL
1871 01 01 08 00  50.12   -5.54 1014.6         PENZANCE
1871 01 02 08 00  50.12   -5.54 1008.5         PENZANCE
1871 01 02 14 00  50.12   -5.54 1010.5         PENZANCE
1871 01 03 08 00  50.12   -5.54 1015.2         PENZANCE
1871 01 03 14 00  50.12   -5.54 1014.2         PENZANCE
1871 01 04 08 00  50.12   -5.54 1017.9         PENZANCE
1871 01 04 14 00  50.12   -5.54 1019.3         PENZANCE
1871 01 05 08 00  50.12   -5.54 1019.0         PENZANCE
1871 01 05 14 00  50.12   -5.54 1019.6         PENZANCE
1871 01 06 08 00  50.12   -5.54 1026.1         PENZANCE
1871 01 06 14 00  50.12   -5.54 1021.7         PENZANCE
1871 01 07 08 00  50.12   -5.54 1013.2         PENZANCE
1871 01 07 14 00  50.12   -5.54 1010.2         PENZANCE
1871 01 08 08 00  50.12   -5.54 1008.1         PENZANCE
1871 01 09 08 00  50.12   -5.54  998.0         PENZANCE
1871 01 09 14 00  50.12   -5.54 1005.4         PENZANCE
1871 01 10 08 00  50.12   -5.54 1009.1         PENZANCE
1871 01 10 14 00  50.12   -5.54  995.9         PENZANCE
1871 01 11 08 00  50.12   -5.54 1012.2         PENZANCE
1871 01 11 14 00  50.12   -5.54 1016.3         PENZANCE
1871 01 12 08 00  50.12   -5.54 1024.4         PENZANCE
1871 01 12 14 00  50.12   -5.54 1024.7         PENZANCE
1871 01 13 08 00  50.12   -5.54 1026.1         PENZANCE
1871 01 13 14 00  50.12   -5.54 1023.7         PENZANCE
1871 01 14 08 00  50.12   -5.54 1014.9         PENZANCE
1871 01 14 14 00  50.12   -5.54 1010.2         PENZANCE
1871 01 15 08 00  50.12   -5.54  994.2         PENZANCE
1871 01 16 08 00  50.12   -5.54  977.3         PENZANCE
1871 01 16 14 00  50.12   -5.54  976.6         PENZANCE
1871 01 17 08 00  50.12   -5.54  978.7         PENZANCE
1871 01 17 14 00  50.12   -5.54  979.3         PENZANCE
1871 01 18 08 00  50.12   -5.54  983.7         PENZANCE
1871 01 18 14 00  50.12   -5.54  983.7         PENZANCE
1871 01 19 08 00  50.12   -5.54  999.3         PENZANCE
1871 01 19 14 00  50.12   -5.54 1000.0         PENZANCE
1871 01 20 08 00  50.12   -5.54 1002.7         PENZANCE
1871 01 20 14 00  50.12   -5.54 1003.0         PENZANCE
1871 01 21 08 00  50.12   -5.54 1005.4         PENZANCE
1871 01 21 14 00  50.12   -5.54 1001.0         PENZANCE
1871 01 22 08 00  50.12   -5.54  999.0         PENZANCE
1871 01 23 08 00  50.12   -5.54  999.0         PENZANCE
1871 01 24 08 00  50.12   -5.54 1021.7         PENZANCE
1871 01 24 14 00  50.12   -5.54 1020.3         PENZANCE
1871 01 25 08 00  50.12   -5.54 1019.6         PENZANCE
1871 01 25 14 00  50.12   -5.54 1017.3         PENZANCE
1871 01 26 08 00  50.12   -5.54 1022.0         PENZANCE
1871 01 26 14 00  50.12   -5.54 1020.7         PENZANCE
1871 01 27 08 00  50.12   -5.54 1026.1         PENZANCE
1871 01 27 14 00  50.12   -5.54 1025.7         PENZANCE
1871 01 28 08 00  50.12   -5.54 1025.4         PENZANCE
1871 01 28 14 00  50.12   -5.54 1020.3         PENZANCE
1871 01 29 08 00  50.12   -5.54 1022.7         PENZANCE
1871 01 30 08 00  50.12   -5.54 1020.7         PENZANCE
1871 01 30 14 00  50.12   -5.54 1017.9         PENZANCE
1871 01 31 08 00  50.12   -5.54 1015.9         PENZANCE
1871 01 31 14 00  50.12   -5.54 1014.9         PENZANCE
1871 01 02 08 00  43.12    5.93 1009.3           TOULON
1871 01 03 08 00  43.12    5.93 1007.1           TOULON
1871 01 04 08 00  43.12    5.93 1005.2           TOULON
1871 01 05 08 00  43.12    5.93 1005.5           TOULON
1871 01 06 08 00  43.12    5.93 1009.9           TOULON
1871 01 07 08 00  43.12    5.93 1012.9           TOULON
1871 01 08 08 00  43.12    5.93  997.9           TOULON
1871 01 11 08 00  43.12    5.93  990.6           TOULON
1871 01 12 08 00  43.12    5.93  995.2           TOULON
1871 01 13 08 00  43.12    5.93 1001.5           TOULON
1871 01 14 08 00  43.12    5.93 1009.1           TOULON
1871 01 15 08 00  43.12    5.93 1010.1           TOULON
1871 01 16 08 00  43.12    5.93 1011.2           TOULON
1871 01 17 08 00  43.12    5.93 1004.5           TOULON
1871 01 18 08 00  43.12    5.93  995.6           TOULON
1871 01 19 08 00  43.12    5.93  997.5           TOULON
1871 01 21 08 00  43.12    5.93 1002.6           TOULON
1871 01 22 08 00  43.12    5.93 1008.1           TOULON
1871 01 23 08 00  43.12    5.93 1010.4           TOULON
1871 01 24 08 00  43.12    5.93 1008.4           TOULON
1871 01 26 08 00  43.12    5.93  998.2           TOULON
1871 01 27 08 00  43.12    5.93 1004.2           TOULON
1871 01 28 08 00  43.12    5.93 1000.8           TOULON
1871 01 30 08 00  43.12    5.93 1014.0           TOULON
1871 01 31 08 00  43.12    5.93 1021.2           TOULON
1871 01 01 08 00  33.31   44.36 1014.1          BAGHDAD
1871 01 02 08 00  33.31   44.36 1018.1          BAGHDAD
1871 01 03 08 00  33.31   44.36 1020.4          BAGHDAD
1871 01 04 08 00  33.31   44.36 1023.2          BAGHDAD
1871 01 05 08 00  33.31   44.36 1020.1          BAGHDAD
1871 01 06 08 00  33.31   44.36 1004.8          BAGHDAD
1871 01 07 08 00  33.31   44.36 1008.1          BAGHDAD
1871 01 08 08 00  33.31   44.36 1020.1          BAGHDAD
1871 01 09 08 00  33.31   44.36 1013.5          BAGHDAD
1871 01 10 08 00  33.31   44.36 1011.5          BAGHDAD
1871 01 11 08 00  33.31   44.36 1008.8          BAGHDAD
1871 01 12 08 00  33.31   44.36 1013.7          BAGHDAD
1871 01 13 08 00  33.31   44.36 1016.1          BAGHDAD
1871 01 14 08 00  33.31   44.36 1016.1          BAGHDAD
1871 01 15 08 00  33.31   44.36 1014.4          BAGHDAD
1871 01 16 08 00  33.31   44.36 1009.5          BAGHDAD
1871 01 17 08 00  33.31   44.36 1002.2          BAGHDAD
1871 01 18 08 00  33.31   44.36 1008.3          BAGHDAD
1871 01 19 08 00  33.31   44.36 1018.4          BAGHDAD
1871 01 20 08 00  33.31   44.36 1022.8          BAGHDAD
1871 01 21 08 00  33.31   44.36 1022.1          BAGHDAD
1871 01 22 08 00  33.31   44.36 1022.8          BAGHDAD
1871 01 23 08 00  33.31   44.36 1022.1          BAGHDAD
1871 01 24 08 00  33.31   44.36 1020.1          BAGHDAD
1871 01 25 08 00  33.31   44.36 1018.8          BAGHDAD
1871 01 26 08 00  33.31   44.36 1016.8          BAGHDAD
1871 01 27 08 00  33.31   44.36 1020.1          BAGHDAD
1871 01 28 08 00  33.31   44.36 1020.1          BAGHDAD
1871 01 29 08 00  33.31   44.36 1017.5          BAGHDAD
1871 01 30 08 00  33.31   44.36 1019.6          BAGHDAD
1871 01 31 08 00  33.31   44.36 1005.5          BAGHDAD
1871 01 01 08 00  37.93   40.21 1016.1       DIYARBAKIR
1871 01 02 08 00  37.93   40.21 1023.2       DIYARBAKIR
1871 01 03 08 00  37.93   40.21 1024.0       DIYARBAKIR
1871 01 04 08 00  37.93   40.21 1023.8       DIYARBAKIR
1871 01 05 08 00  37.93   40.21 1020.8       DIYARBAKIR
1871 01 06 08 00  37.93   40.21 1004.3       DIYARBAKIR
1871 01 07 08 00  37.93   40.21 1010.8       DIYARBAKIR
1871 01 08 08 00  37.93   40.21 1020.4       DIYARBAKIR
1871 01 09 08 00  37.93   40.21 1015.5       DIYARBAKIR
1871 01 10 08 00  37.93   40.21 1017.7       DIYARBAKIR
1871 01 11 08 00  37.93   40.21 1018.8       DIYARBAKIR
1871 01 12 08 00  37.93   40.21 1015.9       DIYARBAKIR
1871 01 13 08 00  37.93   40.21 1021.8       DIYARBAKIR
1871 01 14 08 00  37.93   40.21 1023.2       DIYARBAKIR
1871 01 15 08 00  37.93   40.21 1023.8       DIYARBAKIR
1871 01 16 08 00  37.93   40.21 1012.1       DIYARBAKIR
1871 01 17 08 00  37.93   40.21 1009.6       DIYARBAKIR
1871 01 18 08 00  37.93   40.21 1015.5       DIYARBAKIR
1871 01 19 08 00  37.93   40.21 1022.5       DIYARBAKIR
1871 01 20 08 00  37.93   40.21 1013.7       DIYARBAKIR
1871 01 21 08 00  37.93   40.21 1026.0       DIYARBAKIR
1871 01 22 08 00  37.93   40.21 1025.7       DIYARBAKIR
1871 01 23 08 00  37.93   40.21 1026.9       DIYARBAKIR
1871 01 24 08 00  37.93   40.21 1025.2       DIYARBAKIR
1871 01 25 08 00  37.93   40.21 1024.0       DIYARBAKIR
1871 01 26 08 00  37.93   40.21 1023.8       DIYARBAKIR
1871 01 27 08 00  37.93   40.21 1024.1       DIYARBAKIR
1871 01 28 08 00  37.93   40.21 1022.6       DIYARBAKIR
1871 01 29 08 00  37.93   40.21 1020.1       DIYARBAKIR
1871 01 30 08 00  37.93   40.21 1018.9       DIYARBAKIR
1871 01 31 08 00  37.93   40.21 1010.3       DIYARBAKIR
1871 01 01 08 00  33.89   35.50 1016.0           BEIRUT
1871 01 02 08 00  33.89   35.50 1014.5           BEIRUT
1871 01 03 08 00  33.89   35.50 1010.8           BEIRUT
1871 01 04 08 00  33.89   35.50 1014.8           BEIRUT
1871 01 05 08 00  33.89   35.50 1011.1           BEIRUT
1871 01 08 08 00  33.89   35.50 1014.5           BEIRUT
1871 01 09 08 00  33.89   35.50 1012.1           BEIRUT
1871 01 10 08 00  33.89   35.50 1012.5           BEIRUT
1871 01 11 08 00  33.89   35.50 1012.3           BEIRUT
1871 01 12 08 00  33.89   35.50 1014.8           BEIRUT
1871 01 13 08 00  33.89   35.50 1018.0           BEIRUT
1871 01 14 08 00  33.89   35.50 1013.3           BEIRUT
1871 01 15 08 00  33.89   35.50 1013.2           BEIRUT
1871 01 16 08 00  33.89   35.50 1007.5           BEIRUT
1871 01 17 08 00  33.89   35.50 1009.1           BEIRUT
1871 01 18 08 00  33.89   35.50 1012.1           BEIRUT
1871 01 19 08 00  33.89   35.50 1020.8           BEIRUT
1871 01 20 08 00  33.89   35.50 1022.9           BEIRUT
1871 01 21 08 00  33.89   35.50 1020.1           BEIRUT
1871 01 22 08 00  33.89   35.50 1017.3           BEIRUT
1871 01 23 08 00  33.89   35.50 1018.6           BEIRUT
1871 01 24 08 00  33.89   35.50 1020.8           BEIRUT
1871 01 25 08 00  33.89   35.50 1019.2           BEIRUT
1871 01 26 08 00  33.89   35.50 1018.8           BEIRUT
1871 01 27 08 00  33.89   35.50 1020.9           BEIRUT
1871 01 28 08 00  33.89   35.50 1019.7           BEIRUT
1871 01 29 08 00  33.89   35.50 1006.8           BEIRUT
1871 01 30 08 00  33.89   35.50 1009.5           BEIRUT
1871 01 01 08 00  55.20   -6.99 1000.3      GREENCASTLE
1871 01 02 08 00  55.20   -6.99 1007.8      GREENCASTLE
1871 01 02 14 00  55.20   -6.99 1010.2      GREENCASTLE
1871 01 03 08 00  55.20   -6.99 1012.5      GREENCASTLE
1871 01 03 14 00  55.20   -6.99 1013.9      GREENCASTLE
1871 01 04 08 00  55.20   -6.99 1008.5      GREENCASTLE
1871 01 05 08 00  55.20   -6.99 1004.7      GREENCASTLE
1871 01 05 14 00  55.20   -6.99 1007.1      GREENCASTLE
1871 01 06 08 00  55.20   -6.99 1005.4      GREENCASTLE
1871 01 06 14 00  55.20   -6.99 1002.0      GREENCASTLE
1871 01 07 08 00  55.20   -6.99  995.3      GREENCASTLE
1871 01 07 14 00  55.20   -6.99  994.9      GREENCASTLE
1871 01 08 08 00  55.20   -6.99 1001.0      GREENCASTLE
1871 01 09 08 00  55.20   -6.99 1001.4      GREENCASTLE
1871 01 09 14 00  55.20   -6.99 1003.7      GREENCASTLE
1871 01 10 08 00  55.20   -6.99 1000.0      GREENCASTLE
1871 01 10 14 00  55.20   -6.99  997.0      GREENCASTLE
1871 01 11 08 00  55.20   -6.99 1016.6      GREENCASTLE
1871 01 11 14 00  55.20   -6.99 1019.0      GREENCASTLE
1871 01 12 08 00  55.20   -6.99 1024.0      GREENCASTLE
1871 01 12 14 00  55.20   -6.99 1022.7      GREENCASTLE
1871 01 13 08 00  55.20   -6.99 1014.9      GREENCASTLE
1871 01 14 08 00  55.20   -6.99  997.3      GREENCASTLE
1871 01 15 08 00  55.20   -6.99  978.7      GREENCASTLE
1871 01 16 08 00  55.20   -6.99  953.6      GREENCASTLE
1871 01 16 14 00  55.20   -6.99  960.4      GREENCASTLE
1871 01 17 08 00  55.20   -6.99  966.8      GREENCASTLE
1871 01 17 14 00  55.20   -6.99  968.5      GREENCASTLE
1871 01 18 08 00  55.20   -6.99  982.4      GREENCASTLE
1871 01 18 14 00  55.20   -6.99  984.1      GREENCASTLE
1871 01 19 08 00  55.20   -6.99  989.2      GREENCASTLE
1871 01 20 08 00  55.20   -6.99 1003.4      GREENCASTLE
1871 01 21 08 00  55.20   -6.99 1003.0      GREENCASTLE
1871 01 22 08 00  55.20   -6.99 1004.4      GREENCASTLE
1871 01 23 08 00  55.20   -6.99 1004.4      GREENCASTLE
1871 01 24 08 00  55.20   -6.99 1025.4      GREENCASTLE
1871 01 24 14 00  55.20   -6.99 1027.8      GREENCASTLE
1871 01 25 08 00  55.20   -6.99 1026.8      GREENCASTLE
1871 01 25 14 00  55.20   -6.99 1023.0      GREENCASTLE
1871 01 26 08 00  55.20   -6.99 1019.6      GREENCASTLE
1871 01 26 14 00  55.20   -6.99 1020.0      GREENCASTLE
1871 01 27 08 00  55.20   -6.99 1021.3      GREENCASTLE
1871 01 27 14 00  55.20   -6.99 1021.7      GREENCASTLE
1871 01 28 08 00  55.20   -6.99 1022.7      GREENCASTLE
1871 01 28 14 00  55.20   -6.99 1022.0      GREENCASTLE
1871 01 29 08 00  55.20   -6.99 1022.4      GREENCASTLE
1871 01 30 08 00  55.20   -6.99 1024.0      GREENCASTLE
1871 01 31 08 00  55.20   -6.99 1019.6      GREENCASTLE
1871 01 31 14 00  55.20   -6.99 1018.3      GREENCASTLE
