1874 11 01 08 00  36.75    3.06 1016.5          ALGIERS
1874 11 04 08 00  36.75    3.06 1018.6          ALGIERS
1874 11 05 08 00  36.75    3.06 1018.2          ALGIERS
1874 11 06 08 00  36.75    3.06 1020.2          ALGIERS
1874 11 07 08 00  36.75    3.06 1034.6          ALGIERS
1874 11 08 08 00  36.75    3.06 1025.2          ALGIERS
1874 11 09 08 00  36.75    3.06 1023.0          ALGIERS
1874 11 12 08 00  36.75    3.06 1005.6          ALGIERS
1874 11 13 08 00  36.75    3.06 1001.6          ALGIERS
1874 11 14 08 00  36.75    3.06 1009.1          ALGIERS
1874 11 15 08 00  36.75    3.06 1011.3          ALGIERS
1874 11 16 08 00  36.75    3.06 1017.6          ALGIERS
1874 11 17 08 00  36.75    3.06 1019.4          ALGIERS
1874 11 18 08 00  36.75    3.06 1020.5          ALGIERS
1874 11 19 08 00  36.75    3.06 1023.2          ALGIERS
1874 11 20 08 00  36.75    3.06 1014.4          ALGIERS
1874 11 21 08 00  36.75    3.06 1012.9          ALGIERS
1874 11 22 08 00  36.75    3.06 1012.7          ALGIERS
1874 11 23 08 00  36.75    3.06 1011.1          ALGIERS
1874 11 24 08 00  36.75    3.06 1009.2          ALGIERS
1874 11 25 08 00  36.75    3.06 1015.5          ALGIERS
1874 11 26 08 00  36.75    3.06 1010.1          ALGIERS
1874 11 27 08 00  36.75    3.06 1008.0          ALGIERS
1874 11 28 08 00  36.75    3.06 1005.7          ALGIERS
1874 11 29 08 00  36.75    3.06 1013.9          ALGIERS
1874 11 30 08 00  36.75    3.06 1011.1          ALGIERS
1874 11 01 08 00  30.51   47.78 1018.6            BASRA
1874 11 02 08 00  30.51   47.78 1020.1            BASRA
1874 11 03 08 00  30.51   47.78 1019.7            BASRA
1874 11 04 08 00  30.51   47.78 1021.3            BASRA
1874 11 05 08 00  30.51   47.78 1019.4            BASRA
1874 11 06 08 00  30.51   47.78 1018.5            BASRA
1874 11 07 08 00  30.51   47.78 1016.9            BASRA
1874 11 08 08 00  30.51   47.78 1017.5            BASRA
1874 11 09 08 00  30.51   47.78 1019.2            BASRA
1874 11 10 08 00  30.51   47.78 1019.3            BASRA
1874 11 11 08 00  30.51   47.78 1018.8            BASRA
1874 11 12 08 00  30.51   47.78 1018.5            BASRA
1874 11 13 08 00  30.51   47.78 1020.1            BASRA
1874 11 14 08 00  30.51   47.78 1020.1            BASRA
1874 11 15 08 00  30.51   47.78 1020.1            BASRA
1874 11 16 08 00  30.51   47.78 1019.8            BASRA
1874 11 17 08 00  30.51   47.78 1019.2            BASRA
1874 11 18 08 00  30.51   47.78 1016.1            BASRA
1874 11 19 08 00  30.51   47.78 1012.1            BASRA
1874 11 20 08 00  30.51   47.78 1011.9            BASRA
1874 11 21 08 00  30.51   47.78 1017.8            BASRA
1874 11 22 08 00  30.51   47.78 1018.8            BASRA
1874 11 23 08 00  30.51   47.78 1016.1            BASRA
1874 11 24 08 00  30.51   47.78 1017.5            BASRA
1874 11 25 08 00  30.51   47.78 1020.4            BASRA
1874 11 26 08 00  30.51   47.78 1020.5            BASRA
1874 11 27 08 00  30.51   47.78 1018.8            BASRA
1874 11 28 08 00  30.51   47.78 1018.2            BASRA
1874 11 29 08 00  30.51   47.78 1017.5            BASRA
1874 11 30 08 00  30.51   47.78 1017.1            BASRA
1874 11 01 08 00  38.66  -27.23 1005.5            ANGRA
1874 11 02 08 00  38.66  -27.23 1017.5            ANGRA
1874 11 03 08 00  38.66  -27.23 1021.4            ANGRA
1874 11 04 08 00  38.66  -27.23 1017.5            ANGRA
1874 11 05 08 00  38.66  -27.23 1016.1            ANGRA
1874 11 06 08 00  38.66  -27.23 1009.5            ANGRA
1874 11 07 08 00  38.66  -27.23  997.5            ANGRA
1874 11 08 08 00  38.66  -27.23 1000.2            ANGRA
1874 11 09 08 00  38.66  -27.23 1012.1            ANGRA
1874 11 10 08 00  38.66  -27.23 1017.5            ANGRA
1874 11 11 08 00  38.66  -27.23 1020.1            ANGRA
1874 11 12 08 00  38.66  -27.23 1020.1            ANGRA
1874 11 13 08 00  38.66  -27.23 1022.8            ANGRA
1874 11 14 08 00  38.66  -27.23 1029.4            ANGRA
1874 11 15 08 00  38.66  -27.23 1030.8            ANGRA
1874 11 16 08 00  38.66  -27.23 1028.1            ANGRA
1874 11 17 08 00  38.66  -27.23 1025.4            ANGRA
1874 11 18 08 00  38.66  -27.23 1022.8            ANGRA
1874 11 19 08 00  38.66  -27.23 1017.5            ANGRA
1874 11 20 08 00  38.66  -27.23 1013.5            ANGRA
1874 11 21 08 00  38.66  -27.23 1017.5            ANGRA
1874 11 22 08 00  38.66  -27.23 1024.1            ANGRA
1874 11 23 08 00  38.66  -27.23 1022.8            ANGRA
1874 11 24 08 00  38.66  -27.23 1021.4            ANGRA
1874 11 25 08 00  38.66  -27.23 1026.8            ANGRA
1874 11 26 08 00  38.66  -27.23 1033.4            ANGRA
1874 11 27 08 00  38.66  -27.23 1030.8            ANGRA
1874 11 28 08 00  38.66  -27.23 1021.4            ANGRA
1874 11 29 08 00  38.66  -27.23 1022.8            ANGRA
1874 11 30 08 00  38.66  -27.23 1014.8            ANGRA
1874 11 01 08 00  38.72   -9.14 1019.2           LISBON
1874 11 02 08 00  38.72   -9.14 1016.1           LISBON
1874 11 03 08 00  38.72   -9.14 1017.8           LISBON
1874 11 04 08 00  38.72   -9.14 1016.1           LISBON
1874 11 05 08 00  38.72   -9.14 1020.1           LISBON
1874 11 06 08 00  38.72   -9.14 1022.9           LISBON
1874 11 07 08 00  38.72   -9.14 1022.8           LISBON
1874 11 08 08 00  38.72   -9.14 1021.8           LISBON
1874 11 09 08 00  38.72   -9.14 1022.6           LISBON
1874 11 10 08 00  38.72   -9.14 1018.6           LISBON
1874 11 11 08 00  38.72   -9.14 1014.7           LISBON
1874 11 12 08 00  38.72   -9.14 1011.1           LISBON
1874 11 13 08 00  38.72   -9.14 1019.2           LISBON
1874 11 14 08 00  38.72   -9.14 1021.3           LISBON
1874 11 15 08 00  38.72   -9.14 1022.6           LISBON
1874 11 16 08 00  38.72   -9.14 1025.6           LISBON
1874 11 17 08 00  38.72   -9.14 1026.5           LISBON
1874 11 18 08 00  38.72   -9.14 1025.7           LISBON
1874 11 19 08 00  38.72   -9.14 1025.4           LISBON
1874 11 20 08 00  38.72   -9.14 1019.7           LISBON
1874 11 21 08 00  38.72   -9.14 1015.3           LISBON
1874 11 22 08 00  38.72   -9.14 1016.4           LISBON
1874 11 23 08 00  38.72   -9.14 1016.7           LISBON
1874 11 24 08 00  38.72   -9.14 1017.5           LISBON
1874 11 25 08 00  38.72   -9.14 1019.7           LISBON
1874 11 26 08 00  38.72   -9.14 1018.6           LISBON
1874 11 27 08 00  38.72   -9.14 1012.5           LISBON
1874 11 28 08 00  38.72   -9.14 1014.8           LISBON
1874 11 29 08 00  38.72   -9.14 1015.5           LISBON
1874 11 30 08 00  38.72   -9.14 1006.0           LISBON
1874 11 01 08 00  57.20   -2.20 1025.4         ABERDEEN
1874 11 02 08 00  57.20   -2.20 1020.0         ABERDEEN
1874 11 03 08 00  57.20   -2.20 1009.1         ABERDEEN
1874 11 04 08 00  57.20   -2.20 1010.5         ABERDEEN
1874 11 05 08 00  57.20   -2.20 1010.2         ABERDEEN
1874 11 06 08 00  57.20   -2.20 1019.3         ABERDEEN
1874 11 07 08 00  57.20   -2.20 1020.0         ABERDEEN
1874 11 08 08 00  57.20   -2.20 1021.7         ABERDEEN
1874 11 09 08 00  57.20   -2.20 1019.3         ABERDEEN
1874 11 10 08 00  57.20   -2.20 1013.2         ABERDEEN
1874 11 11 08 00  57.20   -2.20 1016.6         ABERDEEN
1874 11 12 08 00  57.20   -2.20 1016.9         ABERDEEN
1874 11 13 08 00  57.20   -2.20 1011.5         ABERDEEN
1874 11 14 08 00  57.20   -2.20 1016.6         ABERDEEN
1874 11 15 08 00  57.20   -2.20 1004.4         ABERDEEN
1874 11 16 08 00  57.20   -2.20  995.9         ABERDEEN
1874 11 17 08 00  57.20   -2.20 1000.3         ABERDEEN
1874 11 18 08 00  57.20   -2.20 1005.1         ABERDEEN
1874 11 19 08 00  57.20   -2.20  997.3         ABERDEEN
1874 11 20 08 00  57.20   -2.20 1009.5         ABERDEEN
1874 11 21 08 00  57.20   -2.20 1019.3         ABERDEEN
1874 11 22 08 00  57.20   -2.20 1018.6         ABERDEEN
1874 11 23 08 00  57.20   -2.20 1019.3         ABERDEEN
1874 11 24 08 00  57.20   -2.20 1018.3         ABERDEEN
1874 11 25 08 00  57.20   -2.20 1008.5         ABERDEEN
1874 11 26 08 00  57.20   -2.20 1004.7         ABERDEEN
1874 11 27 08 00  57.20   -2.20 1003.7         ABERDEEN
1874 11 28 08 00  57.20   -2.20 1001.7         ABERDEEN
1874 11 29 08 00  57.20   -2.20  982.7         ABERDEEN
1874 11 30 08 00  57.20   -2.20  980.0         ABERDEEN
1874 11 01 08 00  45.94   -0.96 1017.6        ROCHEFORT
1874 11 02 08 00  45.94   -0.96 1019.6        ROCHEFORT
1874 11 03 08 00  45.94   -0.96 1019.0        ROCHEFORT
1874 11 04 08 00  45.94   -0.96 1020.3        ROCHEFORT
1874 11 05 08 00  45.94   -0.96 1018.3        ROCHEFORT
1874 11 06 08 00  45.94   -0.96 1026.1        ROCHEFORT
1874 11 07 08 00  45.94   -0.96 1028.8        ROCHEFORT
1874 11 08 08 00  45.94   -0.96 1029.8        ROCHEFORT
1874 11 09 08 00  45.94   -0.96 1027.8        ROCHEFORT
1874 11 10 08 00  45.94   -0.96 1024.0        ROCHEFORT
1874 11 11 08 00  45.94   -0.96 1019.6        ROCHEFORT
1874 11 12 08 00  45.94   -0.96 1011.2        ROCHEFORT
1874 11 13 08 00  45.94   -0.96 1017.3        ROCHEFORT
1874 11 14 08 00  45.94   -0.96 1016.6        ROCHEFORT
1874 11 15 08 00  45.94   -0.96 1021.7        ROCHEFORT
1874 11 16 08 00  45.94   -0.96 1012.2        ROCHEFORT
1874 11 17 08 00  45.94   -0.96 1018.6        ROCHEFORT
1874 11 18 08 00  45.94   -0.96 1024.0        ROCHEFORT
1874 11 19 08 00  45.94   -0.96 1022.4        ROCHEFORT
1874 11 20 08 00  45.94   -0.96 1017.9        ROCHEFORT
1874 11 21 08 00  45.94   -0.96 1019.0        ROCHEFORT
1874 11 22 08 00  45.94   -0.96 1019.6        ROCHEFORT
1874 11 23 08 00  45.94   -0.96 1013.9        ROCHEFORT
1874 11 24 08 00  45.94   -0.96 1021.0        ROCHEFORT
1874 11 25 08 00  45.94   -0.96 1019.6        ROCHEFORT
1874 11 26 08 00  45.94   -0.96 1006.4        ROCHEFORT
1874 11 27 08 00  45.94   -0.96 1006.1        ROCHEFORT
1874 11 28 08 00  45.94   -0.96 1002.0        ROCHEFORT
1874 11 29 08 00  45.94   -0.96  998.3        ROCHEFORT
1874 11 30 08 00  45.94   -0.96  993.6        ROCHEFORT
1874 11 01 08 00  51.80   -8.30 1019.3      ROCHESPOINT
1874 11 02 08 00  51.80   -8.30 1007.8      ROCHESPOINT
1874 11 03 08 00  51.80   -8.30 1018.6      ROCHESPOINT
1874 11 04 08 00  51.80   -8.30 1018.3      ROCHESPOINT
1874 11 05 08 00  51.80   -8.30 1015.2      ROCHESPOINT
1874 11 06 08 00  51.80   -8.30 1024.0      ROCHESPOINT
1874 11 07 08 00  51.80   -8.30 1028.1      ROCHESPOINT
1874 11 08 08 00  51.80   -8.30 1028.1      ROCHESPOINT
1874 11 09 08 00  51.80   -8.30 1028.4      ROCHESPOINT
1874 11 10 08 00  51.80   -8.30 1025.4      ROCHESPOINT
1874 11 11 08 00  51.80   -8.30 1028.8      ROCHESPOINT
1874 11 12 08 00  51.80   -8.30 1024.4      ROCHESPOINT
1874 11 13 08 00  51.80   -8.30 1020.3      ROCHESPOINT
1874 11 14 08 00  51.80   -8.30 1025.7      ROCHESPOINT
1874 11 15 08 00  51.80   -8.30 1019.3      ROCHESPOINT
1874 11 16 08 00  51.80   -8.30 1014.2      ROCHESPOINT
1874 11 17 08 00  51.80   -8.30 1015.6      ROCHESPOINT
1874 11 18 08 00  51.80   -8.30 1015.2      ROCHESPOINT
1874 11 19 08 00  51.80   -8.30 1012.5      ROCHESPOINT
1874 11 20 08 00  51.80   -8.30 1018.3      ROCHESPOINT
1874 11 21 08 00  51.80   -8.30 1015.2      ROCHESPOINT
1874 11 22 08 00  51.80   -8.30 1008.1      ROCHESPOINT
1874 11 23 08 00  51.80   -8.30 1015.6      ROCHESPOINT
1874 11 24 08 00  51.80   -8.30 1014.9      ROCHESPOINT
1874 11 25 08 00  51.80   -8.30 1005.1      ROCHESPOINT
1874 11 26 08 00  51.80   -8.30 1007.8      ROCHESPOINT
1874 11 27 08 00  51.80   -8.30  999.7      ROCHESPOINT
1874 11 28 08 00  51.80   -8.30  993.2      ROCHESPOINT
1874 11 29 08 00  51.80   -8.30  979.3      ROCHESPOINT
1874 11 30 08 00  51.80   -8.30  978.3      ROCHESPOINT
1874 11 01 08 00  50.38   -4.14 1018.6         PLYMOUTH
1874 11 02 08 00  50.38   -4.14 1015.2         PLYMOUTH
1874 11 03 08 00  50.38   -4.14 1021.0         PLYMOUTH
1874 11 04 08 00  50.38   -4.14 1022.0         PLYMOUTH
1874 11 05 08 00  50.38   -4.14 1017.6         PLYMOUTH
1874 11 06 08 00  50.38   -4.14 1024.0         PLYMOUTH
1874 11 07 08 00  50.38   -4.14 1029.8         PLYMOUTH
1874 11 08 08 00  50.38   -4.14 1031.5         PLYMOUTH
1874 11 09 08 00  50.38   -4.14 1029.8         PLYMOUTH
1874 11 10 08 00  50.38   -4.14 1022.7         PLYMOUTH
1874 11 11 08 00  50.38   -4.14 1025.4         PLYMOUTH
1874 11 12 08 00  50.38   -4.14 1019.0         PLYMOUTH
1874 11 13 08 00  50.38   -4.14 1016.3         PLYMOUTH
1874 11 14 08 00  50.38   -4.14 1023.4         PLYMOUTH
1874 11 15 08 00  50.38   -4.14 1019.6         PLYMOUTH
1874 11 16 08 00  50.38   -4.14 1012.2         PLYMOUTH
1874 11 17 08 00  50.38   -4.14 1013.2         PLYMOUTH
1874 11 18 08 00  50.38   -4.14 1018.3         PLYMOUTH
1874 11 19 08 00  50.38   -4.14 1013.9         PLYMOUTH
1874 11 20 08 00  50.38   -4.14 1016.3         PLYMOUTH
1874 11 21 08 00  50.38   -4.14 1019.6         PLYMOUTH
1874 11 22 08 00  50.38   -4.14 1015.9         PLYMOUTH
1874 11 23 08 00  50.38   -4.14 1014.2         PLYMOUTH
1874 11 24 08 00  50.38   -4.14 1021.0         PLYMOUTH
1874 11 25 08 00  50.38   -4.14 1012.2         PLYMOUTH
1874 11 26 08 00  50.38   -4.14 1007.5         PLYMOUTH
1874 11 27 08 00  50.38   -4.14 1000.7         PLYMOUTH
1874 11 28 08 00  50.38   -4.14  997.6         PLYMOUTH
1874 11 29 08 00  50.38   -4.14  975.6         PLYMOUTH
1874 11 30 08 00  50.38   -4.14  979.3         PLYMOUTH
1874 11 01 08 00  41.90   12.50 1020.9             ROME
1874 11 02 08 00  41.90   12.50 1020.8             ROME
1874 11 03 08 00  41.90   12.50 1021.7             ROME
1874 11 04 08 00  41.90   12.50 1023.2             ROME
1874 11 05 08 00  41.90   12.50 1024.2             ROME
1874 11 06 08 00  41.90   12.50 1024.0             ROME
1874 11 07 08 00  41.90   12.50 1025.4             ROME
1874 11 08 08 00  41.90   12.50 1024.1             ROME
1874 11 09 08 00  41.90   12.50 1021.2             ROME
1874 11 10 08 00  41.90   12.50 1018.6             ROME
1874 11 11 08 00  41.90   12.50 1011.1             ROME
1874 11 12 08 00  41.90   12.50 1000.2             ROME
1874 11 13 08 00  41.90   12.50  998.6             ROME
1874 11 14 08 00  41.90   12.50  985.5             ROME
1874 11 15 08 00  41.90   12.50  999.5             ROME
1874 11 16 08 00  41.90   12.50 1001.5             ROME
1874 11 17 08 00  41.90   12.50 1001.5             ROME
1874 11 18 08 00  41.90   12.50 1006.8             ROME
1874 11 19 08 00  41.90   12.50 1005.7             ROME
1874 11 20 08 00  41.90   12.50  990.9             ROME
1874 11 21 08 00  41.90   12.50 1001.4             ROME
1874 11 22 08 00  41.90   12.50 1006.1             ROME
1874 11 23 08 00  41.90   12.50 1012.1             ROME
1874 11 24 08 00  41.90   12.50 1010.8             ROME
1874 11 25 08 00  41.90   12.50 1008.0             ROME
1874 11 26 08 00  41.90   12.50 1008.1             ROME
1874 11 27 08 00  41.90   12.50 1010.3             ROME
1874 11 28 08 00  41.90   12.50 1005.5             ROME
1874 11 29 08 00  41.90   12.50 1007.9             ROME
1874 11 30 08 00  41.90   12.50 1010.8             ROME
1874 11 01 08 00  48.39   -4.49 1016.6            BREST
1874 11 02 08 00  48.39   -4.49 1017.3            BREST
1874 11 03 08 00  48.39   -4.49 1020.7            BREST
1874 11 04 08 00  48.39   -4.49 1020.3            BREST
1874 11 05 08 00  48.39   -4.49 1017.3            BREST
1874 11 06 08 00  48.39   -4.49 1025.4            BREST
1874 11 07 08 00  48.39   -4.49 1029.8            BREST
1874 11 08 08 00  48.39   -4.49 1031.8            BREST
1874 11 09 08 00  48.39   -4.49 1030.5            BREST
1874 11 10 08 00  48.39   -4.49 1024.7            BREST
1874 11 11 08 00  48.39   -4.49 1026.4            BREST
1874 11 12 08 00  48.39   -4.49 1018.3            BREST
1874 11 13 08 00  48.39   -4.49 1020.0            BREST
1874 11 14 08 00  48.39   -4.49 1021.7            BREST
1874 11 15 08 00  48.39   -4.49 1024.0            BREST
1874 11 16 08 00  48.39   -4.49 1017.3            BREST
1874 11 17 08 00  48.39   -4.49 1020.0            BREST
1874 11 18 08 00  48.39   -4.49 1024.4            BREST
1874 11 19 08 00  48.39   -4.49 1020.7            BREST
1874 11 20 08 00  48.39   -4.49 1019.3            BREST
1874 11 21 08 00  48.39   -4.49 1019.6            BREST
1874 11 22 08 00  48.39   -4.49 1016.6            BREST
1874 11 23 08 00  48.39   -4.49 1012.2            BREST
1874 11 24 08 00  48.39   -4.49 1023.0            BREST
1874 11 25 08 00  48.39   -4.49 1014.2            BREST
1874 11 26 08 00  48.39   -4.49 1009.1            BREST
1874 11 27 08 00  48.39   -4.49 1004.1            BREST
1874 11 28 08 00  48.39   -4.49  999.3            BREST
1874 11 29 08 00  48.39   -4.49  988.1            BREST
1874 11 30 08 00  48.39   -4.49  983.7            BREST
1874 11 08 08 00  45.76    4.84 1022.8            LYONS
1874 11 22 08 00  45.76    4.84 1008.1            LYONS
1874 11 01 08 00  43.12    5.93 1024.7           TOULON
1874 11 02 08 00  43.12    5.93 1023.0           TOULON
1874 11 03 08 00  43.12    5.93 1023.4           TOULON
1874 11 04 08 00  43.12    5.93 1025.7           TOULON
1874 11 05 08 00  43.12    5.93 1023.7           TOULON
1874 11 06 08 00  43.12    5.93 1026.8           TOULON
1874 11 07 08 00  43.12    5.93 1029.1           TOULON
1874 11 08 08 00  43.12    5.93 1028.8           TOULON
1874 11 09 08 00  43.12    5.93 1027.4           TOULON
1874 11 10 08 00  43.12    5.93 1023.4           TOULON
1874 11 11 08 00  43.12    5.93 1011.2           TOULON
1874 11 12 08 00  43.12    5.93 1015.6           TOULON
1874 11 13 08 00  43.12    5.93 1000.7           TOULON
1874 11 14 08 00  43.12    5.93  999.7           TOULON
1874 11 15 08 00  43.12    5.93 1003.4           TOULON
1874 11 16 08 00  43.12    5.93 1005.1           TOULON
1874 11 17 08 00  43.12    5.93 1007.1           TOULON
1874 11 18 08 00  43.12    5.93 1012.2           TOULON
1874 11 19 08 00  43.12    5.93 1009.5           TOULON
1874 11 20 08 00  43.12    5.93 1004.4           TOULON
1874 11 21 08 00  43.12    5.93 1004.4           TOULON
1874 11 22 08 00  43.12    5.93 1011.2           TOULON
1874 11 23 08 00  43.12    5.93 1011.2           TOULON
1874 11 24 08 00  43.12    5.93 1013.2           TOULON
1874 11 25 08 00  43.12    5.93 1013.5           TOULON
1874 11 26 08 00  43.12    5.93 1011.5           TOULON
1874 11 27 08 00  43.12    5.93 1009.8           TOULON
1874 11 28 08 00  43.12    5.93 1008.5           TOULON
1874 11 29 08 00  43.12    5.93 1008.8           TOULON
1874 11 30 08 00  43.12    5.93 1007.5           TOULON
1874 11 01 08 00  33.31   44.36 1022.8          BAGHDAD
1874 11 02 08 00  33.31   44.36 1025.4          BAGHDAD
1874 11 03 08 00  33.31   44.36 1025.4          BAGHDAD
1874 11 04 08 00  33.31   44.36 1029.4          BAGHDAD
1874 11 05 08 00  33.31   44.36 1029.4          BAGHDAD
1874 11 06 08 00  33.31   44.36 1026.8          BAGHDAD
1874 11 07 08 00  33.31   44.36 1026.8          BAGHDAD
1874 11 08 08 00  33.31   44.36 1026.8          BAGHDAD
1874 11 09 08 00  33.31   44.36 1028.1          BAGHDAD
1874 11 10 08 00  33.31   44.36 1029.4          BAGHDAD
1874 11 11 08 00  33.31   44.36 1029.4          BAGHDAD
1874 11 12 08 00  33.31   44.36 1026.8          BAGHDAD
1874 11 13 08 00  33.31   44.36 1028.1          BAGHDAD
1874 11 14 08 00  33.31   44.36 1030.8          BAGHDAD
1874 11 15 08 00  33.31   44.36 1030.8          BAGHDAD
1874 11 16 08 00  33.31   44.36 1029.4          BAGHDAD
1874 11 17 08 00  33.31   44.36 1029.4          BAGHDAD
1874 11 18 08 00  33.31   44.36 1022.8          BAGHDAD
1874 11 19 08 00  33.31   44.36 1022.8          BAGHDAD
1874 11 20 08 00  33.31   44.36 1016.1          BAGHDAD
1874 11 21 08 00  33.31   44.36 1025.4          BAGHDAD
1874 11 22 08 00  33.31   44.36 1026.8          BAGHDAD
1874 11 23 08 00  33.31   44.36 1025.4          BAGHDAD
1874 11 24 08 00  33.31   44.36 1026.8          BAGHDAD
1874 11 25 08 00  33.31   44.36 1032.1          BAGHDAD
1874 11 26 08 00  33.31   44.36 1032.1          BAGHDAD
1874 11 27 08 00  33.31   44.36 1029.4          BAGHDAD
1874 11 28 08 00  33.31   44.36 1028.1          BAGHDAD
1874 11 29 08 00  33.31   44.36 1026.8          BAGHDAD
1874 11 30 08 00  33.31   44.36 1026.8          BAGHDAD
1874 11 01 08 00  58.20   -6.30 1020.1        STORNOWAY
1874 11 02 08 00  58.20   -6.30 1013.5        STORNOWAY
1874 11 03 08 00  58.20   -6.30  997.5        STORNOWAY
1874 11 04 08 00  58.20   -6.30 1001.5        STORNOWAY
1874 11 05 08 00  58.20   -6.30 1002.8        STORNOWAY
1874 11 06 08 00  58.20   -6.30 1010.8        STORNOWAY
1874 11 07 08 00  58.20   -6.30 1014.8        STORNOWAY
1874 11 08 08 00  58.20   -6.30 1012.1        STORNOWAY
1874 11 09 08 00  58.20   -6.30 1010.8        STORNOWAY
1874 11 10 08 00  58.20   -6.30 1010.8        STORNOWAY
1874 11 11 08 00  58.20   -6.30 1016.1        STORNOWAY
1874 11 12 08 00  58.20   -6.30 1017.5        STORNOWAY
1874 11 13 08 00  58.20   -6.30 1013.5        STORNOWAY
1874 11 14 08 00  58.20   -6.30 1013.5        STORNOWAY
1874 11 15 08 00  58.20   -6.30  998.8        STORNOWAY
1874 11 16 08 00  58.20   -6.30  993.5        STORNOWAY
1874 11 17 08 00  58.20   -6.30 1000.2        STORNOWAY
1874 11 18 08 00  58.20   -6.30  996.2        STORNOWAY
1874 11 19 08 00  58.20   -6.30  989.5        STORNOWAY
1874 11 20 08 00  58.20   -6.30 1008.1        STORNOWAY
1874 11 21 08 00  58.20   -6.30 1013.5        STORNOWAY
1874 11 22 08 00  58.20   -6.30 1009.5        STORNOWAY
1874 11 23 08 00  58.20   -6.30 1010.8        STORNOWAY
1874 11 24 08 00  58.20   -6.30 1008.1        STORNOWAY
1874 11 25 08 00  58.20   -6.30  993.5        STORNOWAY
1874 11 26 08 00  58.20   -6.30  996.2        STORNOWAY
1874 11 27 08 00  58.20   -6.30  990.9        STORNOWAY
1874 11 28 08 00  58.20   -6.30  992.2        STORNOWAY
1874 11 29 08 00  58.20   -6.30  978.9        STORNOWAY
1874 11 30 08 00  58.20   -6.30  980.2        STORNOWAY
1874 11 01 08 00  32.67  -16.92 1009.5          FUNCHAL
1874 11 02 08 00  32.67  -16.92 1008.1          FUNCHAL
1874 11 03 08 00  32.67  -16.92 1010.8          FUNCHAL
1874 11 04 08 00  32.67  -16.92 1012.1          FUNCHAL
1874 11 05 08 00  32.67  -16.92 1013.5          FUNCHAL
1874 11 06 08 00  32.67  -16.92 1012.1          FUNCHAL
1874 11 07 08 00  32.67  -16.92 1013.5          FUNCHAL
1874 11 08 08 00  32.67  -16.92 1017.5          FUNCHAL
1874 11 09 08 00  32.67  -16.92 1018.8          FUNCHAL
1874 11 10 08 00  32.67  -16.92 1012.1          FUNCHAL
1874 11 11 08 00  32.67  -16.92 1012.1          FUNCHAL
1874 11 12 08 00  32.67  -16.92 1014.8          FUNCHAL
1874 11 13 08 00  32.67  -16.92 1016.1          FUNCHAL
1874 11 14 08 00  32.67  -16.92 1021.4          FUNCHAL
1874 11 15 08 00  32.67  -16.92 1022.8          FUNCHAL
1874 11 16 08 00  32.67  -16.92 1024.1          FUNCHAL
1874 11 17 08 00  32.67  -16.92 1024.1          FUNCHAL
1874 11 18 08 00  32.67  -16.92 1022.8          FUNCHAL
1874 11 19 08 00  32.67  -16.92 1021.4          FUNCHAL
1874 11 20 08 00  32.67  -16.92 1018.8          FUNCHAL
1874 11 21 08 00  32.67  -16.92 1014.8          FUNCHAL
1874 11 22 08 00  32.67  -16.92 1016.1          FUNCHAL
1874 11 23 08 00  32.67  -16.92 1018.8          FUNCHAL
1874 11 24 08 00  32.67  -16.92 1018.8          FUNCHAL
1874 11 25 08 00  32.67  -16.92 1021.4          FUNCHAL
1874 11 26 08 00  32.67  -16.92 1024.1          FUNCHAL
1874 11 27 08 00  32.67  -16.92 1026.8          FUNCHAL
1874 11 28 08 00  32.67  -16.92 1022.8          FUNCHAL
1874 11 29 08 00  32.67  -16.92 1021.4          FUNCHAL
1874 11 30 08 00  32.67  -16.92 1014.8          FUNCHAL
1874 11 01 08 00  33.89   35.50 1015.2           BEIRUT
1874 11 02 08 00  33.89   35.50 1013.1           BEIRUT
1874 11 03 08 00  33.89   35.50 1013.1           BEIRUT
1874 11 04 08 00  33.89   35.50 1012.7           BEIRUT
1874 11 05 08 00  33.89   35.50 1013.2           BEIRUT
1874 11 06 08 00  33.89   35.50 1014.3           BEIRUT
1874 11 07 08 00  33.89   35.50 1013.9           BEIRUT
1874 11 08 08 00  33.89   35.50 1013.1           BEIRUT
1874 11 09 08 00  33.89   35.50 1012.8           BEIRUT
1874 11 10 08 00  33.89   35.50 1013.2           BEIRUT
1874 11 11 08 00  33.89   35.50 1011.6           BEIRUT
1874 11 12 08 00  33.89   35.50 1014.3           BEIRUT
1874 11 13 08 00  33.89   35.50 1015.5           BEIRUT
1874 11 14 08 00  33.89   35.50 1015.3           BEIRUT
1874 11 15 08 00  33.89   35.50 1014.3           BEIRUT
1874 11 16 08 00  33.89   35.50 1010.9           BEIRUT
1874 11 17 08 00  33.89   35.50 1004.8           BEIRUT
1874 11 18 08 00  33.89   35.50 1003.0           BEIRUT
1874 11 19 08 00  33.89   35.50 1003.1           BEIRUT
1874 11 20 08 00  33.89   35.50 1003.1           BEIRUT
1874 11 21 08 00  33.89   35.50 1003.5           BEIRUT
1874 11 22 08 00  33.89   35.50 1006.8           BEIRUT
1874 11 23 08 00  33.89   35.50 1010.0           BEIRUT
1874 11 24 08 00  33.89   35.50 1013.6           BEIRUT
1874 11 25 08 00  33.89   35.50 1013.7           BEIRUT
1874 11 26 08 00  33.89   35.50 1015.2           BEIRUT
1874 11 27 08 00  33.89   35.50 1009.9           BEIRUT
1874 11 28 08 00  33.89   35.50 1011.2           BEIRUT
1874 11 29 08 00  33.89   35.50 1011.9           BEIRUT
1874 11 30 08 00  33.89   35.50 1010.8           BEIRUT
1874 11 01 08 00  55.20   -6.99 1025.4      GREENCASTLE
1874 11 01 14 00  55.20   -6.99 1029.5      GREENCASTLE
1874 11 02 08 00  55.20   -6.99 1017.3      GREENCASTLE
1874 11 03 08 00  55.20   -6.99 1011.9      GREENCASTLE
1874 11 03 14 00  55.20   -6.99 1013.9      GREENCASTLE
1874 11 04 08 00  55.20   -6.99 1012.5      GREENCASTLE
1874 11 04 14 00  55.20   -6.99 1010.2      GREENCASTLE
1874 11 05 08 00  55.20   -6.99 1013.5      GREENCASTLE
1874 11 05 14 00  55.20   -6.99 1011.9      GREENCASTLE
1874 11 06 08 00  55.20   -6.99 1021.7      GREENCASTLE
1874 11 06 14 00  55.20   -6.99 1015.2      GREENCASTLE
1874 11 07 08 00  55.20   -6.99 1025.1      GREENCASTLE
1874 11 07 14 00  55.20   -6.99 1021.7      GREENCASTLE
1874 11 08 08 00  55.20   -6.99 1026.8      GREENCASTLE
1874 11 08 14 00  55.20   -6.99 1026.1      GREENCASTLE
1874 11 09 08 00  55.20   -6.99 1023.4      GREENCASTLE
1874 11 10 08 00  55.20   -6.99 1023.0      GREENCASTLE
1874 11 10 14 00  55.20   -6.99 1019.6      GREENCASTLE
1874 11 11 08 00  55.20   -6.99 1024.0      GREENCASTLE
1874 11 11 14 00  55.20   -6.99 1025.4      GREENCASTLE
1874 11 12 08 00  55.20   -6.99 1024.4      GREENCASTLE
1874 11 12 14 00  55.20   -6.99 1022.0      GREENCASTLE
1874 11 13 08 00  55.20   -6.99 1017.9      GREENCASTLE
1874 11 13 14 00  55.20   -6.99 1024.0      GREENCASTLE
1874 11 14 08 00  55.20   -6.99 1023.4      GREENCASTLE
1874 11 14 14 00  55.20   -6.99 1020.3      GREENCASTLE
1874 11 15 08 00  55.20   -6.99 1013.2      GREENCASTLE
1874 11 15 14 00  55.20   -6.99 1021.3      GREENCASTLE
1874 11 16 08 00  55.20   -6.99 1006.4      GREENCASTLE
1874 11 17 08 00  55.20   -6.99 1009.5      GREENCASTLE
1874 11 17 14 00  55.20   -6.99 1000.3      GREENCASTLE
1874 11 18 08 00  55.20   -6.99 1005.8      GREENCASTLE
1874 11 18 14 00  55.20   -6.99 1012.2      GREENCASTLE
1874 11 19 08 00  55.20   -6.99 1003.4      GREENCASTLE
1874 11 19 14 00  55.20   -6.99 1007.5      GREENCASTLE
1874 11 20 08 00  55.20   -6.99 1016.3      GREENCASTLE
1874 11 20 14 00  55.20   -6.99 1004.1      GREENCASTLE
1874 11 21 08 00  55.20   -6.99 1017.6      GREENCASTLE
1874 11 21 14 00  55.20   -6.99 1017.3      GREENCASTLE
1874 11 22 08 00  55.20   -6.99 1012.9      GREENCASTLE
1874 11 22 14 00  55.20   -6.99 1017.3      GREENCASTLE
1874 11 23 08 00  55.20   -6.99 1016.3      GREENCASTLE
1874 11 24 08 00  55.20   -6.99 1014.9      GREENCASTLE
1874 11 24 14 00  55.20   -6.99 1017.6      GREENCASTLE
1874 11 25 08 00  55.20   -6.99 1001.4      GREENCASTLE
1874 11 25 14 00  55.20   -6.99 1012.2      GREENCASTLE
1874 11 26 08 00  55.20   -6.99 1004.4      GREENCASTLE
1874 11 26 14 00  55.20   -6.99 1001.0      GREENCASTLE
1874 11 27 08 00  55.20   -6.99  998.3      GREENCASTLE
1874 11 27 14 00  55.20   -6.99 1002.4      GREENCASTLE
1874 11 28 08 00  55.20   -6.99  995.9      GREENCASTLE
1874 11 28 14 00  55.20   -6.99  998.3      GREENCASTLE
1874 11 29 08 00  55.20   -6.99  974.9      GREENCASTLE
1874 11 29 14 00  55.20   -6.99  992.2      GREENCASTLE
1874 11 30 08 00  55.20   -6.99  978.3      GREENCASTLE
