01 29761 29760 29754 29740 29734 29718 29722 29714 29700 29685 29676 29654 29635 29621 29607 29610 29611 29611 29602 29592 29593 29576 29585 29571
02 29575 29575 29575 29575 29582 29600 29619 29645 29664 29684 29687 29682 29671 29666 29655 29655 29646 29627 29597 29587 29595 29571 29541 29535
03 29524 29510 29485 29476 29470 29475 29460 29456 29447 29437 29440 29427 29424 29425 29395 29371 29392 29395 29400 29396 29397 29412 29436 29457
04 29471 29487 29485 29502 29512 29524 29531 29554 29547 29557 29554 29544 29529 29510 29490 29479 29467 29456 29451 29453 29412 29424 29413 29404
05 29394 29369 29357 29350 29345 29340 29350 29362 29374 29382 29407 29425 29445 29476 29500 29534 29564 29600 29630 29650 29676 29695 29719 29744
06 29774 29795 29809 29826 29846 29854 29869 29895 29910 29907 29917 29915 29902 29897 29895 29882 29882 29880 29879 29870 29854 29864 29864 29875
07 29874 29885 29876 29875 29887 29885 29910 29927 29934 29974 29991 29993 29994 30007 30009 30021 30050 30060 30060 30057 30067 30071 30076 30085
08 30090 30094 30095 30095 30100 30096 30110 30125 30135 30150 30155 30149 30145 30150 30157 30164 30167 30176 30184 30192 30199 30203 30205 30210
09 30210 30210 30212 30210 30221 30224 30234 30247 30257 30264 30265 30265 30264 30264 30270 30271 30275 30279 30280 30279 30282 30285 30290 30289
10 30282 30279 30275 30273 30276 30281 30287 30300 30300 30305 30307 30304 30300 30297 30295 30288 30294 30297 30297 30293 30292 30292 30293 30291
11 30282 30275 30267 30261 30256 30255 30258 30261 30261 30259 30257 30252 30247 30235 30224 30216 30220 30223 30221 30218 30216 30209 30205 30197
12 30190 30183 30165 30157 30145 30135 30121 30120 30116 30100 30082 30057 30026 30000 29984 29976 29960 29950 29922 29891 29864 29843 29815 29780
13 29754 29725 29675 29627 29570 29536 29507 29492 29455 29469 29431 29410 29397 29374 29365 29370 29364 29364 29375 29395 29390 29424 29439 29460
14 29460 29493 29502 29504 29517 29533 29548 29570 29572 29575 29585 29584 29587 29603 29615 29630 29650 29667 29705 29716 29755 29776 29804 29834
15 29841 29869 29885 29920 29940 29961 29996 30019 30050 30067 30095 30114 30124 30140 30154 30179 30195 30205 30216 30235 30250 30256 30272 30285
16 30285 30284 30291 30294 30303 30304 30310 30317 30320 30323 30317 30311 30304 30303 30304 30304 30300 30306 30304 30305 30297 30294 30287 30284
17 30272 30254 30254 30244 30225 30217 30217 30216 30215 30192 30191 30179 30160 30142 30131 30127 30123 30125 30120 30116 30122 30121 30110 30099
18 30079 30076 30064 30050 30044 30051 30048 30055 30051 30057 30054 30035 30029 30020 30014 30019 30027 30040 30047 30055 30057 30069 30069 30070
19 30070 30075 30075 30071 30075 30082 30085 30100 30104 30115 30125 30115 30105 30100 30094 30103 30096 30100 30104 30100 30101 30097 30095 30087
20 30077 30067 30050 30029 30021 30005 30000 29994 29990 29984 29970 29945 29929 29915 29897 29885 29872 29864 29856 29844 29838 29829 29815 29805
21 29785 29771 29752 29727 29716 29705 29705 29704 29700 29694 29691 29670 29660 29645 29632 29627 29614 29610 29607 29601 29594 29587 29576 29564
22 29556 29544 29532 29525 29512 29507 29505 29512 29517 29516 29516 29500 29490 29476 29474 29477 29478 29481 29484 29485 29481 29481 29480 29473
23 29469 29467 29466 29462 29467 29467 29478 29487 29494 29502 29502 29502 29511 29515 29516 29525 29530 29535 29540 29541 29537 29535 29542 29541
24 29537 29534 29535 29535 29535 29545 29548 29565 29579 29596 29600 29611 29610 29615 29617 29634 29635 29637 29645 29645 29650 29645 29644 29635
25 29624 29615 29602 29590 29582 29573 29562 29575 29575 29595 29605 29610 29605 29597 29597 29597 29600 29601 29605 29595 29594 29595 29593 29585
26 29569 29561 29549 29539 29527 29514 29504 29497 29495 29490 29463 29440 29413 29376 29354 29327 29290 29262 29234 29205 29166 29127 29112 29078
27 29036 28985 28945 28896 28880 28852 28825 28806 28784 28774 28776 28787 28820 28844 28883 28935 28980 29029 29055 29084 29109 29124 29116 29109
28 29110 29077 29055 29035 28996 28936 28887 28845 28815 28807 28804 28827 28843 28867 28911 28960 29010 29052 29091 29145 29178 29219 29257 29284
29 29310 29344 29362 29367 29377 29374 29376 29380 29375 29363 29360 29331 29295 29279 29241 29209 29175 29125 29096 29092 29087 29100 29124 29153
30 29176 29209 29219 29243 29260 29285 29296 29324 29350 29373 29384 29385 29379 29390 29404 29414 29429 29441 29459 29476 29488 29500 29531 29552
