01 29691 29679 29670 29664 29653 29643 29635 29619 29605 29587 29578 29555 29543 29519 29499 29519 29535 29541 29549 29565 29577 29587 29595 29599
02 29601 29598 29599 29598 29595 29603 29609 29612 29614 29615 29622 29617 29614 29611 29606 29610 29602 29601 29608 29628 29634 29644 29650 29656
03 29657 29652 29648 29646 29646 29648 29650 29651 29650 29648 29638 29628 29620 29606 29594 29592 29585 29583 29583 29594 29596 29594 29586 29576
04 29567 29552 29544 29523 29512 29511 29511 29506 29504 29499 29488 29473 29466 29455 29454 29460 29462 29464 29466 29480 29484 29489 29488 29489
05 29488 29484 29482 29480 29486 29494 29506 29514 29518 29520 29520 29524 29517 29512 29506 29498 29486 29474 29468 29458 29452 29442 29431 29420
06 29408 29392 29376 29356 29348 29340 29339 29328 29324 29313 29301 29285 29299 29313 29314 29319 29326 29345 29361 29386 29411 29426 29439 29453
07 29464 29481 29496 29517 29529 29552 29579 29601 29615 29629 29657 29665 29671 29677 29707 29715 29736 29756 29753 29762 29783 29799 29810 29816
08 29820 29823 29833 29842 29855 29869 29889 29902 29911 29920 29919 29914 29916 29915 29919 29913 29913 29920 29921 29929 29939 29941 29943 29943
09 29939 29925 29923 29924 29919 29920 29921 29922 29925 29921 29909 29899 29900 29896 29884 29875 29873 29873 29872 29877 29883 29883 29879 29874
10 29863 29857 29854 29853 29861 29869 29879 29893 29897 29902 29903 29902 29901 29899 29889 29886 29882 29875 29879 29889 29898 29900 29893 29895
11 29891 29883 29881 29885 29915 29945 29973 30001 30017 30047 30058 30070 30083 30095 30102 30117 30121 30132 30141 30159 30169 30181 30190 30198
12 30200 30202 30202 30200 30194 30184 30172 30160 30147 30134 30126 30104 30090 30074 30053 30028 30015 29998 29995 29994 29994 29986 29980 29963
13 29952 29932 29908 29882 29874 29870 29869 29861 29852 29841 29827 29810 29798 29787 29778 29769 29766 29765 29773 29777 29785 29791 29795 29793
14 29785 29778 29777 29774 29778 29788 29795 29809 29817 29817 29810 29806 29805 29804 29801 29805 29816 29830 29852 29878 29890 29899 29910 29913
15 29908 29910 29913 29919 29926 29939 29945 29949 29949 29945 29941 29941 29935 29924 29917 29905 29897 29894 29892 29895 29891 29897 29896 29889
16 29868 29853 29838 29822 29811 29801 29803 29809 29811 29802 29793 29785 29778 29765 29751 29747 29748 29759 29760 29763 29765 29764 29759 29745
17 29741 29727 29717 29711 29710 29711 29711 29715 29713 29714 29718 29719 29722 29711 29707 29710 29730 29744 29755 29772 29786 29795 29798 29801
18 29806 29812 29816 29820 29828 29841 29852 29861 29868 29876 29880 29888 29892 29890 29889 29893 29901 29918 29930 29956 29972 29986 29996 30000
19 30001 30006 30002 29998 30000 30002 30004 30003 29996 29986 29965 29952 29940 29922 29905 29890 29877 29863 29854 29843 29830 29806 29780 29748
20 29722 29693 29675 29650 29635 29622 29604 29575 29544 29507 29471 29423 29394 29365 29350 29346 29335 29338 29339 29345 29355 29353 29355 29351
21 29347 29337 29336 29333 29334 29341 29345 29343 29349 29353 29354 29346 29352 29352 29350 29348 29363 29372 29382 29402 29416 29422 29420 29416
22 29404 29388 29359 29325 29291 29245 29200 29144 29123 29119 29163 29252 29321 29375 29397 29413 29424 29450 29468 29494 29510 29520 29528 29538
23 29542 29544 29542 29549 29560 29582 29597 29612 29630 29641 29654 29668 29684 29694 29704 29713 29730 29756 29762 29776 29796 29804 29808 29809
24 29807 29808 29814 29825 29842 29864 29886 29888 29917 29930 29946 29958 29966 29972 29977 29978 29988 29990 30006 30018 30036 30046 30054 30061
25 30058 30058 30054 30051 30048 30054 30055 30046 30039 30029 29988 29974 29960 29947 29913 29885 29856 29829 29825 29819 29825 29827 29825 29829
26 29829 29833 29836 29849 29860 29874 29894 29912 29921 29932 29936 29936 29937 29938 29936 29932 29928 29927 29932 29939 29948 29955 29956 29951
27 29952 29942 29936 29937 29938 29942 29940 29944 29961 29957 29953 29954 29952 29944 29931 29915 29903 29898 29892 29894 29895 29891 29880 29864
28 29852 29834 29828 29825 29833 29837 29846 29847 29866 29868 29867 29865 29864 29861 29857 29858 29856 29857 29860 29864 29867 29872 29870 29866
29 29858 29853 29848 29874 29877 29854 29867 29886 29905 29909 29917 29922 29928 29934 29934 29938 29950 29954 29966 29982 30004 30018 30028 30033
30 30036 30038 30037 30033 30042 30048 30052 30048 30051 30042 30040 30038 30032 30026 30027 30013 30014 30009 29999 29994 29999 29994 29987 29979
31 29977 29972 29986 29998 30007 30021 30035 30048 30058 30066 30087 30090 30095 30091 30093 30089 30087 30095 30103 30113 30133 30145 30155 30170
