01 29419 29381 29351 29325 29321 29321 29327 29337 29349 29351                                                                                    
02                                                                                                                                                
03                                                                                                                                                
04                                                                                                                                                
05                                                                                                                                                
06                                                                                                                                                
07                                                                                                                                                
08                                                                                                                                                                                                                                   
09                                                             29829 29816 29817 29811 29811 29805 29807 29807 29807 29807 29819 29816 29809 29811
10 29807 29805 29803 29803 29807 29819 29823 29834 29841 29852 29859 29864 29867 29867 29869 29869 29871 29869 29874 29881 29897 29899 29899 29903
11 29903 29903 29907 29913 29931 29949 29961 29974 29981 29993 30000 30010 30012 30014 30016 30017 30012 30012 30007 30009 30028 30032 30026 30022
12 30010 29992 29974 29962 29956 29957 29960 29958 29954 29944 29936 29926 29915 29906 29884 29866 29847 29826 29820 29814 29810 29798 29780 29766
13 29732 29704 29680 29656 29642 29630 29616 29603 29593 29584 29570 29561 29556 29552 29550 29550 29554 29568 29578 29596 29610 29622 29633 29640
14 29642 29644 29646 29652 29665 29682 29698 29718 29730 29740 29745 29753 29754 29757 29760 29770 29772 29780 29792 29808 29829 29839 29837 29839
15 29839 29840 29840 29835 29841 29855 29857 29859 29861 29862 29873 29863 29869 29867 29861 29859 29857 29859 29861 29857 29855 29851 29845 29839
16 29817 29802 29797 29789 29784 29794 29799 29811 29812 29815 29815 29808 29802 29800 29794 29784 29772 29766 29763 29756 29758 29750 29742 29734
17 29728 29718 29706 29695 29695 29698 29704 29718 29718 29722 29730 29732 29738 29742 29748 29748 29750 29756 29762 29774 29788 29797 29799 29800
18 29800 29798 29796 29798 29798 29808 29824 29832 29842 29852 29856 29862 29862 29870 29870 29870 29872 29876 29882 29888 29904 29904 29912 29904
19 29895 29882 29873 29858 29850 29844 29834 29815 29790 29760 29730 29700 29675 29632 29616 29620 29620 29624 29622 29630 29632 29612 29602 29576
20 29545 29500 29456 29398 29348 29270 29210 29210 29184 29198 29212 29212 29222 29210 29206 29198 29178 29170 29156 29151 29145 29135 29121 29109
21 29101 29095 29099 29103 29123 29141 29159 29169 29183 29205 29229 29239 29249 29254 29255 29263 29263 29259 29253 29237 29223 29189 29149 29084
22 29019 28977 28999 29051 29094 29155 29191 29239 29267 29291 29307 29318 29332 29330 29338 29356 29368 29380 29387 29398 29415 29430 29436 29443
23 29448 29456 29468 29484 29498 29523 29532 29554 29568 29590 29610 29631 29647 29665 29677 29693 29699 29705 29715 29727 29739 29759 29765 29775
24 29781 29785 29799 29807 29819 29847 29861 29877 29891 29899 29905 29909 29915 29915 29919 29919 29919 29921 29923 29925 29925 29919 29909 29897
25 29879 29861 29837 29802 29773 29763 29731 29703 29685 29677 29677 29681 29681 29682 29679 29677 29680 29689 29705 29717 29735 29747 29753 29755
26 29762 29759 29761 29765 29769 29777 29779 29783 29791 29793 29803 29809 29811 29817 29817 29811 29809 29803 29797 29799 29809 29807 29797 29789
27 29779 29755 29741 29735 29733 29727 29734 29735 29739 29733 29734 29732 29726 29718 29710 29700 29682 29662 29658 29654 29654 29652 29644 29626
28 29624 29620 29602 29590 29587 29590 29593 29598 29602 29614 29615 29619 29621 29625 29631 29651 29646 29645 29643 29647 29666 29671 29663 29655
29 29653 29645 29648 29649 29655 29663 29665 29675 29687 29705 29720 29732 29740 29754 29764 29780 29790 29800 29812 29820 29840 29852 29852 29852
30 29858 29856 29850 29850 29856 29862 29864 29864 29860 29860 29860 29855 29846 29834 29830 29822 29822 29824 29835 29855 29874 29888 29896 29902
31 29900 29902 29904 29922 29932 29938 29952 29970 29972 29992 29995 30000 29995 29994 29994 29984 29985 29996 29996 30010 30016 30025 30024 30028
