01 30111 30123 30136 30142 30152 30154 30171 30187 30205 30228 30242 30235 30227 30226 30230 30231 30245 30246 30241 30242 30235 30229 30230 30225
02 30212 30203 30188 30180 30156 30147 30139 30132 30127 30122 30107 30082 30060 30050 30027 30016 30014 29995 29979 29959 29955 29945 29934 29921
03 29910 29901 29889 29876 29869 29867 29875 29871 29877 29881 29877 29870 29857 29855 29857 29860 29866 29872 29883 29874 29866 29874 29876 29877
04 29877 29875 29860 29860 29850 29839 29844 29819 29799 29790 29782 29752 29730 29710 29677 29654 29650 29642 29600 29580 29572 29542 29519 29514
05 29494 29491 29486 29485 29490 29483 29542 29563 29610 29637 29680 29692 29698 29715 29738 29769 29804 29821 29838 29858 29887 29875 29871 29871
06 29838 29822 29803 29772 29750 29727 29702 29701 29693 29697 29692 29702 29693 29696 29710 29748 29773 29794 29812 29839 29852 29859 29867 29879
07 29871 29871 29872 29876 29891 29907 29912 29924 29942 29941 29936 29916 29893 29858 29846 29834 29823 29783 29775 29745 29723 29685 29666 29659
08 29614 29580 29541 29496 29449 29429 29363 29326 29313 29294 29286 29279 29284 29301 29304 29294 29296 29309 29318 29319 29319 29326 29331 29331
09 29321 29321 29319 29322 29318 29314 29318 29312 29314 29314 29307 29295 29282 29286 29287 29290 29291 29292 29286 29285 29275 29274 29252 29234
10 29216 29192 29164 29119 29080 29042 28982 28924 28843 28770 28683 28601 28536 28506 28480 28452 28430 28403 28381 28374 28348 28332 28316 28306
11 28296 28298 28336 28400 28440 28486 28561 28626 28696 28753 28800 28856 28901 28974 29019 29075 29129 29177 29219 29271 29315 29341 29384 29399
12 29412 29435 29457 29460 29460 29519 29549 29582 29620 29657 29677 29693 29701 29703 29712 29741 29745 29756 29768 29774 29766 29776 29760 29754
13 29759 29759 29756 29756 29743 29746 29743 29738 29735 29736 29733 29730 29724 29728 29733 29745 29750 29768 29783 29789 29807 29825 29838 29857
14 29881 29897 29913 29933 29953 29973 29997 30025 30049 30069 30092 30109 30112 30128 30149 30160 30167 30191 30211 30219 30232 30234 30249 30255
15 30255 30252 30250 30245 30246 30256 30268 30275 30274 30275 30278 30268 30255 30252 30256 30260 30271 30275 30287 30303 30306 30311 30313 30322
16 30322 30321 30340 30341 30336 30343 30356 30371 30384 30392 30402 30396 30388 30388 30386 30384 30385 30392 30396 30398 30402 30395 30386 30380
17 30374 30357 30349 30336 30317 30312 30307 30303 30301 30307 30299 30286 30274 30263 30256 30250 30256 30254 30262 30264 30281 30284 30285 30294
18 30299 30299 30303 30299 30296 30300 30304 30314 30313 30316 30313 30306 30289 30279 30280 30279 30276 30273 30269 30266 30263 30249 30237 30225
19 30213 30204 30195 30176 30166 30152 30140 30133 30129 30119 30120 30104 30091 30090 30081 30075 30074 30070 30062 30059 30055 30047 30045 30040
20 30033 30025 30017 30008 30000 29994 29994 29997 29989 29985 29995 29982 29965 29960 29963 29962 29965 29972 29975 29982 29978 29974 29972 29969
21 29960 29962 29961 29955 29951 29946 29945 29948 29952 29959 29956 29952 29939 29927 29915 29916 29918 29914 29909 29914 29909 29907 29899 29902
22 29898 29891 29896 29894 29887 29878 29876 29887 29893 29902 29911 29913 29900 29890 29892 29896 29905 29900 29905 29906 29913 29918 29924 29923
23 29922 29932 29925 29929 29929 29935 29960 29969 29978 30000 30010 30010 30010 30017 30012 30018 30020 30028 30035 30047 30050 30049 30042 30044
24 30041 30033 30031 30029 30026 30024 30028 30029 30037 30040 30047 30037 30025 30015 30018 30023 30030 30034 30037 30030 30024 30012 30009 30012
25 30010 29997 29983 29982 29974 29963 29961 29969 29963 29958 29942 29928 29912 29872 29862 29856 29841 29836 29835 29817 29799 29792 29774 29759
26 29741 29736 29709 29698 29694 29677 29679 29678 29662 29665 29655 29651 29632 29616 29616 29611 29616 29619 29629 29633 29627 29631 29635 29623
27 29625 29616 29595 29590 29576 29571 29570 29564 29554 29546 29543 29534 29509 29488 29483 29483 29484 29493 29496 29513 29520 29538 29555 29561
28 29568 29570 29567 29563 29551 29543 29529 29508 29463 29430 29399 29346 29272 29197 29157 29141 29128 29127 29124 29120 29116 29107 29102 29099
29 29103 29102 29096 29097 29104 29094 29096 29112 29121 29128 29130 29122 29120 29099 29072 29068 29064 29078 29091 29098 29112 29117 29120 29118
30 29124 29105 29092 29072 29044 29015 28998 28983 28969 28944 28927 28915 28888 28871 28870 28869 28883 28879 28886 28888 28877 28866 28860 28852
31 28840 28829 28799 28769 28752 28730 28714 28707 28708 28710 28713 28696 28660 28633 28596 28558 28506 28478 28443 28416 28396 28413 28416 28396
