01 29944 29936 29930 29916 29920 29928 29930 29936 29928 29920 29922 29909 29899 29893 29887 29879 29873 29867 29867 29873 29879 29889 29883 29875
02 29875 29871 29869 29867 29877 29873 29885 29891 29897 29905 29907 29901 29895 29891 29895 29895 29895 29895 29885 29899 29909 29913 29909 29904
03 29903 29900 29899 29901 29903 29903 29904 29909 29907 29913 29910 29898 29898 29886 29882 29870 29865 29858 29852 29858 29865 29866 29860 29854
04 29838 29816 29806 29792 29794 29794 29802 29800 29796 29782 29781 29771 29763 29763 29763 29763 29756 29745 29745 29749 29749 29745 29737 29731
05 29723 29716 29711 29705 29711 29719 29731 29735 29736 29749 29752 29750 29752 29752 29754 29750 29748 29748 29747 29748 29750 29746 29742 29736
06 29724 29704 29692 29680 29666 29670 29670 29662 29664 29662 29664 29656 29654 29640 29634 29634 29632 29624 29624 29630 29630 29636 29640 29638
07 29630 29625 29620 29614 29620 29630 29643 29654 29658 29670 29674 29685 29694 29698 29702 29714 29722 29732 29748 29758 29774 29782 29788 29784
08 29786 29786 29784 29785 29790 29795 29806 29812 29818 29838 29839 29841 29841 29837 29841 29845 29843 29836 29825 29825 29821 29807 29795 29777
09 29753 29729 29713 29693 29679 29669 29667 29673 29665 29633 29625 29619 29602 29587 29559 29533 29502 29475 29465 29457 29447 29435 29421 29409
10 29415 29411 29419 29419 29421 29427 29433 29443 29445 29447 29451 29457 29462 29471 29471 29473 29477 29479 29489 29507 29519 29531 29539 29545
11 29547 29549 29561 29569 29587 29605 29625 29645 29653 29663 29670 29676 29686 29694 29697 29696 29700 29704 29704 29704 29710 29708 29706 29698
12 29680 29664 29646 29628 29620 29606 29610 29594 29586 29580 29576 29580 29580 29580 29580 29586 29592 29594 29604 29630 29650 29670 29686 29718
13 29746 29774 29796 29824 29850 29884 29918 29947 29968 29996 30016 30032 30050 30062 30070 30072 30080 30096 30104 30106 30120 30124 30130 30130
14 30127 30118 30124 30122 30122 30124 30130 30138 30140 30138 30140 30138 30138 30135 30130 30128 30110 30100 30104 30110 30112 30110 30110 30108
15 30100 30096 30086 30076 30072 30082 30086 30084 30085 30085 30090 30086 30084 30076 30074 30066 30064 30062 30065 30070 30080 30082 30083 30083
16 30080 30072 30068 30060 30053 30060 30064 30070 30070 30070 30070 30067 30064 30067 30055 30050 30043 30044 30045 30042 30036 30038 30040 30040
17 30030 30022 30010 30012 30006 30012 30012 30012 30006 30008 30010 30003 30002 29998 29992 29984 29974 29964 29964 29972 29983 29984 29982 29978
18 29976 29970 29966 29958 29960 29966 29968 29970 29972 29970 29964 29960 29958 29952 29938 29933 29930 29928 29928 29932 29934 29934 29932 29924
19 29914 29903 29898 29898 29902 29904 29916 29928 29930 29930 29941 29933 29935 29917 29907 29889 29881 29875 29881 29886 29887 29883 29875 29867
20 29851 29843 29831 29807 29797 29801 29805 29805 29807 29806 29795 29789 29791 29777 29775 29761 29763 29767 29779 29793 29797 29793 29795 29793
21 29791 29789 29777 29769 29765 29777 29781 29785 29787 29783 29782 29766 29762 29750 29747 29738 29732 29726 29724 29734 29736 29736 29737 29730
22 29726 29718 29717 29708 29710 29718 29726 29732 29732 29732 29722 29715 29719 29717 29711 29707 29705 29703 29705 29713 29719 29717 29715 29711
23 29700 29701 29695 29689 29689 29693 29705 29715 29725 29729 29731 29729 29729 29733 29735 29739 29742 29740 29747 29759 29767 29771 29773 29771
24 29771 29769 29769 29765 29769 29783 29799 29813 29817 29823 29825 29825 29827 29825 29821 29807 29801 29793 29795 29809 29807 29801 29797 29792
25 29783 29771 29771 29755 29757 29757 29761 29759 29759 29761 29764 29761 29754 29752 29738 29730 29734 29728 29726 29728 29724 29716 29720 29716
26 29704 29690 29690 29666 29666 29664 29656 29656 29658 29660 29663 29658 29653 29643 29628 29631 29625 29611 29615 29618 29623 29625 29627 29623
27 29621 29621 29618 29613 29615 29625 29629 29635 29639 29643 29641 29642 29645 29635 29633 29617 29613 29607 29607 29609 29599 29601 29591 29572
28 29563 29557 29547 29533 29527 29527 29523 29525 29532 29537 29542 29538 29534 29544 29554 29560 29560 29564 29567 29582 29596 29612 29624 29620
29 29616 29612 29616 29614 29617 29628 29638 29646 29648 29656 29668 29654 29653 29652 29653 29660 29673 29693 29712 29742 29753 29758 29766 29782
30 29798 29802 29808 29818 29818 29844 29852 29868 29872 29878 29884 29883 29882 29890 29883 29880 29882 29876 29883 29890 29890 29882 29873 29862
31 29842 29813 29793 29772 29752 29732 29722 29713 29722 29722 29714 29717 29717 29715 29713 29717 29721 29731 29747 29769 29787 29797 29803 29815
