01 30104 30103 30100 30102 30110 30125 30128 30144 30154 30154 30155 30150 30134 30124 30121 30114 30114 30120 30128 30132 30136 30137 30136 30130
02 30121 30105 30103 30085 30089 30085 30089 30084 30085 30066 30057 30049 30035 30014 29999 29987 29977 29973 29971 29958 29950 29935 29915 29895
03 29864 29834 29810 29780 29770 29733 29718 29690 29672 29646 29616 29575 29544 29495 29468 29420 29390 29358 29336 29306 29296 29287 29287 29286
04 29297 29308 29312 29322 29330 29354 29365 29386 29405 29423 29440 29454 29464 29465 29471 29476 29486 29498 29514 29519 29524 29528 29529 29534
05 29540 29541 29529 29536 29537 29533 29534 29545 29548 29545 29535 29514 29488 29449 29434 29408 29397 29390 29389 29380 29368 29353 29337 29305
06 29297 29273 29253 29227 29229 29227 29224 29237 29247 29254 29272 29292 29302 29319 29349 29400 29455 29514 29573 29624 29659 29700 29735 29771
07 29789 29830 29835 29856 29878 29900 29918 29942 29959 29977 29987 29995 29993 29989 29985 29980 29983 29984 29990 29995 30003 30002 29987 29970
08 29957 29947 29931 29923 29913 29903 29897 29896 29891 29880 29885 29865 29847 29827 29819 29808 29810 29811 29816 29814 29830 29832 29833 29844
09 29862 29872 29876 29886 29898 29914 29928 29944 29968 29974 29988 29987 29989 29993 30005 30019 30050 30089 30118 30139 30155 30184 30203 30207
10 30220 30229 30230 30235 30246 30245 30256 30283 30305 30321 30335 30337 30343 30352 30359 30358 30364 30378 30388 30400 30415 30430 30443 30452
11 30453 30455 30454 30451 30452 30462 30468 30474 30475 30488 30490 30495 30496 30491 30481 30465 30463 30468 30469 30470 30469 30463 30461 30460
12 30465 30469 30461 30451 30449 30447 30446 30447 30451 30451 30447 30456 30454 30438 30435 30433 30432 30435 30445 30447 30450 30451 30450 30453
13 30454 30448 30437 30435 30446 30447 30453 30461 30465 30463 30467 30464 30463 30451 30454 30447 30463 30478 30497 30502 30515 30529 30535 30536
14 30535 30532 30527 30528 30531 30537 30547 30559 30561 30565 30566 30568 30562 30547 30537 30527 30522 30525 30532 30534 30535 30540 30542 30530
15 30529 30518 30508 30492 30490 30492 30494 30494 30498 30494 30486 30476 30464 30451 30438 30418 30409 30408 30418 30422 30426 30434 30433 30438
16 30440 30438 30437 30436 30438 30439 30446 30455 30458 30450 30435 30427 30423 30403 30402 30381 30372 30371 30380 30377 30375 30367 30360 30345
17 30318 30298 30272 30240 30226 30200 30186 30155 30140 30106 30084 30050 30010 29963 29929 29889 29867 29855 29850 29840 29832 29806 29782 29754
18 29732 29704 29680 29648 29624 29604 29590 29586 29580 29578 29597 29590 29578 29581 29587 29604 29620 29642 29675 29714 29748 29776 29795 29814
19 29836 29859 29874 29898 29928 29956 29988 30020 30047 30068 30066 30072 30070 30057 30050 30042 30041 30042 30049 30041 30040 30029 30012 29998
20 29978 29962 29930 29891 29869 29845 29827 29815 29797 29785 29763 29735 29723 29700 29683 29670 29677 29715 29729 29745 29765 29785 29799 29795
21 29798 29799 29800 29803 29807 29817 29826 29835 29841 29843 29856 29860 29861 29852 29840 29832 29834 29842 29850 29862 29858 29852 29849 29838
22 29820 29795 29782 29761 29736 29733 29749 29760 29780 29822 29878 29909 29925 29945 29965 29991 30013 30051 30053 30117 30135 30157 30173 30196
23 30207 30215 30223 30241 30249 30265 30281 30299 30309 30305 30299 30297 30289 30277 30277 30277 30275 30278 30279 30285 30288 30291 30290 30283
24 30285 30277 30278 30263 30258 30249 30250 30253 30254 30255 30239 30226 30217 30207 30203 30187 30193 30195 30199 30197 30214 30223 30226 30232
25 30224 30227 30224 30222 30226 30240 30244 30249 30260 30271 30264 30256 30246 30233 30230 30222 30214 30218 30217 30219 30215 30216 30216 30195
26 30180 30174 30160 30146 30148 30142 30134 30129 30130 30110 30087 30048 30013 29988 29965 29921 29897 29871 29847 29813 29783 29759 29757 29755
27 29762 29764 29768 29777 29785 29808 29826 29842 29856 29880 29900 29910 29926 29947 29964 29993 30019 30053 30091 30127 30159 30186 30201 30219
28 30235 30245 30259 30272 30285 30299 30317 30325 30333 30334 30335 30332 30313 30298 30280 30254 30247 30241 30236 30233 30227 30217 30209 30188
29 30176 30156 30139 30118 30097 30078 30070 30055 30041 30021 30006 29994 29981 29962 29948 29945 29952 29958 29966 29976 29986 29991 29998 30002
30 30008 30012 30017 30028 30036 30056 30080 30100 30124 30142 30146 30154 30158 30156 30169 30183 30194 30213 30239 30267 30283 30290 30290 30294
31 30301 30302 30300 30297 30296 30297 30305 30298 30295 30289 30270 30247 30232 30205 30188 30165 30146 30138 30132 30124 30110 30095 30086 30066
