01 29564 29585 29590 29605 29630 29655 29674 29694 29732 29757 29774 29735 29794 29807 29822 29840 29850 29851 29860 29853 29835 29827 29827 29817
02 29829 29821 29812 29792 29770 29761 29739 29705 29664 29672 29647 29617 29565 29495 29440 29419 29414 29430 29450 29479 29480 29492 29500 29534
03 29547 29554 29560 29550 29560 29564 29564 29565 29576 29580 29584 29577 29573 29560 29534 29505 29476 29454 29404 29329 29244 29147 29085 29010
04 28954 28909 28815 28710 28632 28554 28606 28606 28576 28571 28575 28560 28624 28740 28844 28955 29014 29054 29085 29119 29147 29190 29210 29250
05 29290 29304 29321 29344 29354 29371 29392 29410 29419 29427 29438 29425 29425 29433 29425 29421 29417 29413 29415 29411 29409 29407 29400 29409
06 29425 29427 29424 29434 29441 29475 29475 29500 29532 29547 29576 29595 29606 29624 29637 29665 29684 29696 29705 29725 29740 29750 29754 29759
07 29767 29772 29774 29767 29775 29780 29793 29802 29816 29825 29840 29845 29850 29852 29850 29867 29879 29889 29900 29917 29927 29939 29950 29965
08 29977 29983 29994 30010 30005 30011 30007 30035 30049 30060 30081 30090 30104 30110 30116 30120 30124 30139 30140 30152 30161 30155 30154 30145
09 30146 30147 30149 30150 30145 30128 30130 30135 30130 30126 30125 30123 30114 30112 30115 30115 30110 30120 30140 30153 30169 30205 30205 30215
10 30227 30248 30263 30275 30280 30295 30312 30324 30342 30355 30362 30365 30364 30365 30364 30367 30352 30354 30355 30356 30348 30334 30323 30312
11 30300 30295 30304 30300 30283 30258 30247 30231 30217 30200 30177 30159 30153 30135 30110 30105 30097 30083 30045 30039 30020 30014 29993 29974
12 29943 29919 29900 29867 29832 29783 29783 29754 29724 29723 29697 29661 29650 29634 29634 29635 29632 29640 29637 29634 29637 29631 29622 29631
13 29613 29606 29600 29597 29585 29587 29586 29564 29580 29600 29624 29616 29617 29645 29642 29660 29675 29715 29736 29760 29781 29800 29815 29845
14 29849 29866 29874 29875 29906 29910 29924 29936 29952 29973 29977 29976 29972 29965 29967 29966 29964 29982 29992 30013 30019 30027 30049 30050
15 30052 30057 30057 30060 30059 30060 30070 30080 30095 30110 30100 30090 30067 30060 30057 30053 30044 30040 30050 30050 30039 30027 30002 29987
16 29965 29950 29892 29871 29814 29785 29795 29795 29802 29760 29730 29705 29677 29694 29684 29734 29783 29835 29897 29920 29956 29990 30032 30054
17 30065 30080 30114 30131 30154 30168 30185 30194 30195 30207 30217 30212 30213 30214 30234 30230 30241 30246 30260 30275 30290 30295 30295 30295
18 30289 30290 30290 30290 30277 30274 30277 30280 30291 30292 30285 30284 30269 30262 30247 30246 30241 30245 30234 30225 30217 30215 30209 30207
19 30192 30174 30177 30168 30155 30147 30134 30134 30131 30130 30114 30087 30071 30070 30057 30044 30025 30017 30014 30007 29986 29985 29965 29954
20 29916 29904 29884 29874 29850 29849 29850 29857 29860 29865 29852 29845 29832 29834 29840 29847 29865 29887 29900 29920 29942 29952 29947 29969
21 29980 29994 29995 30010 30005 30010 30022 30024 30035 30050 30050 30044 30034 30036 30037 30045 30045 30061 30067 30077 30085 30101 30110 30120
22 30127 30137 30155 30172 30187 30200 30220 30239 30262 30297 30317 30317 30319 30344 30350 30373 30391 30405 30413 30426 30447 30461 30450 30454
23 30455 30453 30447 30447 30443 30437 30432 30424 30413 30400 30394 30386 30347 30327 30304 30282 30275 30258 30235 30244 30234 30230 30232 30220
24 30214 30202 30210 30207 30207 30206 30219 30225 30240 30242 30235 30230 30214 30205 30207 30208 30210 30205 30207 30202 30194 30167 30145 30121
25 30100 30079 30055 30035 30007 29966 30009 29956 29992 30000 30006 30006 30015 30024 30035 30050 30064 30087 30095 30120 30120 30120 30122 30127
26 30134 30150 30155 30170 30200 30204 30226 30235 30264 30285 30280 30274 30279 30267 30265 30267 30265 30260 30260 30247 30232 30205 30197 30180
27 30155 30116 30110 30080 30050 30040 30016 29990 29994 29980 29970 29945 29907 29867 29844 29826 29810 29779 29731 29687 29625 29587 29552 29540
28 29500 29471 29436 29398 29330 29272 29224 29120 29032 28963 28894 28885 28894 28934 28963 28966 28975 28973 28979 28991 28994 28993 28989 28986
29 29000 29074 29156 29204 29247 29270 29295 29300 29314 29341 29336 29375 29411 29464 29492 29545 29556 29577 29594 29604 29616 29636 29647 29664
30 29685 29703 29725 29752 29773 29781 29775 29794 29790 29785 29764 29722 29663 29597 29534 29484 29440 29419 29400 29384 29377 29367 29379 29394
31 29400 29414 29444 29450 29465 29473 29490 29505 29505 29540 29547 29547 29545 29568 29570 29580 29592 29594 29594 29595 29594 29595 29595 29587
