01 29534 29526 29523 29524 29510 29523 29528 29547 29562 29571 29589 29599 29629 29657 29685 29721 29749 29797 29833 29859 29890 29909 29923 29933
02 29941 29942 29952 29963 29967 29976 29979 29984 29984 29975 29962 29941 29932 29909 29894 29867 29848 29836 29814 29784 29776 29754 29734 29715
03 29695 29676 29664 29684 29716 29754 29795 29826 29848 29869 29882 29892 29894 29896 29898 29903 29914 29933 29948 29961 29967 29969 29967 29964
04 29964 29949 29939 29926 29925 29921 29916 29914 29910 29899 29877 29856 29840 29819 29796 29790 29783 29772 29770 29742 29728 29706 29687 29656
05 29640 29616 29607 29602 29632 29648 29662 29670 29672 29668 29673 29663 29647 29638 29624 29617 29610 29609 29622 29631 29636 29649 29666 29677
06 29696 29716 29720 29734 29752 29768 29774 29780 29780 29775 29751 29735 29692 29644 29594 29536 29506 29489 29467 29447 29426 29404 29387 29359
07 29406 29448 29492 29530 29566 29616 29652 29694 29728 29758 29776 29797 29810 29826 29838 29857 29872 29903 29927 29942 29946 29950 29951 29944
08 29938 29924 29909 29891 29856 29816 29784 29736 29688 29630 29565 29516 29470 29454 29446 29450 29451 29445 29431 29393 29378 29338 29324 29282
09 29277 29254 29260 29255 29262 29278 29296 29317 29338 29351 29373 29373 29374 29380 29389 29390 29389 29383 29380 29356 29341 29314 29295 29250
10 29193 29135 29068 29015 28972 28931 28918 28921 28937 28953 28981 29007 29029 29065 29097 29136 29173 29198 29227 29246 29263 29281 29295 29313
11 29323 29339 29354 29375 29403 29427 29451 29475 29497 29514 29530 29547 29566 29579 29583 29597 29601 29616 29623 29629 29634 29634 29633 29630
12 29627 29617 29612 29609 29612 29616 29631 29647 29655 29648 29669 29676 29677 29686 29697 29717 29738 29760 29767 29768 29767 29768 29774 29786
13 29794 29805 29808 29806 29811 29810 29814 29826 29828 29828 29833 29831 29826 29823 29822 29824 29826 29820 29812 29802 29796 29785 29776 29767
14 29764 29749 29747 29738 29737 29736 29743 29756 29765 29769 29777 29771 29772 29775 29793 29788 29801 29819 29829 29848 29869 29886 29902 29923
15 29929 29948 29956 29975 29998 30024 30047 30078 30099 30120 30119 30114 30105 30103 30100 30090 30088 30070 30057 30037 30009 29969 29943 29945
16 29933 29907 29913 29919 29878 29888 29940 29973 29992 30013 30030 30038 30051 30058 30071 30084 30079 30113 30115 30124 30127 30140 30134 30133
17 30126 30127 30118 30110 30124 30137 30147 30164 30167 30163 30158 30148 30127 30116 30114 30103 30100 30108 30112 30113 30119 30122 30119 30122
18 30122 30111 30106 30104 30105 30106 30116 30124 30133 30142 30149 30145 30141 30136 30136 30128 30125 30128 30129 30133 30138 30146 30143 30137
19 30133 30121 30100 30081 30080 30077 30081 30089 30088 30075 30062 30043 30027 30010 30005 29995 29995 29998 29997 29991 29995 29993 29987 29978
20 29969 29952 29939 29934 29940 29942 29943 29951 29955 29947 29947 29935 29925 29915 29913 29918 29922 29925 29932 29922 29922 29919 29915 29904
21 29893 29876 29853 29841 29824 29808 29805 29804 29792 29779 29760 29733 29711 29685 29677 29662 29647 29649 29633 29619 29608 29596 29589 29580
22 29562 29547 29531 29530 29529 29525 29534 29545 29541 29541 29547 29547 29534 29539 29541 29551 29549 29557 29568 29573 29577 29578 29573 29573
23 29565 29551 29538 29527 29528 29519 29508 29499 29481 29463 29450 29423 29388 29344 29331 29313 29291 29290 29275 29265 29249 29236 29235 29229
24 29225 29223 29201 29194 29181 29170 29167 29173 29185 29191 29203 29203 29209 29224 29249 29283 29313 29348 29389 29417 29450 29475 29495 29513
25 29531 29549 29559 29579 29591 29603 29624 29639 29647 29651 29647 29637 29625 29613 29611 29610 29597 29595 29586 29553 29545 29520 29489 29453
26 29408 29353 29298 29253 29200 29158 29138 29126 29097 29083 29079 29053 29049 29088 29128 29169 29206 29247 29264 29289 29290 29285 29284 29268
27 29254 29226 29209 29183 29174 29197 29216 29248 29280 29307 29324 29334 29354 29386 29406 29442 29464 29484 29497 29504 29501 29500 29497 29500
28 29508 29500 29492 29485 29494 29481 29472 29484 29493 29484 29487 29484 29484 29480 29485 29488 29491 29484 29482 29483 29476 29481 29490 29509
29 29524 29550 29565 29590 29614 29652 29688 29722 29754 29784 29804 29823 29836 29860 29878 29897 29924 29952 29958 29975 29989 29991 29996 30003
30 30010 30016 30016 30008 30010 29994 29994 30006 29996 29977 29967 29934 29909 29881 29856 29825 29805 29793 29775 29753 29723 29684 29663 29619
31 29581 29533 29496 29453 29429 29396 29379 29373 29345 29334 29324 29306 29304 29296 29207 29308 29328 29356 29372 29387 29414 29449 29481 29524
