01 28810 28810 28832 28838 28855 28868 28890 28922 28944 28954 28960 28964 28978 28946 28940 28935 28944 28954 28994 29022 29044 29058 29034 29004
02 28882 28826 28816 28824 28828 28780 28724 28752 28750 28766 28805 28813 28813 28809 28814 28825 28843 28857 28845 28835 28841 28825 28823 28823
03 28829 28829 28831 28845 28871 28904 28947 28993 29013 29047 29069 29085 29089 29093 29105 29106 29129 29149 29147 29157 29155 29155 29153 29147
04 29133 29125 29097 29085 29067 29041 29037 29023 29025 29019 29024 29015 29015 29016 29024 29034 29052 29074 29090 29106 29118 29126 29128 29120
05 29108 29104 29096 29088 29098 29106 29126 29158 29190 29224 29255 29286 29311 29343 29369 29403 29437 29463 29487 29511 29523 29543 29551 29561
06 29561 29551 29535 29521 29503 29491 29475 29459 29437 29419 29398 29354 29320 29276 29238 29176 29188 29196 29198 29224 29252 29282 29294 29308
07 29300 29298 29308 29310 29300 29354 29366 29402 29440 29474 29510 29536 29554 29584 29604 29624 29648 29662 29664 29658 29656 29644 29618 29592
08 29572 29562 29550 29540 29528 29505 29488 29466 29448 29410 29384 29320 29260 29186 29144 29118 29150 29200 29270 29314 29342 29364 29392 29420
09 29446 29462 29472 29490 29510 29536 29556 29580 29586 29598 29623 29621 29611 29611 29613 29611 29621 29637 29635 29641 29656 29681 29685 29705
10 29707 29721 29729 29729 29735 29737 29737 29755 29757 29761 29774 29774 29780 29778 29780 29782 29788 29798 29800 29812 29814 29824 29824 29828
11 29830 29830 29824 29826 29826 29842 29852 29864 29884 29896 29912 29918 29914 29914 29912 29906 29910 29918 29926 29928 29930 29938 29938 29942
12 29946 29948 29938 29928 29924 29918 29916 29916 29920 29938 29953 29949 29942 29935 29927 29917 29917 29919 29927 29922 29922 29915 29917 29907
13 29899 29879 29862 29845 29839 29827 29821 29819 29819 29813 29811 29789 29759 29743 29723 29705 29691 29697 29693 29679 29671 29655 29651 29645
14 29633 29617 29605 29591 29577 29569 29563 29565 29565 29567 29573 29559 29541 29529 29513 29509 29499 29489 29479 29465 29441 29423 29401 29381
15 29369 29357 29339 29315 29299 29283 29275 29279 29269 29267 29267 29269 29249 29229 29221 29199 29177 29177 29171 29161 29163 29169 29167 29161
16 29151 29129 29089 29063 29049 29037 29025 29005 28987 28965 28953 28919 28895 28861 28839 28827 28839 28867 28901 28937 28974 29025 29043 29059
17 29069 29093 29101 29117 29141 29151 29163 29171 29181 29181 29185 29191 29176 29175 29177 29185 29203 29231 29249 29255 29269 29283 29295 29311
18 29319 29337 29351 29369 29383 29403 29426 29453 29473 29489 29516 29518 29520 29518 29518 29520 29522 29536 29555 29555 29560 29564 29558 29552
19 29554 29552 29542 29526 29522 29520 29520 29514 29514 29516 29514 29504 29484 29470 29450 29440 29428 29420 29426 29416 29414 29399 29380 29369
20 29350 29332 29326 29326 29334 29334 29344 29358 29378 29400 29426 29460 29466 29500 29518 29550 29575 29612 29652 29674 29705 29738 29765 29785
21 29794 29814 29820 29822 29830 29845 29860 29865 29872 29854 29860 29844 29812 29794 29762 29742 29718 29700 29674 29638 29594 29564 29526 29484
22 29462 29485 29476 29470 29462 29470 29476 29492 29502 29502 29511 29519 29528 29528 29535 29570 29602 29654 29675 29702 29718 29756 29756 29768
23 29770 29764 29748 29736 29720 29708 29688 29672 29670 29662 29660 29638 29630 29614 29584 29564 29556 29560 29564 29566 29558 29548 29522 29515
24 29498 29476 29458 29442 29431 29422 29408 29408 29406 29398 29402 29397 29386 29386 29392 29405 29426 29452 29478 29492 29514 29530 29538 29554
25 29564 29570 29572 29585 29598 29612 29640 29674 29692 29710 29723 29754 29756 29770 29790 29806 29820 29822 29838 29835 29835 29846 29830 29818
26 29796 29772 29756 29737 29712 29700 29698 29696 29684 29680 29674 29660 29638 29620 29600 29590 29578 29580 29580 29578 29570 29546 29528 29514
27 29500 29482 29484 29484 29470 29478 29486 29500 29504 29504 29506 29506 29500 29500 29500 29505 29510 29515 29522 29514 29520 29522 29516 29518
28 29512 29496 29488 29504 29534 29588 29624 29676 29726 29780 29819 29829 29831 29851 29879 29869 29881 29903 29919 29919 29921 29917 29913 29901
