01 30169 30163 30154 30146 30143 30143 30141 30148 30146 30141 30133 30127 30122 30112 30110 30106 30109 30110 30122 30122 30137 30144 30140 30132
02 30127 30122 30112 30102 30099 30103 30105 30112 30113 30113 30116 30116 30113 30112 30107 30103 30102 30099 30103 30112 30127 30131 30123 30125
03 30128 30128 30124 30122 30119 30129 30134 30149 30150 30158 30173 30185 30178 30177 30172 30169 30165 30164 30165 30165 30173 30177 30180 30179
04 30165 30157 30151 30138 30137 30138 30126 30124 30118 30108 30100 30089 30075 30064 30058 30042 30025 30015 30013 30012 30008 29999 29987 29975
05 29951 29954 29947 29945 29945 29961 29975 29983 29989 29992 29993 29993 29989 29992 29988 29988 29985 29983 29984 29975 29981 29976 29974 29969
06 29957 29948 29936 29929 29924 29915 29908 29907 29906 29904 29905 29904 29899 29887 29878 29877 29867 29867 29869 29881 29891 29897 29903 29895
07 29893 29894 29885 29884 29885 29892 29891 29891 29901 29914 29915 29917 29925 29926 29927 29926 29927 29932 29935 29941 29947 29955 29953 29946
08 29939 29931 29927 29917 29912 29909 29904 29912 29905 29902 29900 29900 29887 29882 29864 29837 29816 29775 29725 29683 29609 29545 29485 29481
09 29468 29457 29435 29407 29374 29335 29332 29317 29288 29286 29264 29245 29195 29125 29098 29177 29264 29298 29313 29324 29324 29308 29305 29295
10 29277 29264 29255 29245 29242 29257 29275 29284 29307 29333 29352 29383 29400 29434 29446 29468 29478 29500 29518 29544 29570 29598 29613 29629
11 29642 29653 29668 29674 29686 29706 29716 29738 29752 29766 29771 29781 29785 29785 29782 29775 29763 29752 29738 29727 29717 29693 29661 29644
12 29607 29577 29541 29524 29523 29525 29527 29537 29542 29547 29530 29552 29569 29625 29655 29704 29755 29797 29835 29877 29915 29947 29967 29993
13 30015 30033 30041 30067 30078 30113 30135 30157 30175 30195 30201 30223 30233 30241 30245 30247 30243 30244 30249 30251 30264 30268 30268 30267
14 30261 30253 30247 30238 30238 30238 30237 30243 30236 30231 30232 30234 30233 30232 30225 30212 30207 30207 30203 30203 30204 30205 30199 30197
15 30187 30184 30177 30175 30167 30178 30180 30187 30190 30196 30194 30187 30195 30191 30193 30187 30185 30185 30185 30194 30208 30214 30215 30216
16 30215 30211 30208 30205 30199 30197 30198 30204 30209 30211 30209 30207 30207 30218 30219 30219 30207 30204 30205 30206 30207 30202 30201 30208
17 30204 30197 30191 30184 30175 30177 30178 30178 30185 30192 30186 30188 30183 30180 30175 30175 30164 30154 30153 30167 30169 30174 30175 30174
18 30167 30157 30148 30145 30142 30151 30149 30155 30161 30156 30147 30142 30144 30126 30118 30108 30117 30125 30127 30138 30137 30136 30133 30126
19 30115 30104 30097 30094 30093 30097 30105 30107 30108 30112 30109 30101 30093 30086 30081 30064 30070 30068 30068 30078 30077 30078 30074 30068
20 30050 30038 30023 30003 29993 29991 29989 30001 30003 30007 30007 29997 29996 29993 29987 29980 29979 29977 29976 29995 30002 30010 30015 30018
21 30018 30017 30007 30004 30002 30007 30015 30021 30027 30029 30021 30013 30008 30002 29994 29978 29980 29974 29977 29980 29988 29987 29982 29974
22 29970 29960 29953 29940 29940 29940 29944 29944 29945 29944 29942 29933 29932 29928 29926 29914 29913 29911 29912 29915 29914 29911 29909 29907
23 29902 29887 29875 29869 29860 29863 29868 29872 29877 29882 29896 29894 29896 29902 29902 29902 29901 29902 29901 29897 29907 29909 29912 29907
24 29904 29897 29895 29892 29895 29910 29915 29921 29936 29950 29948 29946 29945 29943 29934 29930 29929 29929 29930 29946 29955 29953 29945 29936
25 29928 29923 29914 29909 29905 29904 29905 29909 29908 29913 29903 29902 29900 29899 29893 29874 29877 29879 29889 29893 29891 29889 29892 29889
26 29880 29879 29873 29860 29854 29853 29850 29850 29849 29844 29837 29825 29822 29807 29798 29777 29776 29772 29782 29785 29785 29784 29782 29766
27 29757 29749 29736 29723 29710 29709 29702 29701 29693 29683 29685 29680 29681 29679 29682 29686 29685 29686 29690 29701 29704 29711 29716 29721
28 29724 29723 29723 29727 29738 29747 29757 29762 29768 29773 29787 29794 29802 29803 29806 29819 29827 29832 29845 29864 29877 29883 29886 29897
29 29905 29912 29912 29918 29924 29934 29937 29951 29960 29971 29978 29975 29975 29977 29978 29984 29982 29991 29995 30007 30009 30013 30002 30008
30 30014 29999 29984 29975 29975 29967 29968 29967 29961 29959 29957 29943 29931 29911 29894 29873 29858 29858 29859 29867 29864 29864 29856 29853
31 29852 29853 29857 29859 29859 29861 29878 29888 29911 29930 29938 29942 29955 29965 29965 29968 29971 29975 29986 30001 30001 30002 29998 29992
