  1  1 1860    6.0 1003.9    9.0 1004.3   12.0 1003.8   15.0 1002.5
  2  1 1860    6.0 1004.7    9.0 1005.9   12.0 1003.7   15.0 1002.1
  3  1 1860    6.0 1002.9    9.0 1003.4   12.0 1002.3   15.0 1001.1
  4  1 1860    6.0  985.8    9.0  983.1   12.0  981.9   15.0  981.3
  5  1 1860    6.0  976.6    9.0  975.4   12.0  976.3   15.0  976.1
  6  1 1860    6.0  975.1    9.0  975.5   12.0  977.1   15.0  979.0
  7  1 1860    6.0  989.7    9.0  992.7   12.0  995.4   15.0  997.5
  8  1 1860    6.0 1008.2    9.0 1010.2   12.0 1012.1   15.0 1012.7
  9  1 1860    6.0 1016.3    9.0 1017.6   12.0 1016.7   15.0 1016.2
 10  1 1860    6.0 1012.9    9.0 1012.5   12.0 1011.9   15.0 1010.6
 11  1 1860    6.0 1008.7    9.0 1010.3   12.0 1009.9   15.0 1009.3
 12  1 1860    6.0 1007.5    9.0 1008.7   12.0 1007.8   15.0 1007.3
 13  1 1860    6.0 1006.3    9.0 1006.9   12.0 1005.9   15.0 1004.5
 14  1 1860    6.0 1006.9    9.0 1007.5   12.0 1006.3   15.0 1006.5
 15  1 1860    6.0 1008.6    9.0 1009.3   12.0 1009.1   15.0 1008.5
 16  1 1860    6.0 1009.7    9.0 1011.4   12.0 1011.3   15.0 1010.5
 17  1 1860    6.0 1009.1    9.0 1009.5   12.0 1008.7   15.0 1006.2
 18  1 1860    6.0 1001.9    9.0 1001.1   12.0 1000.6   15.0  999.3
 19  1 1860    6.0  999.4    9.0 1000.3   12.0 1001.0   15.0  999.4
 20  1 1860    6.0 1000.9    9.0 1001.7   12.0 1000.2   15.0  998.9
 21  1 1860    6.0  997.9    9.0  997.8   12.0  997.1   15.0  995.0
 22  1 1860    6.0  984.2    9.0  985.8   12.0  986.9   15.0  986.2
 23  1 1860    6.0  983.7    9.0  983.5   12.0  983.3   15.0  982.9
 24  1 1860    6.0  987.0    9.0  987.4   12.0  984.5   15.0  981.8
 25  1 1860    6.0  977.8    9.0  979.1   12.0  979.3   15.0  979.7
 26  1 1860    6.0  990.9    9.0  992.5   12.0  993.3   15.0  993.9
 27  1 1860    6.0  998.3    9.0  997.8   12.0  996.2   15.0  993.8
 28  1 1860    6.0  989.9    9.0  991.5   12.0  991.5   15.0  991.7
 29  1 1860    6.0 1001.4    9.0 1001.9   12.0 1000.6   15.0  998.1
 30  1 1860    6.0  990.9    9.0  990.5   12.0  990.2   15.0  987.4
 31  1 1860    6.0  977.8    9.0  976.7   12.0  976.1   15.0  974.5
  1  2 1860    6.0  979.7    9.0  981.0   12.0  973.3   15.0  981.4
  2  2 1860    6.0  985.3    9.0  985.8   12.0  987.7   15.0  987.1
  3  2 1860    6.0  990.5    9.0  993.3   12.0  995.5   15.0  997.0
  4  2 1860    6.0 1006.2    9.0 1007.8   12.0 1007.7   15.0 1006.1
  5  2 1860    6.0 1003.8    9.0 1003.7   12.0 1002.3   15.0  999.5
  6  2 1860    6.0  992.1    9.0  991.0   12.0  988.3   15.0  985.8
  7  2 1860    6.0  997.5    9.0  999.3   12.0 1000.7   15.0  999.9
  8  2 1860    6.0 1001.0    9.0 1001.4   12.0 1000.5   15.0  997.8
  9  2 1860    6.0  991.3    9.0  990.6   12.0  988.5   15.0  986.3
 10  2 1860    6.0  977.8    9.0  977.5   12.0  978.5   15.0  975.9
 11  2 1860    6.0  982.2    9.0  983.3   12.0  983.5   15.0  982.6
 12  2 1860    6.0  984.2    9.0  985.1   12.0  985.8   15.0  985.7
 13  2 1860    6.0  989.5    9.0  990.3   12.0  990.9   15.0  991.1
 14  2 1860    6.0  994.2    9.0  996.7   12.0  997.4   15.0  996.5
 15  2 1860    6.0 1001.0    9.0 1001.5   12.0 1001.4   15.0  999.4
 16  2 1860    6.0  990.1    9.0  988.9   12.0  987.7   15.0  986.7
 17  2 1860    6.0  991.8    9.0  994.1   12.0  995.8   15.0  996.9
 18  2 1860    6.0  995.9    9.0  997.1   12.0  997.1   15.0  996.3
 19  2 1860    6.0  997.9    9.0  997.9   12.0  996.7   15.0  993.4
 20  2 1860    6.0  981.0    9.0  979.8   12.0  978.1   15.0  975.4
 21  2 1860    6.0  972.1    9.0  973.1   12.0  973.5   15.0  974.2
 22  2 1860    6.0  979.5    9.0  981.0   12.0  982.2   15.0  982.2
 23  2 1860    6.0  993.1    9.0  995.1   12.0  997.4   15.0  997.4
 24  2 1860    6.0 1006.3    9.0 1008.5   12.0 1008.9   15.0 1007.5
 25  2 1860    6.0 1009.0    9.0 1009.1   12.0 1008.9   15.0 1008.2
 26  2 1860    6.0 1008.3    9.0 1009.0   12.0 1008.3   15.0 1007.0
 27  2 1860    6.0  993.5    9.0  991.0   12.0  987.8   15.0  982.2
 28  2 1860    6.0  995.4    9.0  996.6   12.0  997.8   15.0  996.9
 29  2 1860    6.0  994.2    9.0  994.7   12.0  996.1   15.0  995.7
  1  3 1860    6.0 1000.9    9.0 1002.6   12.0 1003.5   15.0 1002.6
  2  3 1860    6.0 1004.9    9.0 1006.1   12.0 1006.6   15.0 1005.5
  3  3 1860    6.0 1008.2    9.0 1008.2   12.0 1008.2   15.0 1006.7
  4  3 1860    6.0 1009.0    9.0 1010.1   12.0 1009.5   15.0 1007.5
  5  3 1860    6.0  996.3    9.0  994.9   12.0  994.5   15.0  993.5
  6  3 1860    6.0  999.0    9.0 1000.2   12.0  998.6   15.0  999.1
  7  3 1860    6.0  999.9    9.0  999.8   12.0  998.2   15.0  994.6
  8  3 1860    6.0  989.5    9.0  989.1   12.0  988.1   15.0  985.3
  9  3 1860    6.0  983.8    9.0  984.2   12.0  983.7   15.0  983.0
 10  3 1860    6.0  986.7    9.0  987.8   12.0  987.8   15.0  987.0
 11  3 1860    6.0  990.2    9.0  992.1   12.0  992.5   15.0  991.3
 12  3 1860    6.0  993.3    9.0  993.8   12.0  993.8   15.0  992.3
 13  3 1860    6.0  992.5    9.0  992.1   12.0  991.8   15.0  991.1
 14  3 1860    6.0  989.4    9.0  989.5   12.0  987.8   15.0  986.9
 15  3 1860    6.0  985.1    9.0  986.3   12.0  986.9   15.0  987.3
 16  3 1860    6.0  991.4    9.0  992.9   12.0  993.0   15.0  992.3
 17  3 1860    6.0 1001.0    9.0 1001.8   12.0 1003.0   15.0 1002.1
 18  3 1860    6.0 1007.9    9.0 1009.5   12.0 1009.3   15.0 1007.3
 19  3 1860    6.0 1004.3    9.0 1004.6   12.0 1004.3   15.0 1003.3
 20  3 1860    6.0 1008.1    9.0 1009.3   12.0 1008.9   15.0 1007.5
 21  3 1860    6.0 1006.2    9.0 1005.9   12.0 1005.0   15.0 1003.1
 22  3 1860    6.0  997.3    9.0  996.6   12.0  994.7   15.0  992.7
 23  3 1860    6.0  998.7    9.0  998.7   12.0  999.7   15.0  998.6
 24  3 1860    6.0  993.9    9.0  993.5   12.0  991.5   15.0  988.6
 25  3 1860    6.0  980.7    9.0  980.6   12.0  980.1   15.0  979.5
 26  3 1860    6.0  985.4    9.0  987.9   12.0  992.2   15.0  987.4
 27  3 1860    6.0  990.3    9.0  991.5   12.0  990.6   15.0  989.0
 28  3 1860    6.0  994.6    9.0  995.5   12.0  994.5   15.0  992.9
 29  3 1860    6.0  994.7    9.0  994.1   12.0  993.5   15.0  992.2
 30  3 1860    6.0  988.1    9.0  988.2   12.0  987.3   15.0  985.5
 31  3 1860    6.0  991.7    9.0  991.9   12.0  990.6   15.0  988.5
  1  4 1860    6.0  986.5    9.0  987.3   12.0  987.4   15.0  986.7
  2  4 1860    6.0  988.5    9.0  991.5   12.0  991.4   15.0  990.6
  3  4 1860    6.0  993.1    9.0  992.6   12.0  991.7   15.0  990.6
  4  4 1860    6.0  995.4    9.0  997.3   12.0  996.7   15.0  995.5
  5  4 1860    6.0  997.9    9.0  998.1   12.0  997.9   15.0  997.5
  6  4 1860    6.0  998.2    9.0  998.7   12.0  996.7   15.0  994.6
  7  4 1860    6.0  993.0    9.0  994.6   12.0  992.5   15.0  992.1
  8  4 1860    6.0  991.3    9.0  992.6   12.0  992.7   15.0  991.8
  9  4 1860    6.0  988.6    9.0  988.6   12.0  988.6   15.0  986.6
 10  4 1860    6.0  984.5    9.0  984.3   12.0  983.4   15.0  981.4
 11  4 1860    6.0  985.9    9.0  987.9   12.0  988.7   15.0  990.1
 12  4 1860    6.0  995.3    9.0  996.3   12.0  995.5   15.0  995.3
 13  4 1860    6.0  999.4    9.0 1000.5   12.0  999.0   15.0  997.1
 14  4 1860    6.0  996.7    9.0  997.1   12.0  997.5   15.0  996.5
 15  4 1860    6.0 1001.3    9.0 1001.3   12.0 1001.3   15.0 1000.5
 16  4 1860    6.0 1003.3    9.0 1013.0   12.0 1003.5   15.0 1001.5
 17  4 1860    6.0 1006.2    9.0 1006.2   12.0 1005.0   15.0 1002.9
 18  4 1860    6.0  997.5    9.0  997.3   12.0  995.8   15.0  993.8
 19  4 1860    6.0  983.5    9.0  982.6   12.0  980.3   15.0  978.9
 20  4 1860    6.0  976.1    9.0  977.1   12.0  978.3   15.0  978.6
 21  4 1860    6.0  983.5    9.0  984.6   12.0  985.0   15.0  985.1
 22  4 1860    6.0  990.3    9.0  991.4   12.0  992.7   15.0  992.9
 23  4 1860    6.0  997.5    9.0  998.5   12.0  998.1   15.0  988.3
 24  4 1860    6.0  997.1    9.0  997.0   12.0  995.8   15.0  994.5
 25  4 1860    6.0  985.4    9.0  986.5   12.0  987.0   15.0  992.3
 26  4 1860    6.0  992.5    9.0  993.3   12.0  993.7   15.0  992.7
 27  4 1860    6.0  993.0    9.0  991.9   12.0  991.8   15.0  991.7
 28  4 1860    6.0  998.1    9.0  999.5   12.0 1000.7   15.0  999.0
 29  4 1860    6.0 1003.7    9.0 1004.7   12.0 1004.6   15.0 1004.5
 30  4 1860    6.0 1004.5    9.0 1005.0   12.0 1005.5   15.0 1004.1
  1  5 1860    6.0 1000.6    9.0 1000.9   12.0  999.8   15.0  999.0
  2  5 1860    6.0  995.5    9.0  995.3   12.0  995.4   15.0  994.2
  3  5 1860    6.0  992.7    9.0  991.8   12.0  990.5   15.0  988.9
  4  5 1860    6.0  993.3    9.0  995.8   12.0  995.1   15.0  994.3
  5  5 1860    6.0  997.8    9.0  997.8   12.0  997.0   15.0  996.3
  6  5 1860    6.0  992.9    9.0  992.2   12.0  991.7   15.0  991.0
  7  5 1860    6.0 1000.2    9.0 1000.6   12.0  999.9   15.0  999.1
  8  5 1860    6.0  999.5    9.0  999.8   12.0  998.2   15.0  997.8
  9  5 1860    6.0 1006.1    9.0 1002.5   12.0 1002.9   15.0 1002.2
 10  5 1860    6.0 1003.8    9.0 1004.2   12.0 1003.8   15.0 1002.7
 11  5 1860    6.0 1004.7    9.0 1004.9   12.0 1004.3   15.0 1002.7
 12  5 1860    6.0 1001.0    9.0 1001.0   12.0  999.8   15.0  997.8
 13  5 1860    6.0  995.0    9.0  994.2   12.0  994.7   15.0  993.7
 14  5 1860    6.0  994.6    9.0  994.5   12.0  994.7   15.0  994.2
 15  5 1860    6.0  993.5    9.0  993.7   12.0  993.9   15.0  992.6
 16  5 1860    6.0  994.7    9.0  995.4   12.0  995.0   15.0  993.7
 17  5 1860    6.0  996.9    9.0  997.1   12.0  996.3   15.0  995.0
 18  5 1860    6.0  994.5    9.0  995.3   12.0  994.5   15.0  993.0
 19  5 1860    6.0  994.3    9.0  994.7   12.0  994.6   15.0  993.8
 20  5 1860    6.0  995.7    9.0  996.2   12.0  996.3   15.0  997.4
 21  5 1860    6.0 1000.3    9.0 1001.1   12.0 1000.5   15.0  999.8
 22  5 1860    6.0  999.9    9.0 1000.5   12.0  999.8   15.0  998.6
 23  5 1860    6.0 1000.5    9.0 1000.9   12.0 1000.1   15.0  998.9
 24  5 1860    6.0  998.3    9.0  998.7   12.0  998.2   15.0  996.6
 25  5 1860    6.0  999.5    9.0 1000.1   12.0  999.4   15.0  997.7
 26  5 1860    6.0  994.6    9.0  993.8   12.0  992.3   15.0  989.8
 27  5 1860    6.0  994.9    9.0  989.8   12.0  998.6   15.0  990.3
 28  5 1860    6.0  999.1    9.0  999.3   12.0  997.4   15.0  995.0
 29  5 1860    6.0  994.3    9.0  997.3   12.0  998.2   15.0  997.1
 30  5 1860    6.0  998.3    9.0  999.3   12.0  998.6   15.0  996.7
 31  5 1860    6.0  997.0    9.0  997.0   12.0  995.9   15.0  986.9
  1  6 1860    6.0  995.8    9.0  996.3   12.0  996.5   15.0  995.4
  2  6 1860    6.0  996.2    9.0  996.1   12.0  996.2   15.0  996.1
  3  6 1860    6.0  995.4    9.0  995.3   12.0  994.9   15.0  992.6
  4  6 1860    6.0  992.9    9.0  993.9   12.0  994.1   15.0  992.7
  5  6 1860    6.0  995.3    9.0  996.3   12.0  996.6   15.0  996.5
  6  6 1860    6.0 1000.6    9.0 1001.7   12.0 1001.8   15.0 1000.3
  7  6 1860    6.0  998.6    9.0  998.3   12.0  998.1   15.0  997.5
  8  6 1860    6.0  997.9    9.0  999.4   12.0  999.3   15.0  998.1
  9  6 1860    6.0  999.5    9.0  999.1   12.0  998.5   15.0  996.7
 10  6 1860    6.0  994.9    9.0  995.1   12.0  994.7   15.0  993.8
 11  6 1860    6.0  995.5    9.0  996.2   12.0  996.3   15.0  996.7
 12  6 1860    6.0  999.0    9.0  999.3   12.0  998.6   15.0  997.1
 13  6 1860    6.0  997.7    9.0  997.1   12.0  996.2   15.0  994.3
 14  6 1860    6.0  991.4    9.0  990.2   12.0  989.8   15.0  988.1
 15  6 1860    6.0  987.8    9.0  987.9   12.0  988.5   15.0  987.8
 16  6 1860    6.0  989.7    9.0  989.7   12.0  989.5   15.0  989.1
 17  6 1860    6.0  991.0    9.0  991.7   12.0  991.1   15.0  989.8
 18  6 1860    6.0  991.9    9.0  992.6   12.0  993.4   15.0  991.9
 19  6 1860    6.0  998.6    9.0  999.5   12.0  999.4   15.0  999.0
 20  6 1860    6.0  998.2    9.0  999.0   12.0  998.7   15.0  997.9
 21  6 1860    6.0  998.5    9.0  999.1   12.0  999.4   15.0  999.3
 22  6 1860    6.0  997.1    9.0  997.8   12.0  997.7   15.0  997.7
 23  6 1860    6.0 1001.4    9.0 1001.4   12.0 1001.0   15.0  999.9
 24  6 1860    6.0 1000.5    9.0 1001.1   12.0 1000.6   15.0  999.0
 25  6 1860    6.0 1001.4    9.0 1001.8   12.0 1001.3   15.0 1000.5
 26  6 1860    6.0 1002.6    9.0 1003.1   12.0 1002.5   15.0 1001.0
 27  6 1860    6.0 1000.2    9.0 1000.2   12.0  999.7   15.0  998.5
 28  6 1860    6.0  999.0    9.0  999.0   12.0  998.2   15.0  997.4
 29  6 1860    6.0  995.7    9.0  996.2   12.0  995.5   15.0  994.5
 30  6 1860    6.0  991.5    9.0  991.4   12.0  991.3   15.0  990.9
  1  7 1860    6.0  999.3    9.0 1000.5   12.0 1000.5   15.0  999.9
  2  7 1860    6.0 1004.1    9.0 1004.2   12.0 1003.1   15.0 1001.8
  3  7 1860    6.0 1005.0    9.0 1005.4   12.0 1004.6   15.0 1003.4
  4  7 1860    6.0 1002.9    9.0 1001.7   12.0 1000.1   15.0  998.2
  5  7 1860    6.0  994.5    9.0  993.9   12.0  993.5   15.0  993.1
  6  7 1860    6.0  996.3    9.0  995.7   12.0  994.6   15.0  992.7
  7  7 1860    6.0  995.8    9.0  997.7   12.0  998.1   15.0  997.7
  8  7 1860    6.0 1000.6    9.0 1000.6   12.0  999.9   15.0  998.5
  9  7 1860    6.0  999.9    9.0  999.7   12.0  999.5   15.0  999.0
 10  7 1860    6.0  997.0    9.0  995.1   12.0  993.8   15.0  991.4
 11  7 1860    6.0  992.1    9.0  992.9   12.0  991.7   15.0  991.0
 12  7 1860    6.0  991.0    9.0  992.5   12.0  992.1   15.0  990.3
 13  7 1860    6.0  989.4    9.0  989.7   12.0  989.0   15.0  987.7
 14  7 1860    6.0  991.8    9.0  992.3   12.0  993.7   15.0  994.1
 15  7 1860    6.0  999.0    9.0 1000.2   12.0 1000.3   15.0  999.7
 16  7 1860    6.0  999.1    9.0  998.7   12.0  997.9   15.0  996.1
 17  7 1860    6.0  995.7    9.0  996.5   12.0  995.4   15.0  994.1
 18  7 1860    6.0  995.5    9.0  996.7   12.0  995.9   15.0  993.3
 19  7 1860    6.0  993.5    9.0  993.5   12.0  993.1   15.0  991.7
 20  7 1860    6.0  993.1    9.0  993.3   12.0  992.7   15.0  991.5
 21  7 1860    6.0  997.4    9.0  998.7   12.0  998.5   15.0  997.3
 22  7 1860    6.0  998.1    9.0  998.1   12.0  997.3   15.0  995.8
 23  7 1860    6.0  995.4    9.0  996.1   12.0  997.1   15.0  995.0
 24  7 1860    6.0  997.0    9.0  997.3   12.0  996.3   15.0  993.8
 25  7 1860    6.0  989.4    9.0  990.1   12.0  989.4   15.0  988.9
 26  7 1860    6.0  992.9    9.0  993.3   12.0  992.7   15.0  991.8
 27  7 1860    6.0  993.5    9.0  993.8   12.0  993.5   15.0  992.9
 28  7 1860    6.0  993.9    9.0  994.7   12.0  994.2   15.0  991.8
 29  7 1860    6.0  989.8    9.0  990.2   12.0  989.4   15.0  988.2
 30  7 1860    6.0  991.4    9.0  991.4   12.0  991.4   15.0  990.5
 31  7 1860    6.0  992.7    9.0  993.3   12.0  992.7   15.0  992.2
  1  8 1860    6.0  996.7    9.0  998.1   12.0  998.3   15.0  997.4
  2  8 1860    6.0  999.1    9.0  999.8   12.0  998.9   15.0  997.3
  3  8 1860    6.0  997.1    9.0  997.1   12.0  995.5   15.0  993.7
  4  8 1860    6.0  990.5    9.0  991.0   12.0  990.6   15.0  989.3
  5  8 1860    6.0  991.4    9.0  992.9   12.0  993.4   15.0  992.9
  6  8 1860    6.0  996.1    9.0  996.3   12.0  996.3   15.0  996.3
  7  8 1860    6.0  993.3    9.0  993.3   12.0  993.4   15.0  990.2
  8  8 1860    6.0  995.5    9.0  997.1   12.0  997.8   15.0  997.7
  9  8 1860    6.0 1000.3    9.0 1000.5   12.0  998.2   15.0  998.1
 10  8 1860    6.0  997.7    9.0  998.2   12.0  998.1   15.0  997.1
 11  8 1860    6.0  996.1    9.0  996.1   12.0  995.7   15.0  994.5
 12  8 1860    6.0  995.9    9.0  995.4   12.0  995.4   15.0  993.8
 13  8 1860    6.0  995.9    9.0  997.8   12.0  998.1   15.0  997.4
 14  8 1860    6.0  996.1    9.0  995.1   12.0  994.5   15.0  994.1
 15  8 1860    6.0  996.1    9.0  997.0   12.0  996.6   15.0  996.2
 16  8 1860    6.0  996.6    9.0  996.9   12.0  995.7   15.0  993.4
 17  8 1860    6.0  991.5    9.0  991.3   12.0  991.3   15.0  990.9
 18  8 1860    6.0  997.5    9.0  999.0   12.0 1000.1   15.0  999.7
 19  8 1860    6.0 1001.7    9.0 1002.9   12.0 1001.9   15.0 1001.1
 20  8 1860    6.0 1002.6    9.0 1002.9   12.0 1001.9   15.0 1000.7
 21  8 1860    6.0  993.5    9.0  995.3   12.0  994.9   15.0  994.1
 22  8 1860    6.0  996.3    9.0  996.7   12.0  996.6   15.0  995.5
 23  8 1860    6.0  997.3    9.0  998.5   12.0  998.2   15.0  997.1
 24  8 1860    6.0 1000.5    9.0 1001.4   12.0 1000.6   15.0  999.4
 25  8 1860    6.0 1000.7    9.0 1001.3   12.0 1000.6   15.0 1000.2
 26  8 1860    6.0 1001.9    9.0 1002.2   12.0 1001.4   15.0  999.9
 27  8 1860    6.0 1001.9    9.0 1002.7   12.0 1001.7   15.0 1000.2
 28  8 1860    6.0  997.7    9.0  997.7   12.0  997.1   15.0  996.1
 29  8 1860    6.0  994.9    9.0  993.9   12.0  993.5   15.0  992.1
 30  8 1860    6.0  995.3    9.0  996.1   12.0  995.7   15.0  994.9
 31  8 1860    6.0  995.9    9.0  996.5   12.0  996.6   15.0  996.7
  1  9 1860    6.0  996.2    9.0  996.9   12.0  995.4   15.0  993.9
  2  9 1860    6.0  993.0    9.0  993.8   12.0  993.8   15.0  994.1
  3  9 1860    6.0 1000.6    9.0 1000.9   12.0 1001.9   15.0 1002.6
  4  9 1860    6.0  999.5    9.0 1000.5   12.0  999.9   15.0  998.9
  5  9 1860    6.0  998.2    9.0  998.7   12.0  997.9   15.0  997.3
  6  9 1860    6.0  997.7    9.0  998.7   12.0  999.1   15.0  998.7
  7  9 1860    6.0  999.4    9.0  998.6   12.0  998.3   15.0  997.7
  8  9 1860    6.0  995.5    9.0  995.8   12.0  995.1   15.0  993.9
  9  9 1860    6.0  989.9    9.0  992.6   12.0  993.0   15.0  992.9
 10  9 1860    6.0  995.8    9.0  998.2   12.0  997.7   15.0  997.1
 11  9 1860    6.0  996.7    9.0  997.3   12.0  997.4   15.0  996.5
 12  9 1860    6.0 1000.3    9.0 1001.7   12.0 1003.1   15.0 1004.5
 13  9 1860    6.0 1007.1    9.0 1008.1   12.0 1006.6   15.0 1004.5
 14  9 1860    6.0 1003.9    9.0 1004.1   12.0 1003.1   15.0 1001.7
 15  9 1860    6.0 1000.3    9.0 1000.9   12.0  999.9   15.0  996.3
 16  9 1860    6.0  994.9    9.0  995.9   12.0  996.3   15.0  995.9
 17  9 1860    6.0  999.7    9.0 1001.7   12.0 1001.5   15.0 1000.2
 18  9 1860    6.0  996.7    9.0  995.0   12.0  991.5   15.0  989.7
 19  9 1860    6.0  987.5    9.0  988.6   12.0  987.3   15.0  985.9
 20  9 1860    6.0  987.9    9.0  989.0   12.0  989.0   15.0  988.3
 21  9 1860    6.0  993.3    9.0  994.9   12.0  995.9   15.0  997.0
 22  9 1860    6.0 1002.9    9.0 1004.9   12.0 1004.6   15.0 1003.5
 23  9 1860    6.0 1003.0    9.0 1003.4   12.0 1001.9   15.0 1000.6
 24  9 1860    6.0  998.7    9.0 1000.3   12.0  999.0   15.0  998.1
 25  9 1860    6.0 1000.5    9.0 1005.8   12.0 1001.0   15.0 1001.1
 26  9 1860    6.0  996.2    9.0  997.3   12.0  997.4   15.0  994.7
 27  9 1860    6.0  999.5    9.0 1000.7   12.0 1000.3   15.0  999.9
 28  9 1860    6.0  999.1    9.0  999.3   12.0  999.3   15.0  998.3
 29  9 1860    6.0  999.5    9.0 1000.6   12.0 1001.5   15.0 1001.7
 30  9 1860    6.0 1004.5    9.0 1006.6   12.0 1006.9   15.0 1005.9
  1 10 1860    6.0 1005.5    9.0 1005.9   12.0 1005.3   15.0 1003.4
  2 10 1860    6.0  996.9    9.0  997.8   12.0  997.8   15.0  996.7
  3 10 1860    6.0 1004.5    9.0 1006.5   12.0 1006.3   15.0 1006.2
  4 10 1860    6.0 1005.8    9.0 1003.0   12.0 1002.7   15.0 1001.3
  5 10 1860    6.0 1006.9    9.0 1008.5   12.0 1007.4   15.0 1004.9
  6 10 1860    6.0 1005.8    9.0 1005.9   12.0 1005.9   15.0 1005.0
  7 10 1860    6.0 1010.2    9.0 1011.5   12.0 1010.3   15.0 1009.0
  8 10 1860    6.0 1005.9    9.0 1005.8   12.0 1003.9   15.0 1001.3
  9 10 1860    6.0  995.3    9.0  994.9   12.0  991.7   15.0  992.2
 10 10 1860    6.0  993.0    9.0  997.4   12.0  998.6   15.0  999.1
 11 10 1860    6.0  998.3    9.0  986.7   12.0  997.9   15.0  996.6
 12 10 1860    6.0  986.3    9.0  984.1   12.0  974.3   15.0  980.1
 13 10 1860    6.0  990.2    9.0  993.5   12.0  995.8   15.0  996.7
 14 10 1860    6.0  999.7    9.0  999.9   12.0  999.0   15.0  997.1
 15 10 1860    6.0  997.1    9.0  999.8   12.0  998.6   15.0  997.5
 16 10 1860    6.0 1002.7    9.0 1005.4   12.0 1005.3   15.0 1004.1
 17 10 1860    6.0 1005.1    9.0 1001.4   12.0 1005.3   15.0 1004.1
 18 10 1860    6.0 1004.6    9.0 1005.5   12.0 1004.1   15.0 1002.6
 19 10 1860    6.0 1001.3    9.0 1002.2   12.0 1001.9   15.0 1001.9
 20 10 1860    6.0 1004.9    9.0 1005.5   12.0 1005.3   15.0 1004.1
 21 10 1860    6.0 1007.0    9.0 1008.6   12.0 1008.3   15.0 1007.0
 22 10 1860    6.0 1007.0    9.0 1008.2   12.0 1008.1   15.0 1007.0
 23 10 1860    6.0 1009.3    9.0 1009.4   12.0 1009.4   15.0 1008.3
 24 10 1860    6.0 1008.6    9.0 1009.8   12.0 1008.7   15.0 1007.3
 25 10 1860    6.0 1007.9    9.0 1009.5   12.0 1009.1   15.0 1007.9
 26 10 1860    6.0 1009.7    9.0 1010.3   12.0 1011.1   15.0 1010.1
 27 10 1860    6.0 1008.3    9.0 1009.3   12.0 1008.7   15.0 1007.1
 28 10 1860    6.0 1007.0    9.0 1007.8   12.0 1006.7   15.0 1005.5
 29 10 1860    6.0 1005.1    9.0 1005.7   12.0 1005.0   15.0 1004.3
 30 10 1860    6.0 1005.8    9.0 1006.2   12.0 1006.1   15.0 1006.1
 31 10 1860    6.0 1008.5    9.0 1008.9   12.0 1008.2   15.0 1007.3
  1 11 1860    6.0 1003.5    9.0 1003.8   12.0 1003.5   15.0 1002.7
  2 11 1860    6.0 1003.3    9.0 1003.5   12.0 1003.0   15.0 1000.9
  3 11 1860    6.0  999.7    9.0 1000.6   12.0 1000.5   15.0  998.5
  4 11 1860    6.0 1001.3    9.0 1002.6   12.0 1003.7   15.0 1001.3
  5 11 1860    6.0 1002.3    9.0 1003.5   12.0 1003.4   15.0 1002.2
  6 11 1860    6.0  998.6    9.0 1000.9   12.0 1000.2   15.0  998.6
  7 11 1860    6.0  995.8    9.0  995.8   12.0  994.3   15.0  992.7
  8 11 1860    6.0  994.2    9.0  995.3   12.0  995.3   15.0  994.7
  9 11 1860    6.0  997.4    9.0  997.4   12.0  995.0   15.0  993.7
 10 11 1860    6.0  999.7    9.0 1000.6   12.0 1001.0   15.0 1000.1
 11 11 1860    6.0 1001.3    9.0 1001.4   12.0 1000.9   15.0  999.3
 12 11 1860    6.0  999.9    9.0 1000.6   12.0 1000.5   15.0 1000.1
 13 11 1860    6.0  997.8    9.0  998.2   12.0  997.0   15.0  995.4
 14 11 1860    6.0  996.2    9.0  997.5   12.0  997.0   15.0  996.3
 15 11 1860    6.0  994.2    9.0  994.6   12.0  994.1   15.0  993.0
 16 11 1860    6.0  993.4    9.0  993.5   12.0  993.5   15.0  993.0
 17 11 1860    6.0  994.1    9.0  993.9   12.0  993.1   15.0  991.4
 18 11 1860    6.0  976.3    9.0  977.1   12.0  979.0   15.0  981.7
 19 11 1860    6.0  992.6    9.0  994.5   12.0  995.9   15.0  996.2
 20 11 1860    6.0 1000.9    9.0 1001.8   12.0 1001.8   15.0 1000.9
 21 11 1860    6.0 1001.8    9.0 1002.3   12.0 1002.3   15.0 1001.5
 22 11 1860    6.0 1000.9    9.0 1001.0   12.0 1000.7   15.0  999.1
 23 11 1860    6.0  994.5    9.0  993.9   12.0  993.3   15.0  991.8
 24 11 1860    6.0  985.4    9.0  987.1   12.0  987.8   15.0  989.1
 25 11 1860    6.0  985.7    9.0  987.0   12.0  987.3   15.0  986.9
 26 11 1860    6.0  990.5    9.0  991.1   12.0  989.9   15.0  988.9
 27 11 1860    6.0  987.1    9.0  988.1   12.0  988.1   15.0  988.1
 28 11 1860    6.0  991.3    9.0  993.4   12.0  986.9   15.0  995.9
 29 11 1860    6.0 1004.5    9.0 1005.7   12.0 1005.9   15.0 1005.0
 30 11 1860    6.0 1010.2    9.0 1002.6   12.0 1001.1   15.0  999.8
  1 12 1860    6.0 1001.5    9.0 1000.2   12.0  999.4   15.0  997.7
  2 12 1860    6.0  996.6    9.0  997.8   12.0  996.6   15.0  995.7
  3 12 1860    6.0  996.9    9.0  997.8   12.0  998.2   15.0  996.9
  4 12 1860    6.0  992.3    9.0  992.2   12.0  990.5   15.0  989.1
  5 12 1860    6.0  989.4    9.0  990.3   12.0  990.3   15.0  991.3
  6 12 1860    6.0  993.9    9.0  995.1   12.0  995.0   15.0  994.6
  7 12 1860    6.0  995.3    9.0  994.7   12.0  993.7   15.0  991.5
  8 12 1860    6.0  978.7    9.0  981.7   12.0  980.3   15.0  980.1
  9 12 1860    6.0  968.2    9.0  967.3   12.0  964.6   15.0  963.8
 10 12 1860    6.0  971.3    9.0  973.5   12.0  976.2   15.0  978.5
 11 12 1860    6.0  982.9    9.0  982.9   12.0  981.7   15.0  980.6
 12 12 1860    6.0  984.3    9.0  985.8   12.0  985.8   15.0  985.8
 13 12 1860    6.0  988.2    9.0  989.7   12.0  990.5   15.0  990.6
 14 12 1860    6.0  995.1    9.0  995.9   12.0  996.5   15.0  996.1
 15 12 1860    6.0  997.8    9.0  998.6   12.0  998.9   15.0  998.2
 16 12 1860    6.0  997.3    9.0  997.4   12.0  993.3   15.0  993.3
 17 12 1860    6.0  986.9    9.0  987.1   12.0  986.1   15.0  984.3
 18 12 1860    6.0  983.3    9.0  985.0   12.0  985.9   15.0  986.9
 19 12 1860    6.0  993.3    9.0  994.1   12.0  993.5   15.0  992.5
 20 12 1860    6.0  983.3    9.0  984.3   12.0  983.8   15.0  985.3
 21 12 1860    6.0  990.7    9.0  991.5   12.0  990.6   15.0  989.0
 22 12 1860    6.0  984.3    9.0  984.7   12.0  983.8   15.0  982.1
 23 12 1860    6.0  986.2    9.0  988.1   12.0  989.3   15.0  989.5
 24 12 1860    6.0  991.1    9.0  991.4   12.0  989.5   15.0  988.3
 25 12 1860    6.0  987.1    9.0  987.7   12.0  987.0   15.0  985.7
 26 12 1860    6.0  987.5    9.0  989.1   12.0  989.3   15.0  990.5
 27 12 1860    6.0  993.0    9.0  993.7   12.0  992.1   15.0  990.5
 28 12 1860    6.0  988.9    9.0  989.1   12.0  988.5   15.0  987.4
 29 12 1860    6.0  996.7    9.0  999.5   12.0 1001.0   15.0 1003.7
 30 12 1860    6.0 1007.9    9.0 1001.0   12.0 1008.1   15.0 1005.9
 31 12 1860    6.0  998.5    9.0  997.4   12.0  995.8   15.0  994.3
  1  1 1861    6.0  989.8    9.0  990.1   12.0  988.3   15.0  986.2
  2  1 1861    6.0  986.1    9.0  987.9   12.0  991.1   15.0  993.0
  3  1 1861    6.0  996.7    9.0  997.8   12.0  997.5   15.0  997.8
  4  1 1861    6.0  999.1    9.0  999.7   12.0  998.5   15.0  996.7
  5  1 1861    6.0  995.1    9.0  995.9   12.0  995.7   15.0  995.4
  6  1 1861    6.0  992.9    9.0  993.0   12.0  991.5   15.0  991.0
  7  1 1861    6.0  995.8    9.0  996.7   12.0  996.5   15.0  996.6
  8  1 1861    6.0 1006.1    9.0 1002.3   12.0 1001.3   15.0 1002.3
  9  1 1861    6.0 1005.3    9.0 1006.2   12.0 1005.5   15.0 1005.4
 10  1 1861    6.0 1005.8    9.0 1006.7   12.0 1006.1   15.0 1005.0
 11  1 1861    6.0 1003.8    9.0 1004.6   12.0 1003.8   15.0 1002.2
 12  1 1861    6.0  999.5    9.0 1000.2   12.0  999.8   15.0  999.5
 13  1 1861    6.0  998.1    9.0  999.7   12.0  999.1   15.0  997.8
 14  1 1861    6.0  995.7    9.0  996.5   12.0  995.0   15.0  993.9
 15  1 1861    6.0  992.7    9.0  993.8   12.0  994.2   15.0  993.5
 16  1 1861    6.0  995.3    9.0  995.7   12.0  995.1   15.0  993.8
 17  1 1861    6.0  994.9    9.0  996.6   12.0  997.9   15.0  997.5
 18  1 1861    6.0  999.8    9.0 1001.4   12.0 1001.7   15.0 1001.7
 19  1 1861    6.0 1007.7    9.0 1008.2   12.0 1007.9   15.0 1006.7
 20  1 1861    6.0 1003.9    9.0 1003.9   12.0 1003.7   15.0 1002.9
 21  1 1861    6.0 1013.1    9.0 1015.4   12.0 1015.9   15.0 1015.4
 22  1 1861    6.0 1001.3    9.0 1003.5   12.0 1002.1   15.0 1000.5
 23  1 1861    6.0  999.8    9.0 1004.1   12.0 1006.5   15.0 1006.1
 24  1 1861    6.0 1010.9    9.0 1012.2   12.0 1013.8   15.0 1013.0
 25  1 1861    6.0 -999.9    9.0 1014.7   12.0 1015.3   15.0 1015.0
 26  1 1861    6.0 1013.0    9.0 1013.1   12.0 1012.3   15.0 1010.7
 27  1 1861    6.0 1008.3    9.0 1009.0   12.0 1008.3   15.0 1006.3
 28  1 1861    6.0 1007.3    9.0 1006.1   12.0 1007.5   15.0 1007.9
 29  1 1861    6.0 1012.5    9.0 1012.9   12.0 1012.5   15.0 1010.6
 30  1 1861    6.0 1008.3    9.0 1008.6   12.0 1008.2   15.0 1007.4
 31  1 1861    6.0 1013.5    9.0 1015.0   12.0 1015.1   15.0 1014.2
  1  2 1861    6.0 1013.8    9.0 1015.0   12.0 1015.1   15.0 1013.9
  2  2 1861    6.0 1010.7    9.0 1011.0   12.0 1011.4   15.0 1010.1
  3  2 1861    6.0 1012.1    9.0 1013.3   12.0 1010.7   15.0 1011.3
  4  2 1861    6.0 1009.3    9.0 1008.7   12.0 1012.3   15.0 1007.0
  5  2 1861    6.0 1008.1    9.0 1009.0   12.0 1008.9   15.0 1007.8
  6  2 1861    6.0 1006.7    9.0 1006.9   12.0 1006.6   15.0 1004.9
  7  2 1861    6.0 1002.3    9.0 1003.1   12.0 1004.7   15.0 1000.1
  8  2 1861    6.0  998.6    9.0  999.5   12.0  999.0   15.0  997.3
  9  2 1861    6.0  989.9    9.0  989.1   12.0  987.4   15.0  987.9
 10  2 1861    6.0  995.7    9.0  997.3   12.0  997.9   15.0  996.9
 11  2 1861    6.0  987.4    9.0  985.3   12.0  981.5   15.0  975.8
 12  2 1861    6.0  982.1    9.0  985.0   12.0  987.4   15.0  989.4
 13  2 1861    6.0 1000.6    9.0 1002.9   12.0 1003.9   15.0 1003.4
 14  2 1861    6.0 1006.5    9.0 1007.8   12.0 1008.2   15.0 1007.5
 15  2 1861    6.0 1009.3    9.0 1010.2   12.0 1010.2   15.0 1007.8
 16  2 1861    6.0 1004.5    9.0 1004.3   12.0 1003.7   15.0 1002.3
 17  2 1861    6.0 1001.4    9.0 1001.7   12.0 1000.3   15.0  998.6
 18  2 1861    6.0  996.5    9.0  997.0   12.0  996.5   15.0  995.9
 19  2 1861    6.0  998.3    9.0 1000.1   12.0 1000.5   15.0  999.8
 20  2 1861    6.0 1003.9    9.0 1004.6   12.0 1005.1   15.0 1004.5
 21  2 1861    6.0 1005.9    9.0 1007.4   12.0 1007.5   15.0 1006.5
 22  2 1861    6.0 1006.3    9.0 1007.4   12.0 1007.3   15.0 1006.1
 23  2 1861    6.0 1005.4    9.0 1006.5   12.0 1005.5   15.0 1003.7
 24  2 1861    6.0  998.6    9.0  999.8   12.0 1000.9   15.0 1000.1
 25  2 1861    6.0 1000.3    9.0  998.9   12.0  999.0   15.0  997.9
 26  2 1861    6.0  998.5    9.0  999.1   12.0  999.9   15.0  998.3
 27  2 1861    6.0  999.5    9.0 1000.2   12.0 1000.7   15.0  999.5
 28  2 1861    6.0  999.3    9.0 1000.1   12.0  999.3   15.0  997.7
  1  3 1861    6.0  997.0    9.0  997.8   12.0  998.3   15.0  996.3
  2  3 1861    6.0 1000.9    9.0 1001.0   12.0 1001.1   15.0  999.7
  3  3 1861    6.0 1006.9    9.0 1007.4   12.0 1005.9   15.0 1003.1
  4  3 1861    6.0  995.8    9.0  996.2   12.0  993.9   15.0  990.3
  5  3 1861    6.0  996.3    9.0  998.7   12.0 1000.3   15.0  999.7
  6  3 1861    6.0 1006.5    9.0 1007.1   12.0 1006.2   15.0 1004.7
  7  3 1861    6.0  994.3    9.0  992.3   12.0  988.5   15.0  988.3
  8  3 1861    6.0 1002.9    9.0 1004.2   12.0 1004.2   15.0 1003.0
  9  3 1861    6.0 1001.0    9.0 1001.1   12.0 1000.2   15.0  999.0
 10  3 1861    6.0 1004.2    9.0 1004.2   12.0 1004.1   15.0  999.3
 11  3 1861    6.0  990.1    9.0  988.6   12.0  984.9   15.0  979.9
 12  3 1861    6.0  979.9    9.0  980.6   12.0  979.8   15.0  976.9
 13  3 1861    6.0  978.6    9.0  979.0   12.0  979.7   15.0  979.5
 14  3 1861    6.0  993.9    9.0  997.1   12.0  997.4   15.0  995.8
 15  3 1861    6.0 1003.8    9.0 1004.5   12.0 1004.7   15.0 1003.1
 16  3 1861    6.0 1005.8    9.0 1007.9   12.0 1006.2   15.0 1004.2
 17  3 1861    6.0 1002.6    9.0 1002.7   12.0 1001.0   15.0  998.7
 18  3 1861    6.0  991.8    9.0  989.0   12.0  985.9   15.0  984.2
 19  3 1861    6.0  981.9    9.0  982.5   12.0  981.3   15.0  978.9
 20  3 1861    6.0  978.7    9.0  980.9   12.0  983.5   15.0  986.2
 21  3 1861    6.0  993.7    9.0  994.3   12.0  992.6   15.0  989.4
 22  3 1861    6.0  983.9    9.0  985.1   12.0  987.5   15.0  989.3
 23  3 1861    6.0  999.1    9.0 1000.5   12.0 1000.7   15.0  999.7
 24  3 1861    6.0 1003.7    9.0 1004.6   12.0 1003.8   15.0 1001.7
 25  3 1861    6.0 1003.4    9.0 1004.5   12.0 1003.4   15.0 1000.9
 26  3 1861    6.0  997.9    9.0  998.2   12.0  996.7   15.0  994.1
 27  3 1861    6.0  989.3    9.0  989.8   12.0  989.7   15.0  992.5
 28  3 1861    6.0  988.6    9.0  990.1   12.0  990.3   15.0  989.3
 29  3 1861    6.0  991.4    9.0  991.9   12.0  991.9   15.0  991.0
 30  3 1861    6.0  993.0    9.0  993.7   12.0  993.3   15.0  992.5
 31  3 1861    6.0  992.5    9.0  993.7   12.0  993.3   15.0  992.5
  1  4 1861    6.0  993.3    9.0  993.3   12.0  993.5   15.0  995.1
  2  4 1861    6.0 1001.3    9.0 1002.7   12.0 1003.0   15.0 1002.1
  3  4 1861    6.0 1002.6    9.0 1002.9   12.0 1002.6   15.0 1001.1
  4  4 1861    6.0 1000.5    9.0 1001.1   12.0 1000.7   15.0 1000.5
  5  4 1861    6.0  999.7    9.0 1000.3   12.0  999.8   15.0  998.9
  6  4 1861    6.0  997.4    9.0  997.8   12.0  997.7   15.0  995.9
  7  4 1861    6.0  997.9    9.0  998.5   12.0  997.8   15.0  995.8
  8  4 1861    6.0  999.5    9.0 1000.5   12.0 1000.1   15.0  999.1
  9  4 1861    6.0 1012.2    9.0 1003.8   12.0 1003.3   15.0 1002.7
 10  4 1861    6.0 1006.5    9.0 1007.3   12.0 1006.5   15.0 1005.5
 11  4 1861    6.0 1004.9    9.0 1004.3   12.0 1003.4   15.0 1001.4
 12  4 1861    6.0 1000.3    9.0 1000.3   12.0  998.3   15.0  995.4
 13  4 1861    6.0  998.3    9.0  999.0   12.0  999.1   15.0  997.7
 14  4 1861    6.0  999.1    9.0  999.7   12.0  998.6   15.0  996.7
 15  4 1861    6.0  998.2    9.0  999.5   12.0 1000.1   15.0  999.4
 16  4 1861    6.0 1010.1    9.0 1012.1   12.0 1010.5   15.0 1009.3
 17  4 1861    6.0 1008.6    9.0 1008.3   12.0 1007.1   15.0 1005.0
 18  4 1861    6.0 1003.1    9.0 1002.2   12.0 1000.5   15.0  997.7
 19  4 1861    6.0  996.1    9.0  996.2   12.0  994.7   15.0  992.6
 20  4 1861    6.0  993.7    9.0  995.8   12.0  999.5   15.0 1001.1
 21  4 1861    6.0 1002.1    9.0 1005.3   12.0  999.1   15.0  995.4
 22  4 1861    6.0  988.6    9.0  987.5   12.0  986.1   15.0  983.1
 23  4 1861    6.0  982.1    9.0  982.5   12.0  983.0   15.0  981.1
 24  4 1861    6.0  989.3    9.0  992.3   12.0  992.7   15.0  987.8
 25  4 1861    6.0  996.5    9.0  996.9   12.0  997.1   15.0  995.9
 26  4 1861    6.0  997.8    9.0  998.5   12.0  997.3   15.0  995.3
 27  4 1861    6.0  996.1    9.0  996.1   12.0  995.3   15.0  993.4
 28  4 1861    6.0  991.7    9.0  990.9   12.0  990.6   15.0  988.2
 29  4 1861    6.0  991.4    9.0  992.2   12.0  992.1   15.0  991.5
 30  4 1861    6.0 1001.8    9.0 1002.6   12.0 1002.9   15.0 1001.7
  1  5 1861    6.0 1007.3    9.0 1008.5   12.0 1007.7   15.0 1005.9
  2  5 1861    6.0 1004.7    9.0 1003.9   12.0 1002.9   15.0 1000.5
  3  5 1861    6.0  996.5    9.0  996.2   12.0  994.6   15.0  993.1
  4  5 1861    6.0  985.9    9.0  985.5   12.0  984.7   15.0  983.9
  5  5 1861    6.0  988.6    9.0  989.1   12.0  989.0   15.0  988.1
  6  5 1861    6.0  984.2    9.0  986.1   12.0  985.7   15.0  985.8
  7  5 1861    6.0  989.4    9.0  989.8   12.0  989.4   15.0  988.1
  8  5 1861    6.0  990.9    9.0  991.9   12.0  991.1   15.0  989.8
  9  5 1861    6.0  995.4    9.0  996.7   12.0  997.0   15.0  996.7
 10  5 1861    6.0 1001.8    9.0 1002.5   12.0 1002.3   15.0 1001.3
 11  5 1861    6.0 1000.9    9.0 1001.3   12.0 1000.7   15.0  999.8
 12  5 1861    6.0  999.1    9.0  999.8   12.0  999.3   15.0  997.9
 13  5 1861    6.0  998.1    9.0  998.6   12.0  998.1   15.0  997.0
 14  5 1861    6.0  998.2    9.0  998.7   12.0  997.9   15.0  996.3
 15  5 1861    6.0  997.9    9.0  998.5   12.0  998.7   15.0  996.7
 16  5 1861    6.0  998.2    9.0  998.3   12.0  996.5   15.0  993.4
 17  5 1861    6.0  992.1    9.0  991.3   12.0  990.1   15.0  988.2
 18  5 1861    6.0  989.7    9.0  991.7   12.0  993.1   15.0  992.9
 19  5 1861    6.0 1000.1    9.0 1000.6   12.0 1001.0   15.0 1001.1
 20  5 1861    6.0 1006.5    9.0 1006.7   12.0 1006.6   15.0 1006.2
 21  5 1861    6.0 1007.4    9.0 1007.1   12.0 1005.4   15.0 1003.0
 22  5 1861    6.0 1002.2    9.0 1001.1   12.0  999.8   15.0  997.5
 23  5 1861    6.0  998.6    9.0  998.7   12.0  999.0   15.0  997.7
 24  5 1861    6.0  998.6    9.0  998.5   12.0  996.9   15.0  994.1
 25  5 1861    6.0  992.5    9.0  992.9   12.0  992.2   15.0  991.0
 26  5 1861    6.0  997.7    9.0  998.3   12.0  998.2   15.0  997.4
 27  5 1861    6.0 1001.9    9.0 1002.1   12.0 1001.3   15.0  999.9
 28  5 1861    6.0 1000.7    9.0 1001.0   12.0 1000.1   15.0  998.9
 29  5 1861    6.0  998.2    9.0  998.2   12.0  997.7   15.0  996.7
 30  5 1861    6.0  997.0    9.0  997.7   12.0  996.9   15.0  996.2
 31  5 1861    6.0  999.4    9.0  999.5   12.0  999.5   15.0  998.9
  1  6 1861    6.0  998.3    9.0  998.2   12.0  997.3   15.0  993.9
  2  6 1861    6.0  993.1    9.0  993.8   12.0  991.8   15.0  991.8
  3  6 1861    6.0  994.6    9.0  995.3   12.0  995.9   15.0  995.3
  4  6 1861    6.0 1001.1    9.0 1001.9   12.0 1001.0   15.0  999.5
  5  6 1861    6.0  997.8    9.0  997.4   12.0  997.3   15.0  996.2
  6  6 1861    6.0  990.7    9.0  991.0   12.0  990.5   15.0  990.2
  7  6 1861    6.0  993.9    9.0  995.8   12.0  995.8   15.0  995.4
  8  6 1861    6.0  997.4    9.0  999.1   12.0  996.6   15.0  995.8
  9  6 1861    6.0  996.1    9.0  996.6   12.0  996.3   15.0  995.5
 10  6 1861    6.0  996.5    9.0  996.9   12.0  996.6   15.0  995.8
 11  6 1861    6.0  999.1    9.0 1000.5   12.0  999.8   15.0  998.7
 12  6 1861    6.0 1001.9    9.0 1002.5   12.0 1001.7   15.0 1001.0
 13  6 1861    6.0 1002.2    9.0 1001.7   12.0 1001.0   15.0 1000.9
 14  6 1861    6.0 1002.1    9.0 1001.7   12.0 1001.1   15.0  999.3
 15  6 1861    6.0 1000.2    9.0 1000.9   12.0 1000.6   15.0  999.5
 16  6 1861    6.0 1000.6    9.0 1000.2   12.0  999.4   15.0  998.3
 17  6 1861    6.0  997.9    9.0  997.8   12.0  996.7   15.0  995.5
 18  6 1861    6.0  999.3    9.0  999.4   12.0  999.9   15.0  999.1
 19  6 1861    6.0 1001.5    9.0 1002.5   12.0 1002.3   15.0 1000.6
 20  6 1861    6.0 1003.7    9.0 1004.3   12.0 1002.3   15.0 1003.9
 21  6 1861    6.0 1005.0    9.0 1005.4   12.0 1004.5   15.0 1003.3
 22  6 1861    6.0 1001.8    9.0 1001.1   12.0 1000.3   15.0  998.7
 23  6 1861    6.0  996.1    9.0  996.2   12.0  995.8   15.0  994.7
 24  6 1861    6.0  994.5    9.0  995.7   12.0  995.8   15.0  994.7
 25  6 1861    6.0  996.7    9.0  996.7   12.0  996.2   15.0  995.1
 26  6 1861    6.0  995.5    9.0  994.9   12.0  993.4   15.0  990.7
 27  6 1861    6.0  986.2    9.0  986.9   12.0  985.9   15.0  974.5
 28  6 1861    6.0  988.7    9.0  989.5   12.0  989.3   15.0  989.5
 29  6 1861    6.0  994.3    9.0  995.1   12.0  994.6   15.0  993.8
 30  6 1861    6.0  992.1    9.0  991.8   12.0  991.1   15.0  990.3
  1  7 1861    6.0  997.3    9.0  998.2   12.0  998.3   15.0  998.2
  2  7 1861    6.0  999.9    9.0  999.7   12.0  998.9   15.0  997.4
  3  7 1861    6.0  986.7    9.0  994.1   12.0  993.3   15.0  991.1
  4  7 1861    6.0  994.6    9.0  994.6   12.0  993.5   15.0  992.5
  5  7 1861    6.0  992.7    9.0  993.1   12.0  993.0   15.0  991.7
  6  7 1861    6.0  991.1    9.0  991.4   12.0  991.4   15.0  989.7
  7  7 1861    6.0  991.1    9.0  991.9   12.0  991.4   15.0  991.4
  8  7 1861    6.0  996.3    9.0  997.0   12.0  996.5   15.0  995.4
  9  7 1861    6.0  993.1    9.0  992.3   12.0  991.4   15.0  990.6
 10  7 1861    6.0  994.3    9.0  995.8   12.0  995.3   15.0  994.9
 11  7 1861    6.0  998.3    9.0  997.9   12.0  997.5   15.0  996.5
 12  7 1861    6.0  997.8    9.0  997.4   12.0  996.5   15.0  995.8
 13  7 1861    6.0  994.5    9.0  994.6   12.0  993.8   15.0  992.1
 14  7 1861    6.0  994.5    9.0  995.1   12.0  995.5   15.0  995.1
 15  7 1861    6.0  995.7    9.0  996.3   12.0  996.1   15.0  994.9
 16  7 1861    6.0  991.5    9.0  991.3   12.0  991.3   15.0  992.2
 17  7 1861    6.0  997.7    9.0  998.3   12.0  998.3   15.0  997.3
 18  7 1861    6.0  997.9    9.0  998.6   12.0  996.3   15.0  995.1
 19  7 1861    6.0  996.6    9.0  997.0   12.0  997.1   15.0  995.5
 20  7 1861    6.0  996.9    9.0  996.7   12.0  996.1   15.0  994.6
 21  7 1861    6.0  996.3    9.0  996.6   12.0  996.7   15.0  995.9
 22  7 1861    6.0  997.3    9.0  997.5   12.0  997.4   15.0  995.7
 23  7 1861    6.0  996.3    9.0  996.5   12.0  995.5   15.0  994.2
 24  7 1861    6.0  995.0    9.0  995.5   12.0  995.3   15.0  995.1
 25  7 1861    6.0  997.9    9.0  998.6   12.0  998.1   15.0  996.6
 26  7 1861    6.0  995.1    9.0  994.2   12.0  993.0   15.0  990.3
 27  7 1861    6.0  993.4    9.0  994.1   12.0  994.2   15.0  993.1
 28  7 1861    6.0  986.9    9.0  994.5   12.0  993.4   15.0  997.3
 29  7 1861    6.0 1002.9    9.0 1004.2   12.0 1004.3   15.0 1012.3
 30  7 1861    6.0 1005.1    9.0 1003.3   12.0 1003.0   15.0 1001.7
 31  7 1861    6.0 1002.3    9.0 1002.9   12.0 1002.3   15.0 1000.9
  1  8 1861    6.0 1001.3    9.0 1001.8   12.0 1002.2   15.0 1001.0
  2  8 1861    6.0 1001.5    9.0 1002.1   12.0 1001.5   15.0  999.8
  3  8 1861    6.0  999.0    9.0  999.5   12.0  998.6   15.0  997.0
  4  8 1861    6.0 1005.9    9.0 1002.3   12.0 1004.5   15.0 1003.7
  5  8 1861    6.0 1006.2    9.0 1006.6   12.0 1005.9   15.0 1003.9
  6  8 1861    6.0 1003.3    9.0 1003.5   12.0 1003.3   15.0 1001.5
  7  8 1861    6.0 1005.5    9.0 1001.8   12.0 1001.1   15.0  999.7
  8  8 1861    6.0  998.6    9.0  998.9   12.0  997.8   15.0  996.1
  9  8 1861    6.0  996.6    9.0  996.7   12.0  996.2   15.0  995.1
 10  8 1861    6.0  995.8    9.0  995.8   12.0  995.3   15.0  994.1
 11  8 1861    6.0  998.6    9.0  999.5   12.0  999.7   15.0  999.1
 12  8 1861    6.0 1002.3    9.0 1003.0   12.0 1002.3   15.0 1001.0
 13  8 1861    6.0 1002.2    9.0 1002.2   12.0 1001.8   15.0 1000.2
 14  8 1861    6.0 1001.0    9.0 1001.1   12.0 1000.6   15.0 1000.2
 15  8 1861    6.0  997.9    9.0  998.9   12.0  998.1   15.0  996.7
 16  8 1861    6.0  997.1    9.0  997.7   12.0  996.6   15.0  995.5
 17  8 1861    6.0  996.3    9.0  996.6   12.0  995.7   15.0  994.6
 18  8 1861    6.0  997.5    9.0  999.3   12.0  999.1   15.0  997.9
 19  8 1861    6.0  999.3    9.0  999.5   12.0  998.2   15.0  996.6
 20  8 1861    6.0  997.4    9.0  997.8   12.0  996.6   15.0  995.4
 21  8 1861    6.0  996.5    9.0  997.1   12.0  998.2   15.0  987.0
 22  8 1861    6.0 1001.9    9.0 1002.3   12.0 1002.3   15.0 1001.7
 23  8 1861    6.0 1005.1    9.0 1005.8   12.0 1006.2   15.0 1002.9
 24  8 1861    6.0 1000.6    9.0 1000.3   12.0  997.9   15.0  995.1
 25  8 1861    6.0  994.2    9.0  996.9   12.0  995.7   15.0  993.9
 26  8 1861    6.0  999.8    9.0 1000.2   12.0 1000.5   15.0  998.9
 27  8 1861    6.0 1003.8    9.0 1004.1   12.0 1012.9   15.0 1002.9
 28  8 1861    6.0 1004.6    9.0 1004.9   12.0 1003.8   15.0 1003.0
 29  8 1861    6.0 1005.1    9.0 1006.1   12.0 1005.3   15.0 1003.9
 30  8 1861    6.0 1005.8    9.0 1006.3   12.0 1005.3   15.0 1003.5
 31  8 1861    6.0 1002.9    9.0 1003.3   12.0 1001.8   15.0 1000.1
  1  9 1861    6.0 1000.9    9.0 1001.0   12.0  999.9   15.0  998.6
  2  9 1861    6.0 1000.2    9.0 1000.5   12.0  999.5   15.0  998.3
  3  9 1861    6.0 1000.2    9.0 1000.3   12.0  999.7   15.0  998.5
  4  9 1861    6.0 1001.9    9.0 1001.7   12.0 1001.4   15.0  999.5
  5  9 1861    6.0  999.7    9.0  999.8   12.0  999.0   15.0  996.5
  6  9 1861    6.0  999.7    9.0 1000.1   12.0 1000.5   15.0  998.9
  7  9 1861    6.0  996.5    9.0  996.5   12.0  994.9   15.0  991.8
  8  9 1861    6.0 1001.0    9.0 1001.1   12.0 1000.9   15.0  999.7
  9  9 1861    6.0 1002.6    9.0 1002.9   12.0 1002.3   15.0 1000.2
 10  9 1861    6.0  998.5    9.0  998.5   12.0  997.7   15.0  996.5
 11  9 1861    6.0  987.9    9.0  988.6   12.0  988.9   15.0  989.8
 12  9 1861    6.0  996.3    9.0  997.7   12.0  997.9   15.0  998.1
 13  9 1861    6.0 1003.8    9.0 1004.9   12.0 1004.9   15.0 1003.8
 14  9 1861    6.0 1003.8    9.0 1003.9   12.0 1002.9   15.0 1000.9
 15  9 1861    6.0  994.7    9.0  994.3   12.0  993.4   15.0  992.3
 16  9 1861    6.0  995.5    9.0  995.4   12.0  995.3   15.0  993.0
 17  9 1861    6.0  995.0    9.0  995.0   12.0  994.2   15.0  993.4
 18  9 1861    6.0  997.5    9.0  998.3   12.0  998.2   15.0  996.7
 19  9 1861    6.0 1001.8    9.0 1003.0   12.0 1002.9   15.0 1000.9
 20  9 1861    6.0 1001.7    9.0 1002.6   12.0 1001.9   15.0 1000.2
 21  9 1861    6.0  999.3    9.0  999.9   12.0  999.3   15.0  997.9
 22  9 1861    6.0  996.7    9.0  997.1   12.0  997.1   15.0  996.5
 23  9 1861    6.0  998.6    9.0  999.8   12.0  999.8   15.0  998.6
 24  9 1861    6.0  998.9    9.0  999.0   12.0  997.8   15.0  995.5
 25  9 1861    6.0  990.7    9.0  991.0   12.0  990.5   15.0  988.3
 26  9 1861    6.0  989.0    9.0  989.5   12.0  990.1   15.0  989.1
 27  9 1861    6.0  987.5    9.0  989.4   12.0  990.9   15.0  992.1
 28  9 1861    6.0  997.7    9.0  999.3   12.0  998.6   15.0  997.3
 29  9 1861    6.0  999.1    9.0 1000.3   12.0 1000.6   15.0  999.7
 30  9 1861    6.0 1000.6    9.0 1000.5   12.0  999.7   15.0  998.1
  1 10 1861    6.0  997.3    9.0  997.5   12.0  997.0   15.0  995.8
  2 10 1861    6.0  999.1    9.0  999.0   12.0  998.5   15.0  997.0
  3 10 1861    6.0  997.8    9.0  999.0   12.0  999.3   15.0  998.6
  4 10 1861    6.0 1000.9    9.0 1001.4   12.0 1001.3   15.0 1000.2
  5 10 1861    6.0 1004.5    9.0 1005.7   12.0 1005.3   15.0 1004.3
  6 10 1861    6.0 1006.6    9.0 1008.2   12.0 1008.1   15.0 1006.1
  7 10 1861    6.0 1006.5    9.0 1007.3   12.0 1006.7   15.0 1005.1
  8 10 1861    6.0 1005.5    9.0 1005.8   12.0 1005.3   15.0 1003.7
  9 10 1861    6.0 1007.1    9.0 1007.5   12.0 1007.8   15.0 1006.5
 10 10 1861    6.0 1007.0    9.0 1008.1   12.0 1007.5   15.0 1005.9
 11 10 1861    6.0 1002.7    9.0 1003.4   12.0 1002.5   15.0 1001.1
 12 10 1861    6.0 1002.2    9.0 1004.2   12.0 1004.3   15.0 1004.6
 13 10 1861    6.0 1008.5    9.0 1009.0   12.0 1008.3   15.0 1005.8
 14 10 1861    6.0 1006.5    9.0 1006.9   12.0 1007.0   15.0 1005.7
 15 10 1861    6.0 1006.1    9.0 1007.4   12.0 1007.9   15.0 1007.3
 16 10 1861    6.0 1008.2    9.0 1008.5   12.0 1007.8   15.0 1005.4
 17 10 1861    6.0 1004.2    9.0 1004.7   12.0 1004.1   15.0 1002.2
 18 10 1861    6.0 1002.6    9.0 1003.5   12.0 1003.3   15.0 1001.7
 19 10 1861    6.0 1001.8    9.0 1002.3   12.0 1001.8   15.0  999.9
 20 10 1861    6.0 1002.2    9.0 1002.7   12.0 1003.3   15.0 1001.7
 21 10 1861    6.0 1004.9    9.0 1005.8   12.0 1139.0   15.0 1004.1
 22 10 1861    6.0 1006.5    9.0 1007.7   12.0 1007.8   15.0 1007.0
 23 10 1861    6.0 1006.7    9.0 1007.8   12.0 1007.7   15.0 1006.2
 24 10 1861    6.0 1005.8    9.0 1007.4   12.0 1007.3   15.0 1007.1
 25 10 1861    6.0 1006.7    9.0 1006.7   12.0 1006.3   15.0 1004.5
 26 10 1861    6.0 1005.8    9.0 1005.8   12.0 1005.7   15.0 1003.9
 27 10 1861    6.0 1000.1    9.0 1000.1   12.0  998.9   15.0  996.9
 28 10 1861    6.0  994.7    9.0  994.5   12.0  994.1   15.0  993.1
 29 10 1861    6.0  990.5    9.0  989.7   12.0  991.5   15.0  991.7
 30 10 1861    6.0  991.0    9.0  991.7   12.0  991.7   15.0  990.7
 31 10 1861    6.0  989.7    9.0  989.5   12.0  990.2   15.0  989.0
  1 11 1861    6.0  988.3    9.0  989.0   12.0  988.2   15.0  987.5
  2 11 1861    6.0  983.8    9.0  983.8   12.0  982.1   15.0  979.8
  3 11 1861    6.0  983.8    9.0  986.3   12.0  987.1   15.0  987.5
  4 11 1861    6.0  994.2    9.0  995.0   12.0  995.1   15.0  995.5
  5 11 1861    6.0 1004.5    9.0 1007.1   12.0 1007.4   15.0 1006.5
  6 11 1861    6.0 1005.9    9.0 1006.9   12.0 1006.6   15.0 1004.1
  7 11 1861    6.0 1000.5    9.0  999.8   12.0  997.8   15.0  995.7
  8 11 1861    6.0  995.4    9.0  994.5   12.0  993.5   15.0  992.9
  9 11 1861    6.0  985.5    9.0  985.5   12.0  982.5   15.0  979.7
 10 11 1861    6.0  995.3    9.0  998.7   12.0  999.5   15.0  999.1
 11 11 1861    6.0  991.5    9.0 1001.3   12.0 1001.7   15.0 1001.7
 12 11 1861    6.0 1003.9    9.0 1004.1   12.0 1003.5   15.0 1001.9
 13 11 1861    6.0 1002.7    9.0 1002.9   12.0 1001.8   15.0 1000.1
 14 11 1861    6.0  989.8    9.0  988.5   12.0  985.7   15.0  984.3
 15 11 1861    6.0  982.9    9.0  984.3   12.0  984.3   15.0  984.5
 16 11 1861    6.0  988.3    9.0  989.7   12.0  990.2   15.0  989.4
 17 11 1861    6.0  991.3    9.0  992.6   12.0  992.7   15.0  992.6
 18 11 1861    6.0  996.5    9.0  998.1   12.0  999.4   15.0  999.9
 19 11 1861    6.0 1011.0    9.0 1013.5   12.0 1014.7   15.0 1015.0
 20 11 1861    6.0 1014.9    9.0 1015.4   12.0 1013.5   15.0 1012.7
 21 11 1861    6.0 1010.6    9.0 1009.8   12.0 1008.6   15.0 1006.3
 22 11 1861    6.0 1004.6    9.0 1005.4   12.0 1003.9   15.0 1002.1
 23 11 1861    6.0  995.7    9.0  995.7   12.0  993.0   15.0  991.7
 24 11 1861    6.0  985.0    9.0  983.4   12.0  984.7   15.0  985.7
 25 11 1861    6.0 1003.4    9.0 1004.2   12.0 1005.4   15.0 1005.5
 26 11 1861    6.0 1006.3    9.0 1007.1   12.0 1006.1   15.0 1004.3
 27 11 1861    6.0 1004.2    9.0 1005.0   12.0 1003.3   15.0 1002.1
 28 11 1861    6.0  999.9    9.0 1000.6   12.0  999.4   15.0  997.5
 29 11 1861    6.0  999.8    9.0 1002.1   12.0 1003.1   15.0 1003.0
 30 11 1861    6.0 1006.5    9.0  999.9   12.0 1008.2   15.0 1007.3
  1 12 1861    6.0 1004.6    9.0 1004.9   12.0 1003.7   15.0 1001.9
  2 12 1861    6.0 1003.1    9.0 1005.8   12.0 1007.1   15.0 1006.6
  3 12 1861    6.0 1008.5    9.0 1008.9   12.0 1007.8   15.0 1005.3
  4 12 1861    6.0 1005.4    9.0 1007.0   12.0 1006.2   15.0 1004.5
  5 12 1861    6.0 1002.3    9.0 1002.5   12.0 1001.1   15.0  998.9
  6 12 1861    6.0  992.9    9.0  994.6   12.0  995.5   15.0  994.6
  7 12 1861    6.0  993.1    9.0  993.8   12.0  992.3   15.0  991.9
  8 12 1861    6.0  995.5    9.0  997.8   12.0  998.5   15.0  999.5
  9 12 1861    6.0 1006.3    9.0 1009.0   12.0 1009.7   15.0 1008.3
 10 12 1861    6.0 1008.2    9.0 1008.7   12.0 1008.2   15.0 1006.7
 11 12 1861    6.0 1007.9    9.0 1007.9   12.0 1008.1   15.0 1004.7
 12 12 1861    6.0 1009.1    9.0 1009.7   12.0 1009.4   15.0 1008.3
 13 12 1861    6.0 1005.4    9.0 1006.2   12.0 1005.4   15.0 1005.0
 14 12 1861    6.0 1006.5    9.0 1007.9   12.0 1008.3   15.0 1007.7
 15 12 1861    6.0 1008.9    9.0 1009.5   12.0 1007.5   15.0 1005.1
 16 12 1861    6.0  998.1    9.0  997.4   12.0  999.5   15.0  998.1
 17 12 1861    6.0  997.7    9.0  999.3   12.0  998.3   15.0  996.9
 18 12 1861    6.0  995.1    9.0  994.2   12.0  991.1   15.0  988.3
 19 12 1861    6.0  986.5    9.0  992.5   12.0  990.6   15.0  989.9
 20 12 1861    6.0  997.7    9.0 1000.2   12.0 1000.7   15.0 1001.0
 21 12 1861    6.0 1007.0    9.0 1009.3   12.0 1009.1   15.0 1007.8
 22 12 1861    6.0 1007.9    9.0 1000.5   12.0 1007.0   15.0 1005.3
 23 12 1861    6.0 1005.9    9.0 1001.7   12.0 1001.7   15.0 1000.2
 24 12 1861    6.0 1003.3    9.0 1005.8   12.0 1007.0   15.0 1006.6
 25 12 1861    6.0 1007.1    9.0 1008.9   12.0 1008.2   15.0 1007.3
 26 12 1861    6.0 1005.8    9.0 1008.3   12.0 1007.3   15.0 1005.1
 27 12 1861    6.0 1008.5    9.0 1009.3   12.0 1009.0   15.0 1009.7
 28 12 1861    6.0 1012.3    9.0 1012.7   12.0 1012.7   15.0 1012.1
 29 12 1861    6.0 1008.7    9.0 1008.6   12.0 1006.7   15.0 1004.5
 30 12 1861    6.0 1003.9    9.0 1005.3   12.0 1005.4   15.0 1004.5
 31 12 1861    6.0 1011.5    9.0 1013.3   12.0 1012.3   15.0 1011.0
  1  1 1862    6.0 1008.2    9.0 1007.1   12.0 1005.7   15.0 1003.3
  2  1 1862    6.0 1001.7    9.0 1003.3   12.0 1003.4   15.0 1002.6
  3  1 1862    6.0 1002.6    9.0 1003.5   12.0 1001.9   15.0  999.9
  4  1 1862    6.0  985.8    9.0  984.7   12.0  982.2   15.0  979.5
  5  1 1862    6.0  984.5    9.0  985.1   12.0  985.7   15.0  984.9
  6  1 1862    6.0  983.5    9.0  985.7   12.0  987.8   15.0  989.1
  7  1 1862    6.0  999.7    9.0 1002.2   12.0 1002.6   15.0 1003.3
  8  1 1862    6.0 1006.6    9.0 1007.3   12.0 1005.3   15.0 1004.6
  9  1 1862    6.0 1001.8    9.0 1002.5   12.0 1002.3   15.0 1001.7
 10  1 1862    6.0 1003.7    9.0 1003.7   12.0 1002.9   15.0 1000.2
 11  1 1862    6.0  997.3    9.0  998.5   12.0  997.5   15.0  996.3
 12  1 1862    6.0  992.9    9.0  993.3   12.0  993.8   15.0  991.5
 13  1 1862    6.0  989.5    9.0  990.2   12.0  990.2   15.0  989.0
 14  1 1862    6.0  987.7    9.0  992.1   12.0  987.9   15.0  986.3
 15  1 1862    6.0  987.3    9.0  988.2   12.0  988.6   15.0  988.2
 16  1 1862    6.0  991.5    9.0  992.9   12.0  992.7   15.0  991.9
 17  1 1862    6.0  992.1    9.0  992.5   12.0  992.7   15.0  991.0
 18  1 1862    6.0  989.7    9.0  989.9   12.0  993.1   15.0  988.5
 19  1 1862    6.0  988.7    9.0  989.8   12.0  989.3   15.0  988.5
 20  1 1862    6.0  992.7    9.0  994.1   12.0  994.1   15.0  995.4
 21  1 1862    6.0  998.7    9.0  999.7   12.0  998.7   15.0  998.5
 22  1 1862    6.0  999.3    9.0 1001.0   12.0 1000.9   15.0 1000.6
 23  1 1862    6.0 1000.1    9.0 1001.7   12.0 1002.1   15.0 1001.8
 24  1 1862    6.0 1004.3    9.0 1005.5   12.0 1005.9   15.0 1004.9
 25  1 1862    6.0 1007.1    9.0 1007.7   12.0 1007.0   15.0 1005.5
 26  1 1862    6.0 1004.2    9.0 1005.9   12.0 1005.4   15.0 1004.1
 27  1 1862    6.0 1005.9    9.0 1008.7   12.0 1010.1   15.0 1009.8
 28  1 1862    6.0 1008.9    9.0 1009.8   12.0 1009.1   15.0 1008.3
 29  1 1862    6.0 1005.7    9.0 1007.1   12.0 1006.7   15.0 1005.1
 30  1 1862    6.0 1005.0    9.0 1005.0   12.0 1003.8   15.0 1005.5
 31  1 1862    6.0  994.5    9.0  994.5   12.0  992.9   15.0  991.5
  1  2 1862    6.0  993.9    9.0  995.7   12.0  994.9   15.0  994.2
  2  2 1862    6.0  997.1    9.0  999.4   12.0 1000.9   15.0 1000.3
  3  2 1862    6.0 1006.3    9.0 1007.7   12.0 1007.7   15.0 1007.5
  4  2 1862    6.0 1009.8    9.0 1010.3   12.0 1009.1   15.0 1006.3
  5  2 1862    6.0 1004.2    9.0 1004.5   12.0 1003.9   15.0 1005.8
  6  2 1862    6.0  998.2    9.0  998.7   12.0  996.2   15.0  994.6
  7  2 1862    6.0  991.8    9.0  991.3   12.0  990.6   15.0  989.1
  8  2 1862    6.0  990.2    9.0  992.6   12.0  994.3   15.0  993.5
  9  2 1862    6.0  997.0    9.0  997.9   12.0  997.8   15.0  996.9
 10  2 1862    6.0  998.6    9.0  973.4   12.0  999.3   15.0  999.3
 11  2 1862    6.0  999.7    9.0  999.9   12.0 1000.3   15.0  998.7
 12  2 1862    6.0  995.7    9.0  996.5   12.0  995.8   15.0  994.2
 13  2 1862    6.0  993.8    9.0  995.7   12.0  995.9   15.0  995.1
 14  2 1862    6.0  995.7    9.0  997.4   12.0  997.9   15.0  996.6
 15  2 1862    6.0  999.9    9.0 1005.8   12.0 1002.5   15.0 1001.5
 16  2 1862    6.0 1003.9    9.0 1005.1   12.0 1004.2   15.0 1003.8
 17  2 1862    6.0 1001.7    9.0 1002.2   12.0 1001.0   15.0  998.9
 18  2 1862    6.0  997.1    9.0  997.3   12.0  996.9   15.0  995.7
 19  2 1862    6.0  998.6    9.0 1000.7   12.0 1001.1   15.0 1000.1
 20  2 1862    6.0 1003.0    9.0 1004.3   12.0 1004.1   15.0 1003.8
 21  2 1862    6.0 1003.4    9.0 1004.3   12.0 1004.1   15.0 1003.1
 22  2 1862    6.0 1001.4    9.0 1001.5   12.0 1012.2   15.0 1000.7
 23  2 1862    6.0 1003.0    9.0 1002.2   12.0 1001.1   15.0 1000.2
 24  2 1862    6.0  998.6    9.0  998.1   12.0  997.9   15.0  998.6
 25  2 1862    6.0  997.3    9.0  997.0   12.0  996.2   15.0  996.2
 26  2 1862    6.0  996.3    9.0  999.0   12.0  999.9   15.0  998.7
 27  2 1862    6.0  996.7    9.0 1000.2   12.0 1000.3   15.0 1000.9
 28  2 1862    6.0  998.7    9.0 1002.6   12.0 1002.5   15.0  999.9
  1  3 1862    6.0  995.4    9.0  995.4   12.0  995.1   15.0  993.1
  2  3 1862    6.0  992.1    9.0  991.0   12.0  989.8   15.0  987.0
  3  3 1862    6.0  981.8    9.0  981.9   12.0  980.5   15.0  979.4
  4  3 1862    6.0  979.3    9.0  979.5   12.0  979.5   15.0  979.8
  5  3 1862    6.0  986.5    9.0  991.4   12.0  993.8   15.0  995.4
  6  3 1862    6.0 1005.1    9.0 1005.5   12.0 1005.0   15.0 1002.9
  7  3 1862    6.0 1001.0    9.0 1002.5   12.0 1002.5   15.0 1000.9
  8  3 1862    6.0  999.4    9.0 1001.5   12.0 1000.9   15.0  999.8
  9  3 1862    6.0  999.0    9.0  999.8   12.0  998.9   15.0  997.4
 10  3 1862    6.0  996.7    9.0  997.9   12.0  997.7   15.0  995.9
 11  3 1862    6.0 1000.1    9.0 1001.4   12.0 1001.5   15.0  999.7
 12  3 1862    6.0  996.5    9.0  997.8   12.0  997.0   15.0  995.1
 13  3 1862    6.0  997.8    9.0  999.4   12.0  998.9   15.0  996.6
 14  3 1862    6.0  999.3    9.0  999.7   12.0  999.1   15.0  997.9
 15  3 1862    6.0  999.5    9.0 1001.8   12.0 1002.1   15.0 1000.3
 16  3 1862    6.0 1002.5    9.0 1003.9   12.0 1003.9   15.0 1002.7
 17  3 1862    6.0 1000.6    9.0 1001.3   12.0 1000.5   15.0  999.1
 18  3 1862    6.0  999.0    9.0 1000.1   12.0  998.6   15.0  998.1
 19  3 1862    6.0  995.0    9.0  995.8   12.0  994.1   15.0  991.1
 20  3 1862    6.0  989.0    9.0  989.8   12.0  989.3   15.0  987.9
 21  3 1862    6.0  981.3    9.0  980.9   12.0  980.6   15.0  979.7
 22  3 1862    6.0  978.9    9.0  981.5   12.0  981.9   15.0  983.7
 23  3 1862    6.0  994.2    9.0  995.9   12.0  996.6   15.0  996.3
 24  3 1862    6.0  999.4    9.0 1000.9   12.0 1000.7   15.0  999.0
 25  3 1862    6.0  999.9    9.0 1000.9   12.0 1000.3   15.0  999.4
 26  3 1862    6.0  999.1    9.0  999.1   12.0  998.1   15.0  995.7
 27  3 1862    6.0  992.3    9.0  993.3   12.0  991.8   15.0  989.7
 28  3 1862    6.0  982.2    9.0  982.6   12.0  981.4   15.0  980.3
 29  3 1862    6.0  979.8    9.0  980.2   12.0  977.9   15.0  977.7
 30  3 1862    6.0  981.5    9.0  983.3   12.0  984.2   15.0  984.6
 31  3 1862    6.0  987.9    9.0  988.7   12.0  988.7   15.0  987.3
  1  4 1862    6.0  992.9    9.0  994.1   12.0  994.7   15.0  995.4
  2  4 1862    6.0  999.8    9.0 1000.5   12.0  998.6   15.0  989.9
  3  4 1862    6.0  993.3    9.0  993.3   12.0  989.0   15.0  991.0
  4  4 1862    6.0  992.5    9.0  993.1   12.0  992.7   15.0  992.9
  5  4 1862    6.0  997.0    9.0  998.1   12.0  999.8   15.0  997.8
  6  4 1862    6.0 1003.5    9.0 1004.3   12.0 1004.5   15.0 1002.6
  7  4 1862    6.0 1003.8    9.0 1004.6   12.0 1003.8   15.0 1002.1
  8  4 1862    6.0 1002.7    9.0 1002.5   12.0 1001.8   15.0 1001.1
  9  4 1862    6.0  998.3    9.0  998.1   12.0  997.7   15.0  996.3
 10  4 1862    6.0  995.8    9.0  995.9   12.0  995.1   15.0  993.4
 11  4 1862    6.0  995.9    9.0  996.5   12.0  995.3   15.0  993.8
 12  4 1862    6.0  995.0    9.0  995.3   12.0  995.1   15.0  993.5
 13  4 1862    6.0  991.8    9.0  990.7   12.0  988.2   15.0  985.1
 14  4 1862    6.0  983.7    9.0  985.4   12.0  985.8   15.0  987.1
 15  4 1862    6.0  986.6    9.0  987.0   12.0  988.5   15.0  988.9
 16  4 1862    6.0  995.8    9.0  996.5   12.0  996.7   15.0  994.7
 17  4 1862    6.0 1000.6    9.0 1000.6   12.0  987.5   15.0  997.4
 18  4 1862    6.0  999.1    9.0  999.4   12.0  999.1   15.0  998.2
 19  4 1862    6.0 1002.1    9.0 1011.9   12.0 1002.1   15.0 1001.1
 20  4 1862    6.0 1004.1    9.0 1004.5   12.0 1004.2   15.0 1002.7
 21  4 1862    6.0 1004.5    9.0 1005.0   12.0 1003.8   15.0 1002.1
 22  4 1862    6.0 1000.3    9.0 1000.2   12.0  999.5   15.0  997.4
 23  4 1862    6.0  987.3    9.0  999.9   12.0  998.7   15.0  997.8
 24  4 1862    6.0 1004.1    9.0 1005.8   12.0 1005.9   15.0 1005.0
 25  4 1862    6.0 1007.0    9.0 1007.7   12.0 1006.7   15.0 1005.1
 26  4 1862    6.0 1004.6    9.0 1004.9   12.0 1004.5   15.0 1003.8
 27  4 1862    6.0 1003.0    9.0 1003.3   12.0 1003.0   15.0 1001.5
 28  4 1862    6.0 1001.4    9.0 1002.3   12.0 1001.5   15.0  999.1
 29  4 1862    6.0  997.3    9.0  997.8   12.0  998.1   15.0  997.9
 30  4 1862    6.0 1008.3    9.0 1009.0   12.0 1008.5   15.0 1020.8
  1  5 1862    6.0 1010.1    9.0 1010.2   12.0 1009.3   15.0 1008.2
  2  5 1862    6.0 1010.2    9.0 1010.3   12.0 1009.5   15.0 1007.0
  3  5 1862    6.0 1007.4    9.0 1007.9   12.0 1006.7   15.0 1005.1
  4  5 1862    6.0 1002.1    9.0 1002.1   12.0 1000.6   15.0  998.7
  5  5 1862    6.0  998.9    9.0  999.0   12.0  998.5   15.0  998.1
  6  5 1862    6.0 1002.5    9.0 1002.6   12.0 1001.8   15.0 1000.3
  7  5 1862    6.0 1005.4    9.0 1006.2   12.0 1005.5   15.0 1003.9
  8  5 1862    6.0 1003.8    9.0 1004.2   12.0 1003.1   15.0 1002.1
  9  5 1862    6.0 1000.7    9.0 1000.2   12.0  999.3   15.0  996.9
 10  5 1862    6.0  993.9    9.0  994.5   12.0  993.8   15.0  991.5
 11  5 1862    6.0  993.3    9.0  993.5   12.0  993.0   15.0  991.9
 12  5 1862    6.0  987.4    9.0  987.8   12.0  999.8   15.0  986.2
 13  5 1862    6.0  990.7    9.0  991.9   12.0  992.3   15.0  991.9
 14  5 1862    6.0  991.1    9.0  991.3   12.0  990.2   15.0  991.8
 15  5 1862    6.0  995.9    9.0  996.3   12.0  996.5   15.0  995.1
 16  5 1862    6.0  994.9    9.0  996.3   12.0  997.0   15.0  996.9
 17  5 1862    6.0  999.8    9.0 1000.6   12.0  999.9   15.0  998.6
 18  5 1862    6.0 1001.1    9.0 1000.9   12.0 1000.2   15.0  999.4
 19  5 1862    6.0  998.9    9.0  998.9   12.0  996.5   15.0  996.2
 20  5 1862    6.0  995.1    9.0  995.1   12.0  994.1   15.0  992.2
 21  5 1862    6.0  993.5    9.0  994.3   12.0  994.3   15.0  993.5
 22  5 1862    6.0  993.7    9.0  994.6   12.0  994.5   15.0  993.3
 23  5 1862    6.0  997.8    9.0  998.6   12.0  998.5   15.0  997.4
 24  5 1862    6.0  999.8    9.0 1000.2   12.0 1000.1   15.0  998.2
 25  5 1862    6.0 1000.5    9.0 1000.9   12.0 1000.3   15.0  998.3
 26  5 1862    6.0  995.9    9.0  996.5   12.0  995.5   15.0  993.9
 27  5 1862    6.0  996.1    9.0  995.9   12.0  995.5   15.0  994.1
 28  5 1862    6.0  996.9    9.0  997.7   12.0  997.5   15.0  995.9
 29  5 1862    6.0  997.8    9.0  997.9   12.0  997.3   15.0  996.2
 30  5 1862    6.0  995.4    9.0  995.9   12.0  995.8   15.0  995.4
 31  5 1862    6.0  996.9    9.0  997.1   12.0  997.7   15.0  997.0
  1  6 1862    6.0  998.3    9.0  998.2   12.0  999.3   15.0 1000.2
  2  6 1862    6.0 1002.3    9.0 1002.6   12.0 1003.0   15.0 1002.6
  3  6 1862    6.0 1003.1    9.0 1003.1   12.0 1003.3   15.0 1001.9
  4  6 1862    6.0 1000.9    9.0 1001.3   12.0 1000.6   15.0  998.6
  5  6 1862    6.0  999.1    9.0  999.5   12.0  998.9   15.0  996.6
  6  6 1862    6.0  998.5    9.0  999.5   12.0  999.1   15.0  998.1
  7  6 1862    6.0 1001.3    9.0 1002.2   12.0 1002.3   15.0 1001.5
  8  6 1862    6.0 1003.9    9.0 1004.1   12.0 1003.1   15.0 1001.7
  9  6 1862    6.0  999.7    9.0  999.1   12.0  998.5   15.0  996.5
 10  6 1862    6.0  995.1    9.0  995.8   12.0  995.1   15.0  994.3
 11  6 1862    6.0  995.1    9.0  994.7   12.0  994.1   15.0  992.6
 12  6 1862    6.0  991.9    9.0  992.3   12.0  993.0   15.0  992.6
 13  6 1862    6.0  993.7    9.0  993.7   12.0  993.4   15.0  993.3
 14  6 1862    6.0  991.8    9.0  992.1   12.0  991.7   15.0  990.6
 15  6 1862    6.0  992.2    9.0  992.7   12.0  992.9   15.0  992.6
 16  6 1862    6.0  996.9    9.0  996.3   12.0  986.9   15.0  991.8
 17  6 1862    6.0  990.3    9.0  990.5   12.0  990.3   15.0  988.2
 18  6 1862    6.0  988.6    9.0  988.5   12.0  986.5   15.0  984.7
 19  6 1862    6.0  983.8    9.0  983.1   12.0  983.5   15.0  984.2
 20  6 1862    6.0  991.0    9.0  991.5   12.0  990.9   15.0  990.7
 21  6 1862    6.0  991.9    9.0  992.6   12.0  991.9   15.0  991.1
 22  6 1862    6.0  988.5    9.0  988.7   12.0  987.8   15.0  986.7
 23  6 1862    6.0  987.1    9.0  989.1   12.0  991.9   15.0  987.7
 24  6 1862    6.0  992.1    9.0  993.1   12.0  993.4   15.0  992.6
 25  6 1862    6.0  995.8    9.0  996.2   12.0  995.1   15.0  993.3
 26  6 1862    6.0  997.0    9.0  997.3   12.0  996.9   15.0  995.4
 27  6 1862    6.0  995.1    9.0  995.4   12.0  994.3   15.0  992.3
 28  6 1862    6.0  991.1    9.0  991.4   12.0  990.3   15.0  993.3
 29  6 1862    6.0  994.6    9.0  995.3   12.0  987.1   15.0  995.3
 30  6 1862    6.0  995.4    9.0  998.2   12.0  997.1   15.0  995.4
  1  7 1862    6.0  995.9    9.0  996.3   12.0  995.7   15.0  994.7
  2  7 1862    6.0  999.7    9.0 1001.0   12.0 1000.9   15.0 1000.2
  3  7 1862    6.0 1002.6    9.0 1003.4   12.0 1003.4   15.0 1001.8
  4  7 1862    6.0 1002.1    9.0 1002.3   12.0 1001.5   15.0 1000.5
  5  7 1862    6.0  999.1    9.0  998.9   12.0  998.2   15.0  997.3
  6  7 1862    6.0  997.3    9.0  996.7   12.0  995.9   15.0  994.5
  7  7 1862    6.0  993.3    9.0  994.2   12.0  995.1   15.0  987.4
  8  7 1862    6.0  987.0    9.0  999.8   12.0  999.8   15.0  998.6
  9  7 1862    6.0 1004.6    9.0 1005.1   12.0 1004.5   15.0 1002.5
 10  7 1862    6.0  999.5    9.0  998.9   12.0  997.1   15.0  995.0
 11  7 1862    6.0  989.4    9.0  988.7   12.0  988.1   15.0  987.5
 12  7 1862    6.0  995.9    9.0  996.7   12.0  996.7   15.0  993.9
 13  7 1862    6.0  992.7    9.0  993.4   12.0  993.1   15.0  993.3
 14  7 1862    6.0 1000.9    9.0 1001.5   12.0 1001.5   15.0 1000.1
 15  7 1862    6.0  998.2    9.0  997.7   12.0  996.5   15.0  993.9
 16  7 1862    6.0  991.1    9.0  990.9   12.0  990.6   15.0  989.5
 17  7 1862    6.0  993.3    9.0  994.2   12.0  994.5   15.0  993.9
 18  7 1862    6.0  999.9    9.0  999.1   12.0  999.0   15.0  998.1
 19  7 1862    6.0 1001.4    9.0 1002.5   12.0 1002.5   15.0 1001.4
 20  7 1862    6.0 1003.8    9.0 1003.9   12.0 1002.7   15.0 1001.3
 21  7 1862    6.0 1000.5    9.0 1000.5   12.0  999.3   15.0  996.1
 22  7 1862    6.0  997.9    9.0  998.9   12.0  998.6   15.0  998.3
 23  7 1862    6.0  999.5    9.0 1001.1   12.0  999.4   15.0  997.4
 24  7 1862    6.0  997.7    9.0  998.6   12.0  997.9   15.0  997.0
 25  7 1862    6.0 1002.9    9.0 1004.5   12.0 1004.5   15.0 1003.4
 26  7 1862    6.0 1005.0    9.0 1005.4   12.0 1004.7   15.0 1003.4
 27  7 1862    6.0 1002.7    9.0 1002.5   12.0 1001.5   15.0 1001.0
 28  7 1862    6.0 1001.8    9.0 1001.7   12.0 1000.9   15.0  999.7
 29  7 1862    6.0  999.0    9.0  999.1   12.0  998.6   15.0  997.1
 30  7 1862    6.0  996.5    9.0  996.7   12.0  995.9   15.0  994.6
 31  7 1862    6.0  993.9    9.0  995.0   12.0  996.1   15.0  995.9
  1  8 1862    6.0 1003.1    9.0 1004.5   12.0 1003.7   15.0 1002.2
  2  8 1862    6.0 1003.4    9.0 1003.3   12.0 1002.1   15.0 1000.5
  3  8 1862    6.0  999.5    9.0  999.5   12.0  998.2   15.0  996.5
  4  8 1862    6.0  997.0    9.0  995.0   12.0  993.4   15.0  992.3
  5  8 1862    6.0  995.9    9.0  996.6   12.0  995.8   15.0  994.6
  6  8 1862    6.0  996.5    9.0  995.8   12.0  995.9   15.0  994.9
  7  8 1862    6.0  997.4    9.0  997.4   12.0  997.1   15.0  995.3
  8  8 1862    6.0  994.9    9.0  995.0   12.0  993.5   15.0  990.9
  9  8 1862    6.0  990.3    9.0  990.7   12.0  989.8   15.0  987.7
 10  8 1862    6.0  989.9    9.0  990.1   12.0  991.9   15.0  992.2
 11  8 1862    6.0  995.4    9.0  996.6   12.0  997.3   15.0  996.7
 12  8 1862    6.0  999.5    9.0 1000.3   12.0 1000.1   15.0  998.7
 13  8 1862    6.0 1000.7    9.0 1000.9   12.0  999.9   15.0  998.3
 14  8 1862    6.0  998.2    9.0  998.7   12.0  997.7   15.0  996.7
 15  8 1862    6.0  997.9    9.0  998.3   12.0  997.5   15.0  996.1
 16  8 1862    6.0  993.9    9.0  993.9   12.0  993.8   15.0  993.1
 17  8 1862    6.0  991.7    9.0  991.8   12.0  991.7   15.0  990.6
 18  8 1862    6.0  992.9    9.0  993.1   12.0  992.6   15.0  991.4
 19  8 1862    6.0  994.7    9.0  995.0   12.0  994.5   15.0  993.1
 20  8 1862    6.0  994.3    9.0  995.3   12.0  995.1   15.0  994.2
 21  8 1862    6.0  997.3    9.0  997.9   12.0  997.4   15.0  996.6
 22  8 1862    6.0  997.3    9.0  998.1   12.0  996.7   15.0  994.9
 23  8 1862    6.0  995.4    9.0  996.3   12.0  996.7   15.0  995.5
 24  8 1862    6.0  997.5    9.0  998.1   12.0  997.9   15.0  997.8
 25  8 1862    6.0 1001.4    9.0 1001.9   12.0 1001.4   15.0  999.9
 26  8 1862    6.0 1001.4    9.0 1001.5   12.0 1000.5   15.0  997.9
 27  8 1862    6.0  995.5    9.0  995.9   12.0  994.6   15.0  993.3
 28  8 1862    6.0  993.7    9.0  994.5   12.0  994.3   15.0  993.9
 29  8 1862    6.0  995.1    9.0  995.3   12.0  995.4   15.0  995.1
 30  8 1862    6.0  995.9    9.0  996.6   12.0  996.1   15.0  995.3
 31  8 1862    6.0  995.8    9.0  997.4   12.0  997.1   15.0  996.5
  1  9 1862    6.0  998.9    9.0  999.9   12.0 1000.3   15.0  999.9
  2  9 1862    6.0 1000.9    9.0 1001.0   12.0 1000.7   15.0  999.7
  3  9 1862    6.0  997.5    9.0  997.3   12.0  996.2   15.0  996.5
  4  9 1862    6.0  989.9    9.0  991.9   12.0  992.2   15.0  991.8
  5  9 1862    6.0  995.0    9.0  996.9   12.0  997.3   15.0  997.1
  6  9 1862    6.0  993.0    9.0  995.7   12.0  997.0   15.0  998.3
  7  9 1862    6.0  999.7    9.0 1000.2   12.0  999.8   15.0  998.3
  8  9 1862    6.0 1001.7    9.0 1003.4   12.0 1003.5   15.0 1002.2
  9  9 1862    6.0 1003.1    9.0 1003.4   12.0 1002.3   15.0 1000.3
 10  9 1862    6.0  999.0    9.0  999.4   12.0  997.9   15.0  996.3
 11  9 1862    6.0  995.4    9.0  996.5   12.0  995.8   15.0  994.7
 12  9 1862    6.0  996.5    9.0  997.4   12.0  997.7   15.0  997.0
 13  9 1862    6.0  997.8    9.0  998.9   12.0  998.5   15.0  997.8
 14  9 1862    6.0  996.1    9.0  996.2   12.0  995.3   15.0  994.6
 15  9 1862    6.0  997.5    9.0  998.6   12.0  998.5   15.0  995.9
 16  9 1862    6.0  997.5    9.0  997.9   12.0  998.1   15.0  997.4
 17  9 1862    6.0  999.1    9.0 1000.3   12.0 1000.6   15.0 1000.5
 18  9 1862    6.0 1002.2    9.0 1002.6   12.0 1002.1   15.0 1000.9
 19  9 1862    6.0  999.4    9.0  999.5   12.0  998.9   15.0  997.8
 20  9 1862    6.0  995.8    9.0  996.1   12.0  996.1   15.0  996.2
 21  9 1862    6.0  995.1    9.0  994.6   12.0  994.7   15.0  994.5
 22  9 1862    6.0  997.0    9.0  998.3   12.0  998.3   15.0  998.3
 23  9 1862    6.0 1004.2    9.0 1005.4   12.0 1005.3   15.0 1004.1
 24  9 1862    6.0 1001.7    9.0 1001.9   12.0 1001.3   15.0  999.5
 25  9 1862    6.0  998.2    9.0  998.3   12.0  997.8   15.0  996.5
 26  9 1862    6.0 1001.0    9.0 1001.9   12.0 1001.9   15.0 1000.7
 27  9 1862    6.0 1003.3    9.0 1003.9   12.0 1003.5   15.0 1002.5
 28  9 1862    6.0 1004.9    9.0 1005.8   12.0 1004.1   15.0 1002.6
 29  9 1862    6.0 1005.8    9.0 1006.2   12.0 1005.1   15.0 1005.1
 30  9 1862    6.0 1004.7    9.0 1005.3   12.0 1005.0   15.0 1003.8
  1 10 1862    6.0 1002.2    9.0 1003.3   12.0 1002.3   15.0  999.5
  2 10 1862    6.0  998.6    9.0 1001.8   12.0 1003.4   15.0 1006.5
  3 10 1862    6.0 1007.4    9.0 1008.6   12.0 1009.4   15.0 1008.3
  4 10 1862    6.0 1011.7    9.0 1012.3   12.0 1012.6   15.0 1011.0
  5 10 1862    6.0 1009.0    9.0 1009.7   12.0 1009.1   15.0 1006.7
  6 10 1862    6.0 1003.7    9.0 1003.9   12.0 1003.5   15.0 1001.9
  7 10 1862    6.0  999.8    9.0 1000.5   12.0  999.9   15.0  997.9
  8 10 1862    6.0  998.5    9.0 1001.3   12.0 1001.9   15.0 1001.8
  9 10 1862    6.0 1005.7    9.0 1006.6   12.0 1007.1   15.0 1006.7
 10 10 1862    6.0 1005.3    9.0 1006.9   12.0 1006.5   15.0 1005.1
 11 10 1862    6.0 1004.9    9.0 1006.2   12.0 1005.7   15.0 1004.2
 12 10 1862    6.0 1003.1    9.0 1004.3   12.0 1003.3   15.0 1002.1
 13 10 1862    6.0 1001.9    9.0 1002.9   12.0 1002.6   15.0 1001.0
 14 10 1862    6.0 1001.8    9.0 1004.1   12.0 1003.8   15.0 1003.0
 15 10 1862    6.0 1006.2    9.0 1007.8   12.0 1006.3   15.0 1003.7
 16 10 1862    6.0 1003.4    9.0 1004.3   12.0 1003.9   15.0 1002.5
 17 10 1862    6.0 1002.1    9.0 1002.7   12.0 1002.7   15.0 1000.9
 18 10 1862    6.0  999.4    9.0  999.8   12.0  999.0   15.0  997.7
 19 10 1862    6.0  988.5    9.0  988.5   12.0  989.1   15.0  989.0
 20 10 1862    6.0  993.4    9.0  994.7   12.0  993.7   15.0  991.5
 21 10 1862    6.0  991.3    9.0  993.9   12.0  995.3   15.0  995.5
 22 10 1862    6.0  997.8    9.0  999.1   12.0  999.3   15.0  999.1
 23 10 1862    6.0  996.9    9.0  997.9   12.0  996.7   15.0  995.3
 24 10 1862    6.0  994.1    9.0  994.1   12.0  993.5   15.0  992.3
 25 10 1862    6.0  993.4    9.0  996.2   12.0  997.1   15.0  999.4
 26 10 1862    6.0 1003.0    9.0 1005.0   12.0 1004.7   15.0 1003.5
 27 10 1862    6.0 1002.2    9.0 1002.9   12.0 1002.5   15.0 1001.5
 28 10 1862    6.0 1003.5    9.0 1004.7   12.0 1004.2   15.0 1003.0
 29 10 1862    6.0 1000.6    9.0 1005.3   12.0 1000.5   15.0  998.6
 30 10 1862    6.0  987.3    9.0  995.5   12.0  995.0   15.0  994.3
 31 10 1862    6.0  987.3    9.0  995.8   12.0  995.0   15.0  993.5
  1 11 1862    6.0  992.6    9.0  994.5   12.0  995.0   15.0  995.0
  2 11 1862    6.0  996.9    9.0  998.3   12.0  999.0   15.0  998.1
  3 11 1862    6.0  993.9    9.0  995.0   12.0  994.6   15.0  994.1
  4 11 1862    6.0  995.5    9.0  995.4   12.0  995.5   15.0  995.4
  5 11 1862    6.0  997.4    9.0  998.9   12.0  999.3   15.0  998.9
  6 11 1862    6.0 1000.2    9.0 1001.5   12.0 1001.0   15.0 1000.3
  7 11 1862    6.0 1000.6    9.0 1002.2   12.0 1001.8   15.0 1000.9
  8 11 1862    6.0  997.5    9.0  998.3   12.0  997.4   15.0  995.4
  9 11 1862    6.0  999.9    9.0 1002.1   12.0 1002.5   15.0 1000.9
 10 11 1862    6.0  998.7    9.0  999.8   12.0  998.5   15.0  995.9
 11 11 1862    6.0  989.1    9.0  988.6   12.0  985.7   15.0  982.9
 12 11 1862    6.0  979.4    9.0  981.1   12.0  981.8   15.0  984.6
 13 11 1862    6.0  987.4    9.0  988.9   12.0  987.1   15.0  985.5
 14 11 1862    6.0  986.2    9.0  986.7   12.0  986.5   15.0  986.3
 15 11 1862    6.0  989.0    9.0  989.3   12.0  990.7   15.0  990.3
 16 11 1862    6.0  992.2    9.0  993.3   12.0  993.9   15.0  993.5
 17 11 1862    6.0  996.9    9.0  997.9   12.0  998.2   15.0  997.3
 18 11 1862    6.0 1001.3    9.0 1002.3   12.0 1001.8   15.0 1000.6
 19 11 1862    6.0  997.8    9.0  997.0   12.0  996.1   15.0  995.0
 20 11 1862    6.0  993.0    9.0  993.5   12.0  992.3   15.0  991.1
 21 11 1862    6.0  992.2    9.0  992.9   12.0  992.2   15.0  991.4
 22 11 1862    6.0  990.3    9.0  990.9   12.0  999.4   15.0  988.6
 23 11 1862    6.0  987.4    9.0  989.3   12.0  989.0   15.0  989.1
 24 11 1862    6.0  988.6    9.0  988.3   12.0  988.3   15.0  987.9
 25 11 1862    6.0  986.5    9.0  985.9   12.0  984.3   15.0  981.3
 26 11 1862    6.0  975.9    9.0  977.3   12.0  977.1   15.0  978.2
 27 11 1862    6.0  985.0    9.0  986.5   12.0  987.4   15.0  987.1
 28 11 1862    6.0  992.6    9.0  993.8   12.0  994.1   15.0  993.1
 29 11 1862    6.0  997.1    9.0  998.2   12.0  998.2   15.0  995.7
 30 11 1862    6.0  995.9    9.0  997.0   12.0  997.0   15.0  996.5
  1 12 1862    6.0  996.5    9.0  998.9   12.0  998.3   15.0  997.4
  2 12 1862    6.0  999.1    9.0 1000.1   12.0 1000.1   15.0  999.0
  3 12 1862    6.0 1001.5    9.0 1003.3   12.0 1004.5   15.0 1003.9
  4 12 1862    6.0 1002.7    9.0 1004.2   12.0 1004.7   15.0 1003.7
  5 12 1862    6.0 1007.7    9.0 1009.1   12.0 1009.1   15.0 1009.0
  6 12 1862    6.0 1010.9    9.0 1012.9   12.0 1013.5   15.0 1013.0
  7 12 1862    6.0 1009.8    9.0 1009.9   12.0 1008.1   15.0 1007.8
  8 12 1862    6.0 1001.7    9.0 1000.9   12.0  998.6   15.0  996.7
  9 12 1862    6.0  995.1    9.0  994.2   12.0  995.3   15.0  995.1
 10 12 1862    6.0  995.4    9.0  996.6   12.0  997.4   15.0  997.3
 11 12 1862    6.0  997.7    9.0  999.5   12.0  999.9   15.0  999.3
 12 12 1862    6.0  997.1    9.0  994.7   12.0  994.1   15.0  992.9
 13 12 1862    6.0 1003.5    9.0 1005.9   12.0 1008.1   15.0 1007.4
 14 12 1862    6.0 1004.9    9.0 1005.0   12.0 1004.6   15.0 1004.3
 15 12 1862    6.0 1011.0    9.0 1012.7   12.0 1012.7   15.0 1011.1
 16 12 1862    6.0 1015.1    9.0 1015.9   12.0 1016.5   15.0 1016.2
 17 12 1862    6.0 1019.0    9.0 1019.4   12.0 1019.1   15.0 1017.4
 18 12 1862    6.0 1008.5    9.0 1007.3   12.0 1005.0   15.0 1002.3
 19 12 1862    6.0 1001.1    9.0  997.8   12.0  992.1   15.0  985.9
 20 12 1862    6.0  979.7    9.0  978.9   12.0  976.9   15.0  973.7
 21 12 1862    6.0  975.8    9.0  977.1   12.0  977.5   15.0  977.3
 22 12 1862    6.0  981.8    9.0  984.2   12.0  985.9   15.0  986.3
 23 12 1862    6.0  991.5    9.0  992.5   12.0  992.7   15.0  993.4
 24 12 1862    6.0 1004.3    9.0 1005.3   12.0 1006.5   15.0 1005.8
 25 12 1862    6.0 1009.7    9.0 1010.9   12.0 1011.0   15.0 1009.7
 26 12 1862    6.0 1012.2    9.0 1012.9   12.0 1012.5   15.0 1010.2
 27 12 1862    6.0 1005.1    9.0 1005.7   12.0 1004.6   15.0 1003.8
 28 12 1862    6.0 1007.3    9.0 1008.7   12.0 1008.6   15.0 1007.3
 29 12 1862    6.0 1005.4    9.0 1005.4   12.0 1005.0   15.0 1003.3
 30 12 1862    6.0  998.1    9.0  997.4   12.0  995.1   15.0  994.1
 31 12 1862    6.0  992.3    9.0  993.5   12.0  994.3   15.0  995.4
  1  1 1863    6.0 1006.9    9.0 1009.1   12.0 1009.3   15.0 1010.2
  2  1 1863    6.0 1006.1    9.0 1006.2   12.0 1004.3   15.0 1002.3
  3  1 1863    6.0  998.3    9.0  999.0   12.0  997.8   15.0  996.7
  4  1 1863    6.0  998.5    9.0  999.1   12.0  999.5   15.0  999.5
  5  1 1863    6.0  998.6    9.0  999.3   12.0  999.3   15.0  997.7
  6  1 1863    6.0  995.5    9.0  995.5   12.0  995.4   15.0  992.6
  7  1 1863    6.0  984.1    9.0  981.4   12.0  981.0   15.0  981.9
  8  1 1863    6.0  980.9    9.0  982.3   12.0  983.4   15.0  984.6
  9  1 1863    6.0  992.5    9.0  994.3   12.0  995.4   15.0  996.6
 10  1 1863    6.0  998.3    9.0  999.7   12.0  997.4   15.0  994.3
 11  1 1863    6.0  992.1    9.0  991.5   12.0  992.1   15.0  991.3
 12  1 1863    6.0  997.0    9.0  999.3   12.0  999.9   15.0 1001.3
 13  1 1863    6.0 1005.0    9.0 1006.5   12.0 1005.5   15.0 1004.5
 14  1 1863    6.0 1002.3    9.0 1002.3   12.0 1001.1   15.0 1000.6
 15  1 1863    6.0 1002.2    9.0 1004.5   12.0 1005.8   15.0 1006.3
 16  1 1863    6.0 1008.2    9.0 1007.0   12.0 1006.2   15.0 1004.6
 17  1 1863    6.0 1002.6    9.0 1002.7   12.0 1001.9   15.0  998.6
 18  1 1863    6.0  990.3    9.0  989.3   12.0  987.8   15.0  985.0
 19  1 1863    6.0  981.1    9.0  982.2   12.0  980.6   15.0  976.2
 20  1 1863    6.0  984.3    9.0  985.9   12.0  984.5   15.0  982.2
 21  1 1863    6.0  985.1    9.0  988.3   12.0  987.7   15.0  987.1
 22  1 1863    6.0  996.6    9.0  999.4   12.0 1000.2   15.0 1001.8
 23  1 1863    6.0 1007.3    9.0 1007.5   12.0 1007.7   15.0 1008.7
 24  1 1863    6.0 1006.3    9.0 1005.9   12.0 1005.9   15.0 1004.1
 25  1 1863    6.0  998.3    9.0 1000.6   12.0 1001.1   15.0 1004.5
 26  1 1863    6.0 1012.9    9.0 1014.7   12.0 1014.7   15.0 1014.1
 27  1 1863    6.0 1014.7    9.0 1012.9   12.0 1012.9   15.0 1010.7
 28  1 1863    6.0 1005.9    9.0 1006.3   12.0 1008.6   15.0 1007.5
 29  1 1863    6.0 1007.5    9.0 1008.1   12.0 1008.6   15.0 1006.6
 30  1 1863    6.0 1003.7    9.0 1003.7   12.0 1002.7   15.0 1001.4
 31  1 1863    6.0 1002.9    9.0 1003.1   12.0 1002.9   15.0 1001.7
  1  2 1863    6.0 1000.2    9.0 1001.1   12.0 1001.5   15.0 1001.3
  2  2 1863    6.0 1004.2    9.0 1005.9   12.0 1006.5   15.0 1004.6
  3  2 1863    6.0 1007.3    9.0 1008.6   12.0 1007.9   15.0 1006.5
  4  2 1863    6.0 1005.5    9.0 1007.3   12.0 1007.1   15.0 1006.1
  5  2 1863    6.0 1008.7    9.0 1010.3   12.0 1008.5   15.0 1006.2
  6  2 1863    6.0 1005.4    9.0 1006.9   12.0 1007.3   15.0 1006.2
  7  2 1863    6.0 1007.8    9.0 1008.1   12.0 1008.5   15.0 1006.3
  8  2 1863    6.0 1002.2    9.0 1002.5   12.0 1000.2   15.0  998.2
  9  2 1863    6.0  992.3    9.0  994.1   12.0  993.1   15.0  991.0
 10  2 1863    6.0 1001.9    9.0 1004.6   12.0 1006.7   15.0 1006.2
 11  2 1863    6.0 1010.7    9.0 1011.4   12.0 1010.6   15.0 1010.1
 12  2 1863    6.0 1011.8    9.0 1013.1   12.0 1013.9   15.0 1010.2
 13  2 1863    6.0 1011.7    9.0 1010.2   12.0 1009.4   15.0 1007.5
 14  2 1863    6.0 1008.7    9.0 1008.7   12.0 1007.0   15.0 1005.9
 15  2 1863    6.0 1009.5    9.0 1011.8   12.0 1011.3   15.0 1010.6
 16  2 1863    6.0 1013.5    9.0 1014.3   12.0 1013.9   15.0 1011.8
 17  2 1863    6.0 1008.5    9.0 1009.1   12.0 1011.7   15.0 1010.3
 18  2 1863    6.0 1011.3    9.0 1012.6   12.0 1012.3   15.0 1009.7
 19  2 1863    6.0 1006.6    9.0 1007.0   12.0 1006.2   15.0 1005.5
 20  2 1863    6.0 1008.2    9.0 1009.4   12.0 1009.5   15.0 1008.6
 21  2 1863    6.0 1012.3    9.0 1014.9   12.0 1014.6   15.0 1012.2
 22  2 1863    6.0 1009.8    9.0 1009.8   12.0 1009.3   15.0 1007.8
 23  2 1863    6.0 1004.9    9.0 1005.4   12.0 1003.1   15.0 1002.1
 24  2 1863    6.0  999.4    9.0 1000.7   12.0 1001.8   15.0 1002.7
 25  2 1863    6.0 1011.5    9.0 1013.1   12.0 1013.0   15.0 1012.1
 26  2 1863    6.0 1013.9    9.0 1013.3   12.0 1012.3   15.0 1011.3
 27  2 1863    6.0 1009.5    9.0 1009.5   12.0 1008.7   15.0 1007.8
 28  2 1863    6.0 1007.5    9.0 1005.8   12.0 1005.0   15.0 1003.4
