1871 02 01 08 00  50.82   -1.09 1015.9       PORTSMOUTH
1871 02 02 08 00  50.82   -1.09 1016.9       PORTSMOUTH
1871 02 03 08 00  50.82   -1.09 1006.8       PORTSMOUTH
1871 02 04 08 00  50.82   -1.09 1005.8       PORTSMOUTH
1871 02 05 08 00  50.82   -1.09 1007.5       PORTSMOUTH
1871 02 06 08 00  50.82   -1.09 1013.5       PORTSMOUTH
1871 02 07 08 00  50.82   -1.09 1022.7       PORTSMOUTH
1871 02 08 08 00  50.82   -1.09 1017.6       PORTSMOUTH
1871 02 09 08 00  50.82   -1.09 1015.9       PORTSMOUTH
1871 02 10 08 00  50.82   -1.09 1000.3       PORTSMOUTH
1871 02 11 08 00  50.82   -1.09 1019.3       PORTSMOUTH
1871 02 12 08 00  50.82   -1.09 1010.8       PORTSMOUTH
1871 02 13 08 00  50.82   -1.09 1011.5       PORTSMOUTH
1871 02 14 08 00  50.82   -1.09 1022.7       PORTSMOUTH
1871 02 15 08 00  50.82   -1.09 1021.3       PORTSMOUTH
1871 02 16 08 00  50.82   -1.09 1022.7       PORTSMOUTH
1871 02 17 08 00  50.82   -1.09 1023.4       PORTSMOUTH
1871 02 18 08 00  50.82   -1.09 1026.1       PORTSMOUTH
1871 02 19 08 00  50.82   -1.09 1022.7       PORTSMOUTH
1871 02 20 08 00  50.82   -1.09 1011.2       PORTSMOUTH
1871 02 21 08 00  50.82   -1.09 1013.5       PORTSMOUTH
1871 02 22 08 00  50.82   -1.09 1031.8       PORTSMOUTH
1871 02 23 08 00  50.82   -1.09 1030.5       PORTSMOUTH
1871 02 24 08 00  50.82   -1.09 1032.2       PORTSMOUTH
1871 02 25 08 00  50.82   -1.09 1029.1       PORTSMOUTH
1871 02 26 08 00  50.82   -1.09 1019.0       PORTSMOUTH
1871 02 27 08 00  50.82   -1.09 1010.8       PORTSMOUTH
1871 02 28 08 00  50.82   -1.09 1012.9       PORTSMOUTH
1871 02 01 08 00  30.51   47.78 1017.1            BASRA
1871 02 02 08 00  30.51   47.78 1017.5            BASRA
1871 02 03 08 00  30.51   47.78 1021.2            BASRA
1871 02 04 08 00  30.51   47.78 1022.4            BASRA
1871 02 05 08 00  30.51   47.78 1021.4            BASRA
1871 02 06 08 00  30.51   47.78 1023.2            BASRA
1871 02 07 08 00  30.51   47.78 1022.9            BASRA
1871 02 08 08 00  30.51   47.78 1021.3            BASRA
1871 02 09 08 00  30.51   47.78 1017.7            BASRA
1871 02 10 08 00  30.51   47.78 1013.3            BASRA
1871 02 11 08 00  30.51   47.78 1009.2            BASRA
1871 02 12 08 00  30.51   47.78 1012.8            BASRA
1871 02 13 08 00  30.51   47.78 1014.8            BASRA
1871 02 14 08 00  30.51   47.78 1014.8            BASRA
1871 02 15 08 00  30.51   47.78 1012.1            BASRA
1871 02 16 08 00  30.51   47.78 1013.5            BASRA
1871 02 17 08 00  30.51   47.78 1015.5            BASRA
1871 02 18 08 00  30.51   47.78 1012.1            BASRA
1871 02 19 08 00  30.51   47.78 1012.5            BASRA
1871 02 20 08 00  30.51   47.78 1014.3            BASRA
1871 02 21 08 00  30.51   47.78 1012.7            BASRA
1871 02 22 08 00  30.51   47.78 1023.4            BASRA
1871 02 23 08 00  30.51   47.78 1021.4            BASRA
1871 02 24 08 00  30.51   47.78 1016.8            BASRA
1871 02 25 08 00  30.51   47.78 1022.5            BASRA
1871 02 26 08 00  30.51   47.78 1025.7            BASRA
1871 02 27 08 00  30.51   47.78 1024.0            BASRA
1871 02 28 08 00  30.51   47.78 1021.4            BASRA
1871 02 06 08 00  43.36   -8.41 1016.1         LACORUNA
1871 02 07 08 00  43.36   -8.41 1031.8         LACORUNA
1871 02 08 08 00  43.36   -8.41 1030.0         LACORUNA
1871 02 09 08 00  43.36   -8.41 1029.2         LACORUNA
1871 02 10 08 00  43.36   -8.41 1024.9         LACORUNA
1871 02 11 08 00  43.36   -8.41 1019.0         LACORUNA
1871 02 12 08 00  43.36   -8.41 1015.6         LACORUNA
1871 02 13 08 00  43.36   -8.41 1019.7         LACORUNA
1871 02 15 08 00  43.36   -8.41 1017.7         LACORUNA
1871 02 16 08 00  43.36   -8.41 1015.7         LACORUNA
1871 02 17 08 00  43.36   -8.41 1022.8         LACORUNA
1871 02 18 08 00  43.36   -8.41 1026.9         LACORUNA
1871 02 19 08 00  43.36   -8.41 1027.3         LACORUNA
1871 02 20 08 00  43.36   -8.41 1025.0         LACORUNA
1871 02 21 08 00  43.36   -8.41 1025.2         LACORUNA
1871 02 22 08 00  43.36   -8.41 1026.0         LACORUNA
1871 02 23 08 00  43.36   -8.41 1027.3         LACORUNA
1871 02 24 08 00  43.36   -8.41 1025.4         LACORUNA
1871 02 25 08 00  43.36   -8.41 1015.9         LACORUNA
1871 02 26 08 00  43.36   -8.41 1014.0         LACORUNA
1871 02 27 08 00  43.36   -8.41 1021.7         LACORUNA
1871 02 28 08 00  43.36   -8.41 1020.5         LACORUNA
1871 02 01 08 00  57.59   -3.87 1022.0            NAIRN
1871 02 02 08 00  57.59   -3.87 1019.0            NAIRN
1871 02 03 08 00  57.59   -3.87 1011.5            NAIRN
1871 02 04 08 00  57.59   -3.87 1005.1            NAIRN
1871 02 05 08 00  57.59   -3.87  999.7            NAIRN
1871 02 06 08 00  57.59   -3.87 1005.8            NAIRN
1871 02 07 08 00  57.59   -3.87 1012.2            NAIRN
1871 02 08 08 00  57.59   -3.87  999.7            NAIRN
1871 02 09 08 00  57.59   -3.87 1005.4            NAIRN
1871 02 10 08 00  57.59   -3.87  998.3            NAIRN
1871 02 11 08 00  57.59   -3.87 1012.5            NAIRN
1871 02 12 08 00  57.59   -3.87  992.2            NAIRN
1871 02 13 08 00  57.59   -3.87 1005.1            NAIRN
1871 02 14 08 00  57.59   -3.87 1007.5            NAIRN
1871 02 15 08 00  57.59   -3.87 1008.8            NAIRN
1871 02 16 08 00  57.59   -3.87 1011.2            NAIRN
1871 02 17 08 00  57.59   -3.87 1006.8            NAIRN
1871 02 18 08 00  57.59   -3.87 1004.4            NAIRN
1871 02 19 08 00  57.59   -3.87 1002.4            NAIRN
1871 02 20 08 00  57.59   -3.87  991.5            NAIRN
1871 02 21 08 00  57.59   -3.87 1019.0            NAIRN
1871 02 23 08 00  57.59   -3.87 1008.8            NAIRN
1871 02 24 08 00  57.59   -3.87 1009.5            NAIRN
1871 02 25 08 00  57.59   -3.87 1010.5            NAIRN
1871 02 26 08 00  57.59   -3.87 1013.5            NAIRN
1871 02 27 08 00  57.59   -3.87  997.3            NAIRN
1871 02 28 08 00  57.59   -3.87 1014.9            NAIRN
1871 02 01 08 00  38.72   -9.14 1017.5           LISBON
1871 02 02 08 00  38.72   -9.14 1017.1           LISBON
1871 02 03 08 00  38.72   -9.14 1010.8           LISBON
1871 02 04 08 00  38.72   -9.14 1004.5           LISBON
1871 02 06 08 00  38.72   -9.14 1030.5           LISBON
1871 02 07 08 00  38.72   -9.14 1031.8           LISBON
1871 02 08 08 00  38.72   -9.14 1029.6           LISBON
1871 02 09 08 00  38.72   -9.14 1029.0           LISBON
1871 02 10 08 00  38.72   -9.14 1028.1           LISBON
1871 02 11 08 00  38.72   -9.14 1022.9           LISBON
1871 02 12 08 00  38.72   -9.14 1017.1           LISBON
1871 02 13 08 00  38.72   -9.14 1023.4           LISBON
1871 02 15 08 00  38.72   -9.14 1023.7           LISBON
1871 02 16 08 00  38.72   -9.14 1017.7           LISBON
1871 02 17 08 00  38.72   -9.14 1022.1           LISBON
1871 02 18 08 00  38.72   -9.14 1029.0           LISBON
1871 02 19 08 00  38.72   -9.14 1029.3           LISBON
1871 02 20 08 00  38.72   -9.14 1022.6           LISBON
1871 02 21 08 00  38.72   -9.14 1023.3           LISBON
1871 02 22 08 00  38.72   -9.14 1018.0           LISBON
1871 02 23 08 00  38.72   -9.14 1020.6           LISBON
1871 02 24 08 00  38.72   -9.14 1021.7           LISBON
1871 02 25 08 00  38.72   -9.14 1017.2           LISBON
1871 02 26 08 00  38.72   -9.14 1025.8           LISBON
1871 02 27 08 00  38.72   -9.14 1025.8           LISBON
1871 02 28 08 00  38.72   -9.14 1022.1           LISBON
1871 02 01 08 00  57.20   -2.20 1023.7         ABERDEEN
1871 02 02 08 00  57.20   -2.20 1018.6         ABERDEEN
1871 02 03 08 00  57.20   -2.20 1012.9         ABERDEEN
1871 02 04 08 00  57.20   -2.20 1007.8         ABERDEEN
1871 02 05 08 00  57.20   -2.20 1002.0         ABERDEEN
1871 02 06 08 00  57.20   -2.20 1007.5         ABERDEEN
1871 02 07 08 00  57.20   -2.20 1016.6         ABERDEEN
1871 02 08 08 00  57.20   -2.20 1002.7         ABERDEEN
1871 02 09 08 00  57.20   -2.20 1005.4         ABERDEEN
1871 02 10 08 00  57.20   -2.20 1001.4         ABERDEEN
1871 02 11 08 00  57.20   -2.20 1015.6         ABERDEEN
1871 02 12 08 00  57.20   -2.20  997.6         ABERDEEN
1871 02 13 08 00  57.20   -2.20 1007.5         ABERDEEN
1871 02 14 08 00  57.20   -2.20 1010.5         ABERDEEN
1871 02 15 08 00  57.20   -2.20 1010.8         ABERDEEN
1871 02 16 08 00  57.20   -2.20 1012.5         ABERDEEN
1871 02 17 08 00  57.20   -2.20 1008.8         ABERDEEN
1871 02 18 08 00  57.20   -2.20 1008.5         ABERDEEN
1871 02 19 08 00  57.20   -2.20 1004.1         ABERDEEN
1871 02 20 08 00  57.20   -2.20  990.5         ABERDEEN
1871 02 21 08 00  57.20   -2.20 1016.9         ABERDEEN
1871 02 22 08 00  57.20   -2.20 1015.6         ABERDEEN
1871 02 23 08 00  57.20   -2.20 1010.8         ABERDEEN
1871 02 24 08 00  57.20   -2.20 1010.8         ABERDEEN
1871 02 25 08 00  57.20   -2.20 1011.5         ABERDEEN
1871 02 26 08 00  57.20   -2.20 1015.2         ABERDEEN
1871 02 27 08 00  57.20   -2.20  997.3         ABERDEEN
1871 02 28 08 00  57.20   -2.20 1014.2         ABERDEEN
1871 02 01 08 00  51.68   -5.18 1016.3         PEMBROKE
1871 02 02 08 00  51.68   -5.18 1014.2         PEMBROKE
1871 02 03 08 00  51.68   -5.18  998.0         PEMBROKE
1871 02 04 08 00  51.68   -5.18  997.6         PEMBROKE
1871 02 05 08 00  51.68   -5.18 1000.7         PEMBROKE
1871 02 06 08 00  51.68   -5.18 1013.5         PEMBROKE
1871 02 07 08 00  51.68   -5.18 1017.6         PEMBROKE
1871 02 08 08 00  51.68   -5.18 1014.9         PEMBROKE
1871 02 09 08 00  51.68   -5.18 1017.9         PEMBROKE
1871 02 10 08 00  51.68   -5.18  995.3         PEMBROKE
1871 02 11 08 00  51.68   -5.18 1017.9         PEMBROKE
1871 02 12 08 00  51.68   -5.18  998.6         PEMBROKE
1871 02 13 08 00  51.68   -5.18 1012.9         PEMBROKE
1871 02 14 08 00  51.68   -5.18 1017.6         PEMBROKE
1871 02 15 08 00  51.68   -5.18 1017.9         PEMBROKE
1871 02 16 08 00  51.68   -5.18 1019.0         PEMBROKE
1871 02 17 08 00  51.68   -5.18 1018.3         PEMBROKE
1871 02 18 08 00  51.68   -5.18 1022.4         PEMBROKE
1871 02 19 08 00  51.68   -5.18 1015.9         PEMBROKE
1871 02 20 08 00  51.68   -5.18 1008.1         PEMBROKE
1871 02 21 08 00  51.68   -5.18 1018.6         PEMBROKE
1871 02 22 08 00  51.68   -5.18 1031.2         PEMBROKE
1871 02 23 08 00  51.68   -5.18 1030.1         PEMBROKE
1871 02 24 08 00  51.68   -5.18 1029.1         PEMBROKE
1871 02 25 08 00  51.68   -5.18 1027.4         PEMBROKE
1871 02 26 08 00  51.68   -5.18 1010.8         PEMBROKE
1871 02 27 08 00  51.68   -5.18 1004.1         PEMBROKE
1871 02 28 08 00  51.68   -5.18 1011.5         PEMBROKE
1871 02 01 08 00  45.94   -0.96 1013.5        ROCHEFORT
1871 02 02 08 00  45.94   -0.96 1012.1        ROCHEFORT
1871 02 03 08 00  45.94   -0.96 1004.2        ROCHEFORT
1871 02 04 08 00  45.94   -0.96 1001.5        ROCHEFORT
1871 02 05 08 00  45.94   -0.96 1010.8        ROCHEFORT
1871 02 06 08 00  45.94   -0.96 1020.1        ROCHEFORT
1871 02 07 08 00  45.94   -0.96 1024.1        ROCHEFORT
1871 02 08 08 00  45.94   -0.96 1022.8        ROCHEFORT
1871 02 09 08 00  45.94   -0.96 1017.5        ROCHEFORT
1871 02 10 08 00  45.94   -0.96 1014.8        ROCHEFORT
1871 02 11 08 00  45.94   -0.96 1009.5        ROCHEFORT
1871 02 12 08 00  45.94   -0.96 1013.5        ROCHEFORT
1871 02 13 08 00  45.94   -0.96 1012.1        ROCHEFORT
1871 02 14 08 00  45.94   -0.96 1020.1        ROCHEFORT
1871 02 15 08 00  45.94   -0.96 1022.4        ROCHEFORT
1871 02 16 08 00  45.94   -0.96 1017.7        ROCHEFORT
1871 02 17 08 00  45.94   -0.96 1024.5        ROCHEFORT
1871 02 18 08 00  45.94   -0.96 1028.1        ROCHEFORT
1871 02 19 08 00  45.94   -0.96 1025.4        ROCHEFORT
1871 02 20 08 00  45.94   -0.96 1018.8        ROCHEFORT
1871 02 21 08 00  45.94   -0.96 1017.5        ROCHEFORT
1871 02 22 08 00  45.94   -0.96 1026.8        ROCHEFORT
1871 02 24 08 00  45.94   -0.96 1028.1        ROCHEFORT
1871 02 25 08 00  45.94   -0.96 1021.4        ROCHEFORT
1871 02 26 08 00  45.94   -0.96 1014.8        ROCHEFORT
1871 02 27 08 00  45.94   -0.96 1020.1        ROCHEFORT
1871 02 28 08 00  45.94   -0.96 1024.4        ROCHEFORT
1871 02 01 08 00  53.31   -4.63 1018.6         HOLYHEAD
1871 02 02 08 00  53.31   -4.63 1016.3         HOLYHEAD
1871 02 03 08 00  53.31   -4.63 1001.0         HOLYHEAD
1871 02 04 08 00  53.31   -4.63 1001.4         HOLYHEAD
1871 02 05 08 00  53.31   -4.63  997.0         HOLYHEAD
1871 02 06 08 00  53.31   -4.63 1011.2         HOLYHEAD
1871 02 07 08 00  53.31   -4.63 1016.6         HOLYHEAD
1871 02 08 08 00  53.31   -4.63 1012.2         HOLYHEAD
1871 02 09 08 00  53.31   -4.63 1015.6         HOLYHEAD
1871 02 10 08 00  53.31   -4.63  986.8         HOLYHEAD
1871 02 11 08 00  53.31   -4.63 1017.3         HOLYHEAD
1871 02 12 08 00  53.31   -4.63  997.6         HOLYHEAD
1871 02 13 08 00  53.31   -4.63 1012.2         HOLYHEAD
1871 02 14 08 00  53.31   -4.63 1016.3         HOLYHEAD
1871 02 15 08 00  53.31   -4.63 1017.6         HOLYHEAD
1871 02 16 08 00  53.31   -4.63 1018.6         HOLYHEAD
1871 02 17 08 00  53.31   -4.63 1015.9         HOLYHEAD
1871 02 18 08 00  53.31   -4.63 1019.0         HOLYHEAD
1871 02 19 08 00  53.31   -4.63 1012.9         HOLYHEAD
1871 02 20 08 00  53.31   -4.63 1003.4         HOLYHEAD
1871 02 21 08 00  53.31   -4.63 1017.9         HOLYHEAD
1871 02 22 08 00  53.31   -4.63 1028.8         HOLYHEAD
1871 02 23 08 00  53.31   -4.63 1027.1         HOLYHEAD
1871 02 24 08 00  53.31   -4.63 1026.1         HOLYHEAD
1871 02 25 08 00  53.31   -4.63 1025.7         HOLYHEAD
1871 02 26 08 00  53.31   -4.63 1015.9         HOLYHEAD
1871 02 27 08 00  53.31   -4.63 1000.0         HOLYHEAD
1871 02 28 08 00  53.31   -4.63 1009.1         HOLYHEAD
1871 02 01 08 00  51.80   -8.30 1015.6      ROCHESPOINT
1871 02 02 08 00  51.80   -8.30 1011.5      ROCHESPOINT
1871 02 03 08 00  51.80   -8.30  991.9      ROCHESPOINT
1871 02 04 08 00  51.80   -8.30  991.9      ROCHESPOINT
1871 02 05 08 00  51.80   -8.30  997.0      ROCHESPOINT
1871 02 06 08 00  51.80   -8.30 1013.9      ROCHESPOINT
1871 02 07 08 00  51.80   -8.30 1017.9      ROCHESPOINT
1871 02 08 08 00  51.80   -8.30 1014.9      ROCHESPOINT
1871 02 09 08 00  51.80   -8.30 1019.6      ROCHESPOINT
1871 02 10 08 00  51.80   -8.30  999.7      ROCHESPOINT
1871 02 11 08 00  51.80   -8.30 1016.6      ROCHESPOINT
1871 02 12 08 00  51.80   -8.30  996.3      ROCHESPOINT
1871 02 13 08 00  51.80   -8.30 1013.2      ROCHESPOINT
1871 02 14 08 00  51.80   -8.30 1014.2      ROCHESPOINT
1871 02 15 08 00  51.80   -8.30 1016.9      ROCHESPOINT
1871 02 16 08 00  51.80   -8.30 1015.9      ROCHESPOINT
1871 02 17 08 00  51.80   -8.30 1015.9      ROCHESPOINT
1871 02 18 08 00  51.80   -8.30 1020.0      ROCHESPOINT
1871 02 19 08 00  51.80   -8.30 1012.5      ROCHESPOINT
1871 02 20 08 00  51.80   -8.30 1011.5      ROCHESPOINT
1871 02 21 08 00  51.80   -8.30 1023.4      ROCHESPOINT
1871 02 22 08 00  51.80   -8.30 1032.5      ROCHESPOINT
1871 02 23 08 00  51.80   -8.30 1031.2      ROCHESPOINT
1871 02 24 08 00  51.80   -8.30 1029.5      ROCHESPOINT
1871 02 25 08 00  51.80   -8.30 1026.8      ROCHESPOINT
1871 02 26 08 00  51.80   -8.30 1008.8      ROCHESPOINT
1871 02 27 08 00  51.80   -8.30 1002.7      ROCHESPOINT
1871 02 28 08 00  51.80   -8.30 1011.5      ROCHESPOINT
1871 02 01 08 00  50.38   -4.14 1014.2         PLYMOUTH
1871 02 02 08 00  50.38   -4.14 1015.2         PLYMOUTH
1871 02 03 08 00  50.38   -4.14 1001.4         PLYMOUTH
1871 02 04 08 00  50.38   -4.14 1000.3         PLYMOUTH
1871 02 05 08 00  50.38   -4.14 1006.1         PLYMOUTH
1871 02 06 08 00  50.38   -4.14 1016.6         PLYMOUTH
1871 02 07 08 00  50.38   -4.14 1022.4         PLYMOUTH
1871 02 08 08 00  50.38   -4.14 1018.6         PLYMOUTH
1871 02 09 08 00  50.38   -4.14 1020.3         PLYMOUTH
1871 02 10 08 00  50.38   -4.14 1001.4         PLYMOUTH
1871 02 11 08 00  50.38   -4.14 1019.0         PLYMOUTH
1871 02 12 08 00  50.38   -4.14 1004.4         PLYMOUTH
1871 02 13 08 00  50.38   -4.14 1013.9         PLYMOUTH
1871 02 14 08 00  50.38   -4.14 1020.7         PLYMOUTH
1871 02 15 08 00  50.38   -4.14 1020.3         PLYMOUTH
1871 02 16 08 00  50.38   -4.14 1021.3         PLYMOUTH
1871 02 17 08 00  50.38   -4.14 1022.0         PLYMOUTH
1871 02 18 08 00  50.38   -4.14 1026.4         PLYMOUTH
1871 02 19 08 00  50.38   -4.14 1021.0         PLYMOUTH
1871 02 20 08 00  50.38   -4.14 1013.5         PLYMOUTH
1871 02 21 08 00  50.38   -4.14 1021.0         PLYMOUTH
1871 02 22 08 00  50.38   -4.14 1032.2         PLYMOUTH
1871 02 23 08 00  50.38   -4.14 1031.5         PLYMOUTH
1871 02 24 08 00  50.38   -4.14 1032.5         PLYMOUTH
1871 02 25 08 00  50.38   -4.14 1029.5         PLYMOUTH
1871 02 26 08 00  50.38   -4.14 1014.9         PLYMOUTH
1871 02 27 08 00  50.38   -4.14 1009.8         PLYMOUTH
1871 02 28 08 00  50.38   -4.14 1014.2         PLYMOUTH
1871 02 01 08 00  41.90   12.50 1025.4             ROME
1871 02 02 08 00  41.90   12.50 1026.6             ROME
1871 02 03 08 00  41.90   12.50 1023.6             ROME
1871 02 04 08 00  41.90   12.50 1022.8             ROME
1871 02 05 08 00  41.90   12.50 1021.7             ROME
1871 02 06 08 00  41.90   12.50 1023.7             ROME
1871 02 07 08 00  41.90   12.50 1012.8             ROME
1871 02 08 08 00  41.90   12.50 1013.2             ROME
1871 02 09 08 00  41.90   12.50 1011.1             ROME
1871 02 10 08 00  41.90   12.50 1003.8             ROME
1871 02 11 08 00  41.90   12.50  999.9             ROME
1871 02 12 08 00  41.90   12.50 1000.8             ROME
1871 02 13 08 00  41.90   12.50 1011.5             ROME
1871 02 14 08 00  41.90   12.50 1014.8             ROME
1871 02 15 08 00  41.90   12.50 1018.9             ROME
1871 02 16 08 00  41.90   12.50 1021.7             ROME
1871 02 17 08 00  41.90   12.50 1023.2             ROME
1871 02 18 08 00  41.90   12.50 1027.7             ROME
1871 02 19 08 00  41.90   12.50 1024.6             ROME
1871 02 20 08 00  41.90   12.50 1023.0             ROME
1871 02 21 08 00  41.90   12.50 1011.6             ROME
1871 02 22 08 00  41.90   12.50 1019.3             ROME
1871 02 23 08 00  41.90   12.50 1027.2             ROME
1871 02 24 08 00  41.90   12.50 1027.6             ROME
1871 02 25 08 00  41.90   12.50 1025.4             ROME
1871 02 26 08 00  41.90   12.50 1032.7             ROME
1871 02 27 08 00  41.90   12.50 1029.8             ROME
1871 02 28 08 00  41.90   12.50 1025.2             ROME
1871 02 01 08 00  48.39   -4.49 1013.5            BREST
1871 02 02 08 00  48.39   -4.49 1012.5            BREST
1871 02 03 08 00  48.39   -4.49 1003.7            BREST
1871 02 04 08 00  48.39   -4.49 1001.0            BREST
1871 02 05 08 00  48.39   -4.49 1009.8            BREST
1871 02 06 08 00  48.39   -4.49 1022.7            BREST
1871 02 07 08 00  48.39   -4.49 1025.7            BREST
1871 02 08 08 00  48.39   -4.49 1023.0            BREST
1871 02 09 08 00  48.39   -4.49 1022.0            BREST
1871 02 10 08 00  48.39   -4.49 1005.2            BREST
1871 02 11 08 00  48.39   -4.49 1018.3            BREST
1871 02 12 08 00  48.39   -4.49 1010.2            BREST
1871 02 13 08 00  48.39   -4.49 1014.9            BREST
1871 02 14 08 00  48.39   -4.49 1012.9            BREST
1871 02 15 08 00  48.39   -4.49 1021.3            BREST
1871 02 16 08 00  48.39   -4.49 1020.7            BREST
1871 02 17 08 00  48.39   -4.49 1023.4            BREST
1871 02 18 08 00  48.39   -4.49 1029.1            BREST
1871 02 19 08 00  48.39   -4.49 1023.0            BREST
1871 02 20 08 00  48.39   -4.49 1019.3            BREST
1871 02 21 08 00  48.39   -4.49 1021.0            BREST
1871 02 22 08 00  48.39   -4.49 1032.5            BREST
1871 02 23 08 00  48.39   -4.49 1034.2            BREST
1871 02 24 08 00  48.39   -4.49 1034.2            BREST
1871 02 25 08 00  48.39   -4.49 1029.8            BREST
1871 02 26 08 00  48.39   -4.49 1016.6            BREST
1871 02 27 08 00  48.39   -4.49 1015.2            BREST
1871 02 28 08 00  48.39   -4.49 1019.6            BREST
1871 02 01 08 00  49.92   -6.30 1014.6           SCILLY
1871 02 02 08 00  49.92   -6.30 1012.2           SCILLY
1871 02 03 08 00  49.92   -6.30  997.6           SCILLY
1871 02 04 08 00  49.92   -6.30  994.9           SCILLY
1871 02 05 08 00  49.92   -6.30 1003.4           SCILLY
1871 02 06 08 00  49.92   -6.30 1019.0           SCILLY
1871 02 07 08 00  49.92   -6.30 1023.0           SCILLY
1871 02 08 08 00  49.92   -6.30 1021.3           SCILLY
1871 02 09 08 00  49.92   -6.30 1022.7           SCILLY
1871 02 10 08 00  49.92   -6.30 1005.1           SCILLY
1871 02 11 08 00  49.92   -6.30 1018.6           SCILLY
1871 02 12 08 00  49.92   -6.30 1001.7           SCILLY
1871 02 13 08 00  49.92   -6.30 1015.6           SCILLY
1871 02 14 08 00  49.92   -6.30 1019.3           SCILLY
1871 02 15 08 00  49.92   -6.30 1021.7           SCILLY
1871 02 16 08 00  49.92   -6.30 1019.3           SCILLY
1871 02 17 08 00  49.92   -6.30 1022.0           SCILLY
1871 02 18 08 00  49.92   -6.30 1025.4           SCILLY
1871 02 19 08 00  49.92   -6.30 1021.3           SCILLY
1871 02 20 08 00  49.92   -6.30 1015.2           SCILLY
1871 02 21 08 00  49.92   -6.30 1021.0           SCILLY
1871 02 22 08 00  49.92   -6.30 1033.2           SCILLY
1871 02 23 08 00  49.92   -6.30 1033.2           SCILLY
1871 02 24 08 00  49.92   -6.30 1032.2           SCILLY
1871 02 25 08 00  49.92   -6.30 1028.1           SCILLY
1871 02 26 08 00  49.92   -6.30 1011.2           SCILLY
1871 02 27 08 00  49.92   -6.30 1010.5           SCILLY
1871 02 28 08 00  49.92   -6.30 1015.2           SCILLY
1871 02 01 08 00  45.76    4.84 1023.4            LYONS
1871 02 02 08 00  45.76    4.84 1021.4            LYONS
1871 02 03 08 00  45.76    4.84 1014.1            LYONS
1871 02 04 08 00  45.76    4.84 1012.8            LYONS
1871 02 05 08 00  45.76    4.84 1014.8            LYONS
1871 02 06 08 00  45.76    4.84 1022.1            LYONS
1871 02 07 08 00  45.76    4.84 1024.1            LYONS
1871 02 08 08 00  45.76    4.84 1022.1            LYONS
1871 02 09 08 00  45.76    4.84 1013.5            LYONS
1871 02 10 08 00  45.76    4.84 1017.5            LYONS
1871 02 11 08 00  45.76    4.84 1014.8            LYONS
1871 02 12 08 00  45.76    4.84 1016.1            LYONS
1871 02 13 08 00  45.76    4.84 1016.1            LYONS
1871 02 14 08 00  45.76    4.84 1022.8            LYONS
1871 02 15 08 00  45.76    4.84 1014.1            LYONS
1871 02 16 08 00  45.76    4.84 1022.8            LYONS
1871 02 17 08 00  45.76    4.84 1022.1            LYONS
1871 02 18 08 00  45.76    4.84 1028.1            LYONS
1871 02 19 08 00  45.76    4.84 1025.8            LYONS
1871 02 20 08 00  45.76    4.84 1022.0            LYONS
1871 02 21 08 00  45.76    4.84 1018.1            LYONS
1871 02 22 08 00  45.76    4.84 1033.4            LYONS
1871 02 23 08 00  45.76    4.84 1031.4            LYONS
1871 02 24 08 00  45.76    4.84 1032.7            LYONS
1871 02 25 08 00  45.76    4.84 1032.1            LYONS
1871 02 26 08 00  45.76    4.84 1022.9            LYONS
1871 02 27 08 00  45.76    4.84 1023.8            LYONS
1871 02 28 08 00  45.76    4.84 1020.9            LYONS
1871 02 01 08 00  54.28   -0.40 1021.3      SCARBOROUGH
1871 02 01 14 00  54.28   -0.40 1020.0      SCARBOROUGH
1871 02 02 08 00  54.28   -0.40 1017.9      SCARBOROUGH
1871 02 02 14 00  54.28   -0.40 1016.9      SCARBOROUGH
1871 02 03 08 00  54.28   -0.40 1011.5      SCARBOROUGH
1871 02 03 14 00  54.28   -0.40 1009.1      SCARBOROUGH
1871 02 04 08 00  54.28   -0.40 1007.5      SCARBOROUGH
1871 02 04 14 00  54.28   -0.40 1008.1      SCARBOROUGH
1871 02 05 08 00  54.28   -0.40 1003.4      SCARBOROUGH
1871 02 06 08 00  54.28   -0.40 1004.4      SCARBOROUGH
1871 02 06 14 00  54.28   -0.40 1013.2      SCARBOROUGH
1871 02 07 08 00  54.28   -0.40 1021.7      SCARBOROUGH
1871 02 08 08 00  54.28   -0.40 1010.2      SCARBOROUGH
1871 02 09 08 00  54.28   -0.40 1007.8      SCARBOROUGH
1871 02 10 08 00  54.28   -0.40  997.6      SCARBOROUGH
1871 02 11 08 00  54.28   -0.40 1020.3      SCARBOROUGH
1871 02 12 08 00  54.28   -0.40 1006.1      SCARBOROUGH
1871 02 13 08 00  54.28   -0.40 1010.2      SCARBOROUGH
1871 02 14 08 00  54.28   -0.40 1017.6      SCARBOROUGH
1871 02 15 08 00  54.28   -0.40 1017.9      SCARBOROUGH
1871 02 16 08 00  54.28   -0.40 1018.6      SCARBOROUGH
1871 02 17 08 00  54.28   -0.40 1017.6      SCARBOROUGH
1871 02 18 08 00  54.28   -0.40 1016.3      SCARBOROUGH
1871 02 19 08 00  54.28   -0.40 1012.5      SCARBOROUGH
1871 02 20 08 00  54.28   -0.40  994.9      SCARBOROUGH
1871 02 21 08 00  54.28   -0.40 1014.6      SCARBOROUGH
1871 02 22 08 00  54.28   -0.40 1024.7      SCARBOROUGH
1871 02 23 08 00  54.28   -0.40 1022.7      SCARBOROUGH
1871 02 24 08 00  54.28   -0.40 1022.4      SCARBOROUGH
1871 02 25 08 00  54.28   -0.40 1021.0      SCARBOROUGH
1871 02 26 08 00  54.28   -0.40 1018.6      SCARBOROUGH
1871 02 27 08 00  54.28   -0.40  997.3      SCARBOROUGH
1871 02 28 08 00  54.28   -0.40 1009.5      SCARBOROUGH
1871 02 01 08 00  53.40   -3.08 1019.6        LIVERPOOL
1871 02 02 08 00  53.40   -3.08 1017.3        LIVERPOOL
1871 02 03 08 00  53.40   -3.08 1006.8        LIVERPOOL
1871 02 04 08 00  53.40   -3.08 1003.7        LIVERPOOL
1871 02 05 08 00  53.40   -3.08  994.9        LIVERPOOL
1871 02 06 08 00  53.40   -3.08 1008.1        LIVERPOOL
1871 02 07 08 00  53.40   -3.08 1017.3        LIVERPOOL
1871 02 08 08 00  53.40   -3.08 1008.5        LIVERPOOL
1871 02 09 08 00  53.40   -3.08 1008.8        LIVERPOOL
1871 02 10 08 00  53.40   -3.08  989.2        LIVERPOOL
1871 02 11 08 00  53.40   -3.08 1019.3        LIVERPOOL
1871 02 12 08 00  53.40   -3.08  999.7        LIVERPOOL
1871 02 13 08 00  53.40   -3.08 1011.5        LIVERPOOL
1871 02 14 08 00  53.40   -3.08 1017.3        LIVERPOOL
1871 02 15 08 00  53.40   -3.08 1017.3        LIVERPOOL
1871 02 16 08 00  53.40   -3.08 1019.0        LIVERPOOL
1871 02 17 08 00  53.40   -3.08 1017.6        LIVERPOOL
1871 02 18 08 00  53.40   -3.08 1019.6        LIVERPOOL
1871 02 20 08 00  53.40   -3.08 1001.4        LIVERPOOL
1871 02 21 08 00  53.40   -3.08 1014.6        LIVERPOOL
1871 02 22 08 00  53.40   -3.08 1027.8        LIVERPOOL
1871 02 23 08 00  53.40   -3.08 1025.7        LIVERPOOL
1871 02 24 08 00  53.40   -3.08 1026.1        LIVERPOOL
1871 02 25 08 00  53.40   -3.08 1025.1        LIVERPOOL
1871 02 27 08 00  53.40   -3.08 1000.3        LIVERPOOL
1871 02 28 08 00  53.40   -3.08 1007.8        LIVERPOOL
1871 02 01 08 00  50.12   -5.54 1016.3         PENZANCE
1871 02 01 14 00  50.12   -5.54 1015.6         PENZANCE
1871 02 02 08 00  50.12   -5.54 1013.9         PENZANCE
1871 02 02 14 00  50.12   -5.54 1009.5         PENZANCE
1871 02 03 08 00  50.12   -5.54 1000.3         PENZANCE
1871 02 03 14 00  50.12   -5.54 1001.4         PENZANCE
1871 02 04 08 00  50.12   -5.54  998.0         PENZANCE
1871 02 04 14 00  50.12   -5.54  997.6         PENZANCE
1871 02 05 08 00  50.12   -5.54 1006.4         PENZANCE
1871 02 06 08 00  50.12   -5.54 1020.7         PENZANCE
1871 02 06 14 00  50.12   -5.54 1020.7         PENZANCE
1871 02 07 08 00  50.12   -5.54 1023.7         PENZANCE
1871 02 08 08 00  50.12   -5.54 1020.0         PENZANCE
1871 02 09 08 00  50.12   -5.54 1023.7         PENZANCE
1871 02 10 08 00  50.12   -5.54 1004.7         PENZANCE
1871 02 11 08 00  50.12   -5.54 1020.7         PENZANCE
1871 02 12 08 00  50.12   -5.54 1002.4         PENZANCE
1871 02 13 08 00  50.12   -5.54 1016.6         PENZANCE
1871 02 14 08 00  50.12   -5.54 1021.3         PENZANCE
1871 02 15 08 00  50.12   -5.54 1021.0         PENZANCE
1871 02 16 08 00  50.12   -5.54 1021.0         PENZANCE
1871 02 17 08 00  50.12   -5.54 1023.0         PENZANCE
1871 02 18 08 00  50.12   -5.54 1027.1         PENZANCE
1871 02 19 08 00  50.12   -5.54 1019.6         PENZANCE
1871 02 20 08 00  50.12   -5.54 1015.9         PENZANCE
1871 02 21 08 00  50.12   -5.54 1020.3         PENZANCE
1871 02 22 08 00  50.12   -5.54 1034.5         PENZANCE
1871 02 23 08 00  50.12   -5.54 1033.5         PENZANCE
1871 02 24 08 00  50.12   -5.54 1033.9         PENZANCE
1871 02 25 08 00  50.12   -5.54 1029.8         PENZANCE
1871 02 27 08 00  50.12   -5.54 1010.2         PENZANCE
1871 02 28 08 00  50.12   -5.54 1015.9         PENZANCE
1871 02 01 08 00  43.12    5.93 1022.8           TOULON
1871 02 02 08 00  43.12    5.93 1022.5           TOULON
1871 02 03 08 00  43.12    5.93 1018.4           TOULON
1871 02 04 08 00  43.12    5.93 1017.5           TOULON
1871 02 06 08 00  43.12    5.93 1020.5           TOULON
1871 02 07 08 00  43.12    5.93 1014.3           TOULON
1871 02 08 08 00  43.12    5.93 1011.9           TOULON
1871 02 09 08 00  43.12    5.93 1007.1           TOULON
1871 02 10 08 00  43.12    5.93 1010.1           TOULON
1871 02 11 08 00  43.12    5.93  993.8           TOULON
1871 02 12 08 00  43.12    5.93 1007.9           TOULON
1871 02 13 08 00  43.12    5.93 1014.8           TOULON
1871 02 14 08 00  43.12    5.93 1017.2           TOULON
1871 02 15 08 00  43.12    5.93 1019.6           TOULON
1871 02 16 08 00  43.12    5.93 1021.0           TOULON
1871 02 17 08 00  43.12    5.93 1020.1           TOULON
1871 02 18 08 00  43.12    5.93 1022.6           TOULON
1871 02 20 08 00  43.12    5.93 1020.4           TOULON
1871 02 21 08 00  43.12    5.93 1017.5           TOULON
1871 02 22 08 00  43.12    5.93 1019.6           TOULON
1871 02 23 08 00  43.12    5.93 1026.4           TOULON
1871 02 24 08 00  43.12    5.93 1025.3           TOULON
1871 02 25 08 00  43.12    5.93 1030.1           TOULON
1871 02 26 08 00  43.12    5.93 1029.2           TOULON
1871 02 27 08 00  43.12    5.93 1025.0           TOULON
1871 02 28 08 00  43.12    5.93 1024.1           TOULON
1871 02 01 08 00  33.31   44.36 1008.8          BAGHDAD
1871 02 02 08 00  33.31   44.36 1017.5          BAGHDAD
1871 02 03 08 00  33.31   44.36 1021.4          BAGHDAD
1871 02 04 08 00  33.31   44.36 1018.8          BAGHDAD
1871 02 05 08 00  33.31   44.36 1018.1          BAGHDAD
1871 02 06 08 00  33.31   44.36 1020.8          BAGHDAD
1871 02 07 08 00  33.31   44.36 1021.0          BAGHDAD
1871 02 08 08 00  33.31   44.36 1017.5          BAGHDAD
1871 02 09 08 00  33.31   44.36 1016.1          BAGHDAD
1871 02 10 08 00  33.31   44.36 1022.8          BAGHDAD
1871 02 11 08 00  33.31   44.36 1010.8          BAGHDAD
1871 02 12 08 00  33.31   44.36 1012.1          BAGHDAD
1871 02 13 08 00  33.31   44.36 1012.1          BAGHDAD
1871 02 14 08 00  33.31   44.36 1009.2          BAGHDAD
1871 02 15 08 00  33.31   44.36 1007.2          BAGHDAD
1871 02 16 08 00  33.31   44.36 1010.8          BAGHDAD
1871 02 17 08 00  33.31   44.36 1009.5          BAGHDAD
1871 02 18 08 00  33.31   44.36 1008.1          BAGHDAD
1871 02 19 08 00  33.31   44.36 1008.1          BAGHDAD
1871 02 20 08 00  33.31   44.36 1009.5          BAGHDAD
1871 02 21 08 00  33.31   44.36 1016.1          BAGHDAD
1871 02 22 08 00  33.31   44.36 1021.4          BAGHDAD
1871 02 23 08 00  33.31   44.36 1018.8          BAGHDAD
1871 02 24 08 00  33.31   44.36 1017.5          BAGHDAD
1871 02 25 08 00  33.31   44.36 1017.5          BAGHDAD
1871 02 26 08 00  33.31   44.36 1024.1          BAGHDAD
1871 02 27 08 00  33.31   44.36 1023.4          BAGHDAD
1871 02 28 08 00  33.31   44.36 1018.8          BAGHDAD
1871 02 01 08 00  37.93   40.21 1017.7       DIYARBAKIR
1871 02 02 08 00  37.93   40.21 1019.4       DIYARBAKIR
1871 02 03 08 00  37.93   40.21 1023.0       DIYARBAKIR
1871 02 04 08 00  37.93   40.21 1024.4       DIYARBAKIR
1871 02 05 08 00  37.93   40.21 1020.8       DIYARBAKIR
1871 02 06 08 00  37.93   40.21 1023.0       DIYARBAKIR
1871 02 07 08 00  37.93   40.21 1024.9       DIYARBAKIR
1871 02 08 08 00  37.93   40.21 1020.1       DIYARBAKIR
1871 02 09 08 00  37.93   40.21 1017.8       DIYARBAKIR
1871 02 10 08 00  37.93   40.21 1021.3       DIYARBAKIR
1871 02 11 08 00  37.93   40.21 1020.1       DIYARBAKIR
1871 02 12 08 00  37.93   40.21 1020.0       DIYARBAKIR
1871 02 13 08 00  37.93   40.21 1017.3       DIYARBAKIR
1871 02 14 08 00  37.93   40.21 1010.8       DIYARBAKIR
1871 02 15 08 00  37.93   40.21 1010.7       DIYARBAKIR
1871 02 16 08 00  37.93   40.21 1012.4       DIYARBAKIR
1871 02 17 08 00  37.93   40.21 1012.5       DIYARBAKIR
1871 02 18 08 00  37.93   40.21 1011.1       DIYARBAKIR
1871 02 19 08 00  37.93   40.21 1012.8       DIYARBAKIR
1871 02 20 08 00  37.93   40.21 1014.5       DIYARBAKIR
1871 02 21 08 00  37.93   40.21 1022.1       DIYARBAKIR
1871 02 22 08 00  37.93   40.21 1024.6       DIYARBAKIR
1871 02 23 08 00  37.93   40.21 1022.5       DIYARBAKIR
1871 02 24 08 00  37.93   40.21 1019.8       DIYARBAKIR
1871 02 25 08 00  37.93   40.21 1020.8       DIYARBAKIR
1871 02 26 08 00  37.93   40.21 1028.4       DIYARBAKIR
1871 02 27 08 00  37.93   40.21 1025.4       DIYARBAKIR
1871 02 28 08 00  37.93   40.21 1025.7       DIYARBAKIR
1871 02 01 08 00  33.89   35.50 1015.3           BEIRUT
1871 02 02 08 00  33.89   35.50 1019.0           BEIRUT
1871 02 03 08 00  33.89   35.50 1021.3           BEIRUT
1871 02 04 08 00  33.89   35.50 1009.5           BEIRUT
1871 02 06 08 00  33.89   35.50 1022.6           BEIRUT
1871 02 07 08 00  33.89   35.50 1019.7           BEIRUT
1871 02 08 08 00  33.89   35.50 1013.9           BEIRUT
1871 02 09 08 00  33.89   35.50 1009.5           BEIRUT
1871 02 10 08 00  33.89   35.50 1011.5           BEIRUT
1871 02 11 08 00  33.89   35.50 1017.2           BEIRUT
1871 02 12 08 00  33.89   35.50 1012.3           BEIRUT
1871 02 13 08 00  33.89   35.50 1007.2           BEIRUT
1871 02 14 08 00  33.89   35.50 1006.9           BEIRUT
1871 02 15 08 00  33.89   35.50 1006.7           BEIRUT
1871 02 16 08 00  33.89   35.50 1008.7           BEIRUT
1871 02 17 08 00  33.89   35.50 1008.4           BEIRUT
1871 02 18 08 00  33.89   35.50 1005.5           BEIRUT
1871 02 19 08 00  33.89   35.50 1009.7           BEIRUT
1871 02 20 08 00  33.89   35.50 1013.5           BEIRUT
1871 02 21 08 00  33.89   35.50 1009.5           BEIRUT
1871 02 22 08 00  33.89   35.50 1020.4           BEIRUT
1871 02 23 08 00  33.89   35.50 1017.5           BEIRUT
1871 02 24 08 00  33.89   35.50 1017.3           BEIRUT
1871 02 26 08 00  33.89   35.50 1025.6           BEIRUT
1871 02 27 08 00  33.89   35.50 1023.3           BEIRUT
1871 02 28 08 00  33.89   35.50 1014.5           BEIRUT
1871 02 01 08 00  55.20   -6.99 1020.3      GREENCASTLE
1871 02 01 14 00  55.20   -6.99 1020.3      GREENCASTLE
1871 02 02 08 00  55.20   -6.99 1018.3      GREENCASTLE
1871 02 02 14 00  55.20   -6.99 1015.6      GREENCASTLE
1871 02 03 08 00  55.20   -6.99 1002.4      GREENCASTLE
1871 02 03 14 00  55.20   -6.99 1000.7      GREENCASTLE
1871 02 04 08 00  55.20   -6.99 1002.0      GREENCASTLE
1871 02 04 14 00  55.20   -6.99 1000.7      GREENCASTLE
1871 02 05 08 00  55.20   -6.99  989.5      GREENCASTLE
1871 02 06 08 00  55.20   -6.99 1009.1      GREENCASTLE
1871 02 06 14 00  55.20   -6.99 1013.9      GREENCASTLE
1871 02 07 08 00  55.20   -6.99 1013.2      GREENCASTLE
1871 02 07 14 00  55.20   -6.99 1011.2      GREENCASTLE
1871 02 08 08 00  55.20   -6.99 1006.8      GREENCASTLE
1871 02 08 14 00  55.20   -6.99 1005.8      GREENCASTLE
1871 02 09 08 00  55.20   -6.99 1014.2      GREENCASTLE
1871 02 09 14 00  55.20   -6.99 1015.2      GREENCASTLE
1871 02 10 08 00  55.20   -6.99  992.9      GREENCASTLE
1871 02 10 14 00  55.20   -6.99 1005.1      GREENCASTLE
1871 02 11 08 00  55.20   -6.99 1014.9      GREENCASTLE
1871 02 11 14 00  55.20   -6.99 1010.8      GREENCASTLE
1871 02 12 08 00  55.20   -6.99  991.9      GREENCASTLE
1871 02 13 08 00  55.20   -6.99 1011.2      GREENCASTLE
1871 02 13 14 00  55.20   -6.99 1010.8      GREENCASTLE
1871 02 14 08 00  55.20   -6.99 1012.2      GREENCASTLE
1871 02 14 14 00  55.20   -6.99 1009.8      GREENCASTLE
1871 02 15 08 00  55.20   -6.99 1014.6      GREENCASTLE
1871 02 15 14 00  55.20   -6.99 1014.9      GREENCASTLE
1871 02 16 08 00  55.20   -6.99 1015.2      GREENCASTLE
1871 02 16 14 00  55.20   -6.99 1015.6      GREENCASTLE
1871 02 17 08 00  55.20   -6.99 1012.2      GREENCASTLE
1871 02 17 14 00  55.20   -6.99 1013.9      GREENCASTLE
1871 02 18 08 00  55.20   -6.99 1013.9      GREENCASTLE
1871 02 18 14 00  55.20   -6.99 1013.9      GREENCASTLE
1871 02 19 08 00  55.20   -6.99 1006.1      GREENCASTLE
1871 02 20 08 00  55.20   -6.99 1003.0      GREENCASTLE
1871 02 20 14 00  55.20   -6.99 1009.1      GREENCASTLE
1871 02 21 08 00  55.20   -6.99 1025.1      GREENCASTLE
1871 02 21 14 00  55.20   -6.99 1027.8      GREENCASTLE
1871 02 22 08 00  55.20   -6.99 1026.4      GREENCASTLE
1871 02 22 14 00  55.20   -6.99 1024.7      GREENCASTLE
1871 02 23 08 00  55.20   -6.99 1023.7      GREENCASTLE
1871 02 23 14 00  55.20   -6.99 1026.4      GREENCASTLE
1871 02 24 08 00  55.20   -6.99 1022.0      GREENCASTLE
1871 02 24 14 00  55.20   -6.99 1022.0      GREENCASTLE
1871 02 25 08 00  55.20   -6.99 1022.0      GREENCASTLE
1871 02 25 14 00  55.20   -6.99 1023.4      GREENCASTLE
1871 02 26 08 00  55.20   -6.99 1013.9      GREENCASTLE
1871 02 27 08 00  55.20   -6.99  999.0      GREENCASTLE
1871 02 27 14 00  55.20   -6.99 1002.4      GREENCASTLE
1871 02 28 08 00  55.20   -6.99 1012.5      GREENCASTLE
1871 02 28 14 00  55.20   -6.99 1018.6      GREENCASTLE
