1875 10 01 08 00  36.75    3.06 1018.0          ALGIERS
1875 10 02 08 00  36.75    3.06 1014.7          ALGIERS
1875 10 03 08 00  36.75    3.06 1014.3          ALGIERS
1875 10 04 08 00  36.75    3.06 1014.4          ALGIERS
1875 10 05 08 00  36.75    3.06 1020.4          ALGIERS
1875 10 07 08 00  36.75    3.06 1023.7          ALGIERS
1875 10 10 08 00  36.75    3.06 1011.3          ALGIERS
1875 10 12 08 00  36.75    3.06 1007.1          ALGIERS
1875 10 14 08 00  36.75    3.06  990.9          ALGIERS
1875 10 15 08 00  36.75    3.06  993.4          ALGIERS
1875 10 16 08 00  36.75    3.06 1007.6          ALGIERS
1875 10 17 08 00  36.75    3.06 1011.3          ALGIERS
1875 10 18 08 00  36.75    3.06 1002.4          ALGIERS
1875 10 19 08 00  36.75    3.06 1006.3          ALGIERS
1875 10 20 08 00  36.75    3.06 1007.3          ALGIERS
1875 10 22 08 00  36.75    3.06 1009.9          ALGIERS
1875 10 23 08 00  36.75    3.06 1014.5          ALGIERS
1875 10 24 08 00  36.75    3.06 1011.3          ALGIERS
1875 10 25 08 00  36.75    3.06 1014.9          ALGIERS
1875 10 26 08 00  36.75    3.06 1014.5          ALGIERS
1875 10 27 08 00  36.75    3.06 1014.4          ALGIERS
1875 10 28 08 00  36.75    3.06 1015.7          ALGIERS
1875 10 29 08 00  36.75    3.06 1015.5          ALGIERS
1875 10 30 08 00  36.75    3.06 1012.8          ALGIERS
1875 10 31 08 00  36.75    3.06 1012.1          ALGIERS
1875 10 01 08 00  30.51   47.78 1010.8            BASRA
1875 10 02 08 00  30.51   47.78 1018.8            BASRA
1875 10 03 08 00  30.51   47.78 1010.8            BASRA
1875 10 04 08 00  30.51   47.78 1013.5            BASRA
1875 10 05 08 00  30.51   47.78 1014.8            BASRA
1875 10 06 08 00  30.51   47.78 1013.5            BASRA
1875 10 07 08 00  30.51   47.78 1012.1            BASRA
1875 10 08 08 00  30.51   47.78 1013.5            BASRA
1875 10 09 08 00  30.51   47.78 1012.1            BASRA
1875 10 10 08 00  30.51   47.78 1014.8            BASRA
1875 10 11 08 00  30.51   47.78 1014.8            BASRA
1875 10 12 08 00  30.51   47.78 1014.8            BASRA
1875 10 13 08 00  30.51   47.78 1012.1            BASRA
1875 10 14 08 00  30.51   47.78 1013.5            BASRA
1875 10 15 08 00  30.51   47.78 1018.8            BASRA
1875 10 16 08 00  30.51   47.78 1013.5            BASRA
1875 10 17 08 00  30.51   47.78 1014.8            BASRA
1875 10 18 08 00  30.51   47.78 1016.1            BASRA
1875 10 19 08 00  30.51   47.78 1017.5            BASRA
1875 10 20 08 00  30.51   47.78 1017.5            BASRA
1875 10 21 08 00  30.51   47.78 1017.5            BASRA
1875 10 22 08 00  30.51   47.78 1017.5            BASRA
1875 10 23 08 00  30.51   47.78 1014.8            BASRA
1875 10 24 08 00  30.51   47.78 1013.5            BASRA
1875 10 25 08 00  30.51   47.78 1014.8            BASRA
1875 10 26 08 00  30.51   47.78 1016.1            BASRA
1875 10 27 08 00  30.51   47.78 1017.5            BASRA
1875 10 28 08 00  30.51   47.78 1016.1            BASRA
1875 10 29 08 00  30.51   47.78 1014.8            BASRA
1875 10 30 08 00  30.51   47.78 1014.8            BASRA
1875 10 31 08 00  30.51   47.78 1016.1            BASRA
1875 10 01 08 00  38.66  -27.23 1018.8            ANGRA
1875 10 02 08 00  38.66  -27.23 1016.1            ANGRA
1875 10 03 08 00  38.66  -27.23 1014.8            ANGRA
1875 10 04 08 00  38.66  -27.23 1014.8            ANGRA
1875 10 05 08 00  38.66  -27.23 1018.8            ANGRA
1875 10 06 08 00  38.66  -27.23 1022.8            ANGRA
1875 10 07 08 00  38.66  -27.23 1020.1            ANGRA
1875 10 08 08 00  38.66  -27.23 1021.4            ANGRA
1875 10 09 08 00  38.66  -27.23 1028.1            ANGRA
1875 10 10 08 00  38.66  -27.23 1028.1            ANGRA
1875 10 11 08 00  38.66  -27.23 1025.4            ANGRA
1875 10 12 08 00  38.66  -27.23 1024.1            ANGRA
1875 10 13 08 00  38.66  -27.23 1021.4            ANGRA
1875 10 14 08 00  38.66  -27.23 1017.5            ANGRA
1875 10 15 08 00  38.66  -27.23 1012.1            ANGRA
1875 10 16 08 00  38.66  -27.23 1008.1            ANGRA
1875 10 17 08 00  38.66  -27.23 1009.5            ANGRA
1875 10 18 08 00  38.66  -27.23 1008.1            ANGRA
1875 10 19 08 00  38.66  -27.23 1001.5            ANGRA
1875 10 20 08 00  38.66  -27.23 1005.5            ANGRA
1875 10 21 08 00  38.66  -27.23 1005.5            ANGRA
1875 10 22 08 00  38.66  -27.23 1004.2            ANGRA
1875 10 23 08 00  38.66  -27.23 1001.5            ANGRA
1875 10 24 08 00  38.66  -27.23  998.8            ANGRA
1875 10 25 08 00  38.66  -27.23 1000.2            ANGRA
1875 10 26 08 00  38.66  -27.23 1009.5            ANGRA
1875 10 27 08 00  38.66  -27.23 1008.1            ANGRA
1875 10 28 08 00  38.66  -27.23 1004.2            ANGRA
1875 10 29 08 00  38.66  -27.23 1006.8            ANGRA
1875 10 30 08 00  38.66  -27.23 1008.1            ANGRA
1875 10 31 08 00  38.66  -27.23 1006.8            ANGRA
1875 10 01 08 00  38.72   -9.14 1006.8           LISBON
1875 10 02 08 00  38.72   -9.14 1006.8           LISBON
1875 10 03 08 00  38.72   -9.14 1005.5           LISBON
1875 10 04 08 00  38.72   -9.14 1008.1           LISBON
1875 10 05 08 00  38.72   -9.14 1010.8           LISBON
1875 10 06 08 00  38.72   -9.14 1012.1           LISBON
1875 10 07 08 00  38.72   -9.14 1009.5           LISBON
1875 10 08 08 00  38.72   -9.14 1006.8           LISBON
1875 10 09 08 00  38.72   -9.14 1008.1           LISBON
1875 10 10 08 00  38.72   -9.14 1008.1           LISBON
1875 10 11 08 00  38.72   -9.14 1005.5           LISBON
1875 10 12 08 00  38.72   -9.14 1005.5           LISBON
1875 10 13 08 00  38.72   -9.14 1002.8           LISBON
1875 10 14 08 00  38.72   -9.14  996.2           LISBON
1875 10 15 08 00  38.72   -9.14 1000.2           LISBON
1875 10 16 08 00  38.72   -9.14 1000.2           LISBON
1875 10 17 08 00  38.72   -9.14  997.5           LISBON
1875 10 18 08 00  38.72   -9.14  993.5           LISBON
1875 10 19 08 00  38.72   -9.14  992.2           LISBON
1875 10 20 08 00  38.72   -9.14  993.5           LISBON
1875 10 21 08 00  38.72   -9.14  996.2           LISBON
1875 10 22 08 00  38.72   -9.14 1001.5           LISBON
1875 10 23 08 00  38.72   -9.14 1000.2           LISBON
1875 10 24 08 00  38.72   -9.14 1005.5           LISBON
1875 10 25 08 00  38.72   -9.14 1006.8           LISBON
1875 10 26 08 00  38.72   -9.14 1004.2           LISBON
1875 10 27 08 00  38.72   -9.14 1009.5           LISBON
1875 10 28 08 00  38.72   -9.14 1010.8           LISBON
1875 10 29 08 00  38.72   -9.14 1008.1           LISBON
1875 10 30 08 00  38.72   -9.14 1005.5           LISBON
1875 10 31 08 00  38.72   -9.14 1008.1           LISBON
1875 10 01 08 00  57.20   -2.20 1011.5         ABERDEEN
1875 10 02 08 00  57.20   -2.20 1001.0         ABERDEEN
1875 10 03 08 00  57.20   -2.20  999.0         ABERDEEN
1875 10 04 08 00  57.20   -2.20  993.9         ABERDEEN
1875 10 05 08 00  57.20   -2.20 1000.3         ABERDEEN
1875 10 06 08 00  57.20   -2.20  997.6         ABERDEEN
1875 10 07 08 00  57.20   -2.20 1013.9         ABERDEEN
1875 10 08 08 00  57.20   -2.20 1020.0         ABERDEEN
1875 10 09 08 00  57.20   -2.20 1005.1         ABERDEEN
1875 10 10 08 00  57.20   -2.20 1007.1         ABERDEEN
1875 10 11 08 00  57.20   -2.20  994.6         ABERDEEN
1875 10 12 08 00  57.20   -2.20  985.1         ABERDEEN
1875 10 13 08 00  57.20   -2.20  992.6         ABERDEEN
1875 10 14 08 00  57.20   -2.20  994.9         ABERDEEN
1875 10 15 08 00  57.20   -2.20 1008.8         ABERDEEN
1875 10 16 08 00  57.20   -2.20 1010.8         ABERDEEN
1875 10 17 08 00  57.20   -2.20 1008.5         ABERDEEN
1875 10 18 08 00  57.20   -2.20 1013.5         ABERDEEN
1875 10 19 08 00  57.20   -2.20 1018.6         ABERDEEN
1875 10 20 08 00  57.20   -2.20 1015.9         ABERDEEN
1875 10 21 08 00  57.20   -2.20 1009.1         ABERDEEN
1875 10 22 08 00  57.20   -2.20 1002.4         ABERDEEN
1875 10 23 08 00  57.20   -2.20 1003.4         ABERDEEN
1875 10 24 08 00  57.20   -2.20 1011.5         ABERDEEN
1875 10 25 08 00  57.20   -2.20 1018.3         ABERDEEN
1875 10 26 08 00  57.20   -2.20 1018.6         ABERDEEN
1875 10 27 08 00  57.20   -2.20 1014.6         ABERDEEN
1875 10 28 08 00  57.20   -2.20 1017.3         ABERDEEN
1875 10 29 08 00  57.20   -2.20 1021.7         ABERDEEN
1875 10 30 08 00  57.20   -2.20 1022.0         ABERDEEN
1875 10 31 08 00  57.20   -2.20 1016.6         ABERDEEN
1875 10 01 08 00  45.94   -0.96 1021.0        ROCHEFORT
1875 10 02 08 00  45.94   -0.96 1019.3        ROCHEFORT
1875 10 03 08 00  45.94   -0.96 1019.0        ROCHEFORT
1875 10 04 08 00  45.94   -0.96 1019.6        ROCHEFORT
1875 10 05 08 00  45.94   -0.96 1024.4        ROCHEFORT
1875 10 06 08 00  45.94   -0.96 1028.8        ROCHEFORT
1875 10 07 08 00  45.94   -0.96 1033.2        ROCHEFORT
1875 10 08 08 00  45.94   -0.96 1027.8        ROCHEFORT
1875 10 09 08 00  45.94   -0.96 1010.8        ROCHEFORT
1875 10 10 08 00  45.94   -0.96 1019.0        ROCHEFORT
1875 10 11 08 00  45.94   -0.96 1016.9        ROCHEFORT
1875 10 12 08 00  45.94   -0.96 1001.0        ROCHEFORT
1875 10 13 08 00  45.94   -0.96 1003.7        ROCHEFORT
1875 10 14 08 00  45.94   -0.96  984.1        ROCHEFORT
1875 10 15 08 00  45.94   -0.96  994.6        ROCHEFORT
1875 10 16 08 00  45.94   -0.96 1001.0        ROCHEFORT
1875 10 17 08 00  45.94   -0.96 1010.2        ROCHEFORT
1875 10 18 08 00  45.94   -0.96 1006.1        ROCHEFORT
1875 10 19 08 00  45.94   -0.96 1003.4        ROCHEFORT
1875 10 20 08 00  45.94   -0.96 1002.0        ROCHEFORT
1875 10 21 08 00  45.94   -0.96 1002.0        ROCHEFORT
1875 10 22 08 00  45.94   -0.96 1006.8        ROCHEFORT
1875 10 23 08 00  45.94   -0.96 1004.7        ROCHEFORT
1875 10 24 08 00  45.94   -0.96  998.3        ROCHEFORT
1875 10 25 08 00  45.94   -0.96 1016.9        ROCHEFORT
1875 10 26 08 00  45.94   -0.96 1019.3        ROCHEFORT
1875 10 27 08 00  45.94   -0.96 1011.2        ROCHEFORT
1875 10 28 08 00  45.94   -0.96 1009.1        ROCHEFORT
1875 10 29 08 00  45.94   -0.96 1013.9        ROCHEFORT
1875 10 30 08 00  45.94   -0.96 1015.2        ROCHEFORT
1875 10 31 08 00  45.94   -0.96 1010.5        ROCHEFORT
1875 10 01 08 00  51.80   -8.30 1015.6      ROCHESPOINT
1875 10 02 08 00  51.80   -8.30 1009.5      ROCHESPOINT
1875 10 03 08 00  51.80   -8.30 1013.2      ROCHESPOINT
1875 10 04 08 00  51.80   -8.30 1006.1      ROCHESPOINT
1875 10 05 08 00  51.80   -8.30 1011.2      ROCHESPOINT
1875 10 06 08 00  51.80   -8.30 1022.0      ROCHESPOINT
1875 10 07 08 00  51.80   -8.30 1032.5      ROCHESPOINT
1875 10 08 08 00  51.80   -8.30 1027.1      ROCHESPOINT
1875 10 09 08 00  51.80   -8.30 1007.8      ROCHESPOINT
1875 10 10 08 00  51.80   -8.30 1014.2      ROCHESPOINT
1875 10 11 08 00  51.80   -8.30  999.7      ROCHESPOINT
1875 10 12 08 00  51.80   -8.30  994.2      ROCHESPOINT
1875 10 13 08 00  51.80   -8.30  994.6      ROCHESPOINT
1875 10 14 08 00  51.80   -8.30  994.9      ROCHESPOINT
1875 10 15 08 00  51.80   -8.30 1001.4      ROCHESPOINT
1875 10 16 08 00  51.80   -8.30 1006.4      ROCHESPOINT
1875 10 17 08 00  51.80   -8.30 1001.0      ROCHESPOINT
1875 10 18 08 00  51.80   -8.30 1004.1      ROCHESPOINT
1875 10 19 08 00  51.80   -8.30  995.3      ROCHESPOINT
1875 10 20 08 00  51.80   -8.30  998.6      ROCHESPOINT
1875 10 21 08 00  51.80   -8.30  991.5      ROCHESPOINT
1875 10 22 08 00  51.80   -8.30  992.2      ROCHESPOINT
1875 10 23 08 00  51.80   -8.30  993.6      ROCHESPOINT
1875 10 24 08 00  51.80   -8.30 1005.8      ROCHESPOINT
1875 10 25 08 00  51.80   -8.30 1015.9      ROCHESPOINT
1875 10 26 08 00  51.80   -8.30 1011.5      ROCHESPOINT
1875 10 27 08 00  51.80   -8.30 1002.4      ROCHESPOINT
1875 10 28 08 00  51.80   -8.30 1006.4      ROCHESPOINT
1875 10 29 08 00  51.80   -8.30 1013.9      ROCHESPOINT
1875 10 30 08 00  51.80   -8.30 1009.8      ROCHESPOINT
1875 10 31 08 00  51.80   -8.30 1004.1      ROCHESPOINT
1875 10 01 08 00  50.38   -4.14 1015.9         PLYMOUTH
1875 10 02 08 00  50.38   -4.14 1007.5         PLYMOUTH
1875 10 03 08 00  50.38   -4.14 1014.6         PLYMOUTH
1875 10 04 08 00  50.38   -4.14 1011.2         PLYMOUTH
1875 10 05 08 00  50.38   -4.14 1017.3         PLYMOUTH
1875 10 06 08 00  50.38   -4.14 1032.8         PLYMOUTH
1875 10 07 08 00  50.38   -4.14 1032.5         PLYMOUTH
1875 10 08 08 00  50.38   -4.14 1021.3         PLYMOUTH
1875 10 09 08 00  50.38   -4.14 1007.5         PLYMOUTH
1875 10 10 08 00  50.38   -4.14 1014.6         PLYMOUTH
1875 10 11 08 00  50.38   -4.14  995.9         PLYMOUTH
1875 10 12 08 00  50.38   -4.14  995.6         PLYMOUTH
1875 10 13 08 00  50.38   -4.14  984.1         PLYMOUTH
1875 10 14 08 00  50.38   -4.14  995.3         PLYMOUTH
1875 10 15 08 00  50.38   -4.14 1000.3         PLYMOUTH
1875 10 16 08 00  50.38   -4.14 1007.1         PLYMOUTH
1875 10 17 08 00  50.38   -4.14 1004.1         PLYMOUTH
1875 10 18 08 00  50.38   -4.14 1003.0         PLYMOUTH
1875 10 19 08 00  50.38   -4.14 1001.0         PLYMOUTH
1875 10 20 08 00  50.38   -4.14  997.3         PLYMOUTH
1875 10 21 08 00  50.38   -4.14  996.3         PLYMOUTH
1875 10 22 08 00  50.38   -4.14  994.9         PLYMOUTH
1875 10 23 08 00  50.38   -4.14  994.2         PLYMOUTH
1875 10 24 08 00  50.38   -4.14 1014.2         PLYMOUTH
1875 10 25 08 00  50.38   -4.14 1019.6         PLYMOUTH
1875 10 26 08 00  50.38   -4.14 1014.6         PLYMOUTH
1875 10 27 08 00  50.38   -4.14  998.3         PLYMOUTH
1875 10 28 08 00  50.38   -4.14 1010.5         PLYMOUTH
1875 10 29 08 00  50.38   -4.14 1016.6         PLYMOUTH
1875 10 30 08 00  50.38   -4.14 1010.2         PLYMOUTH
1875 10 31 08 00  50.38   -4.14 1008.5         PLYMOUTH
1875 10 01 08 00  41.90   12.50 1008.5             ROME
1875 10 02 08 00  41.90   12.50 1016.9             ROME
1875 10 03 08 00  41.90   12.50 1018.6             ROME
1875 10 04 08 00  41.90   12.50 1018.8             ROME
1875 10 05 08 00  41.90   12.50 1019.7             ROME
1875 10 06 08 00  41.90   12.50 1021.4             ROME
1875 10 07 08 00  41.90   12.50 1023.7             ROME
1875 10 08 08 00  41.90   12.50 1024.2             ROME
1875 10 09 08 00  41.90   12.50 1020.1             ROME
1875 10 10 08 00  41.90   12.50 1015.3             ROME
1875 10 11 08 00  41.90   12.50 1006.5             ROME
1875 10 12 08 00  41.90   12.50 1004.5             ROME
1875 10 13 08 00  41.90   12.50  995.8             ROME
1875 10 14 08 00  41.90   12.50  984.2             ROME
1875 10 15 08 00  41.90   12.50  985.1             ROME
1875 10 16 08 00  41.90   12.50  998.2             ROME
1875 10 17 08 00  41.90   12.50 1010.9             ROME
1875 10 18 08 00  41.90   12.50 1013.2             ROME
1875 10 19 08 00  41.90   12.50 1015.2             ROME
1875 10 20 08 00  41.90   12.50 1014.7             ROME
1875 10 21 08 00  41.90   12.50 1012.8             ROME
1875 10 22 08 00  41.90   12.50 1008.7             ROME
1875 10 23 08 00  41.90   12.50 1006.3             ROME
1875 10 24 08 00  41.90   12.50  994.6             ROME
1875 10 25 08 00  41.90   12.50 1003.4             ROME
1875 10 26 08 00  41.90   12.50 1010.0             ROME
1875 10 27 08 00  41.90   12.50 1015.3             ROME
1875 10 28 08 00  41.90   12.50 1005.6             ROME
1875 10 29 08 00  41.90   12.50 1006.3             ROME
1875 10 30 08 00  41.90   12.50 1006.7             ROME
1875 10 31 08 00  41.90   12.50 1007.5             ROME
1875 10 01 08 00  48.39   -4.49 1016.9            BREST
1875 10 02 08 00  48.39   -4.49 1009.9            BREST
1875 10 03 08 00  48.39   -4.49 1016.8            BREST
1875 10 04 08 00  48.39   -4.49 1015.1            BREST
1875 10 05 08 00  48.39   -4.49 1020.6            BREST
1875 10 06 08 00  48.39   -4.49 1033.8            BREST
1875 10 07 08 00  48.39   -4.49 1033.1            BREST
1875 10 08 08 00  48.39   -4.49 1021.2            BREST
1875 10 09 08 00  48.39   -4.49 1009.1            BREST
1875 10 10 08 00  48.39   -4.49 1015.1            BREST
1875 10 11 08 00  48.39   -4.49  999.8            BREST
1875 10 12 08 00  48.39   -4.49  997.0            BREST
1875 10 13 08 00  48.39   -4.49  975.0            BREST
1875 10 14 08 00  48.39   -4.49  994.2            BREST
1875 10 15 08 00  48.39   -4.49  999.0            BREST
1875 10 16 08 00  48.39   -4.49 1005.6            BREST
1875 10 17 08 00  48.39   -4.49 1003.6            BREST
1875 10 18 08 00  48.39   -4.49  999.6            BREST
1875 10 19 08 00  48.39   -4.49 1000.0            BREST
1875 10 20 08 00  48.39   -4.49  995.9            BREST
1875 10 21 08 00  48.39   -4.49  996.7            BREST
1875 10 22 08 00  48.39   -4.49  997.1            BREST
1875 10 23 08 00  48.39   -4.49  994.6            BREST
1875 10 24 08 00  48.39   -4.49 1012.7            BREST
1875 10 25 08 00  48.39   -4.49 1017.5            BREST
1875 10 26 08 00  48.39   -4.49 1010.9            BREST
1875 10 27 08 00  48.39   -4.49 1001.2            BREST
1875 10 28 08 00  48.39   -4.49 1010.1            BREST
1875 10 29 08 00  48.39   -4.49 1013.9            BREST
1875 10 30 08 00  48.39   -4.49 1006.1            BREST
1875 10 31 08 00  48.39   -4.49 1007.6            BREST
1875 10 01 08 00  45.76    4.84 1020.8            LYONS
1875 10 02 08 00  45.76    4.84 1018.8            LYONS
1875 10 03 08 00  45.76    4.84 1020.0            LYONS
1875 10 04 08 00  45.76    4.84 1021.2            LYONS
1875 10 05 08 00  45.76    4.84 1023.8            LYONS
1875 10 06 08 00  45.76    4.84 1027.8            LYONS
1875 10 07 08 00  45.76    4.84 1030.1            LYONS
1875 10 08 08 00  45.76    4.84 1018.0            LYONS
1875 10 09 08 00  45.76    4.84 1014.4            LYONS
1875 10 10 08 00  45.76    4.84 1015.6            LYONS
1875 10 11 08 00  45.76    4.84 1007.1            LYONS
1875 10 12 08 00  45.76    4.84 1001.2            LYONS
1875 10 13 08 00  45.76    4.84  998.4            LYONS
1875 10 14 08 00  45.76    4.84  980.2            LYONS
1875 10 15 08 00  45.76    4.84  995.2            LYONS
1875 10 16 08 00  45.76    4.84 1004.9            LYONS
1875 10 17 08 00  45.76    4.84 1012.5            LYONS
1875 10 18 08 00  45.76    4.84 1009.2            LYONS
1875 10 19 08 00  45.76    4.84 1008.8            LYONS
1875 10 20 08 00  45.76    4.84 1004.4            LYONS
1875 10 21 08 00  45.76    4.84 1009.6            LYONS
1875 10 22 08 00  45.76    4.84 1006.5            LYONS
1875 10 23 08 00  45.76    4.84 1003.1            LYONS
1875 10 24 08 00  45.76    4.84 1006.5            LYONS
1875 10 25 08 00  45.76    4.84 1019.8            LYONS
1875 10 26 08 00  45.76    4.84 1018.6            LYONS
1875 10 27 08 00  45.76    4.84 1010.1            LYONS
1875 10 28 08 00  45.76    4.84 1010.4            LYONS
1875 10 29 08 00  45.76    4.84 1012.4            LYONS
1875 10 30 08 00  45.76    4.84 1011.9            LYONS
1875 10 31 08 00  45.76    4.84 1009.2            LYONS
1875 10 01 08 00  43.12    5.93 1013.5           TOULON
1875 10 02 08 00  43.12    5.93 1017.6           TOULON
1875 10 03 08 00  43.12    5.93 1020.0           TOULON
1875 10 04 08 00  43.12    5.93 1018.6           TOULON
1875 10 05 08 00  43.12    5.93 1019.0           TOULON
1875 10 06 08 00  43.12    5.93 1023.7           TOULON
1875 10 07 08 00  43.12    5.93 1024.7           TOULON
1875 10 08 08 00  43.12    5.93 1026.1           TOULON
1875 10 09 08 00  43.12    5.93 1023.7           TOULON
1875 10 10 08 00  43.12    5.93 1016.3           TOULON
1875 10 11 08 00  43.12    5.93 1011.2           TOULON
1875 10 12 08 00  43.12    5.93 1007.1           TOULON
1875 10 13 08 00  43.12    5.93 1000.7           TOULON
1875 10 14 08 00  43.12    5.93  993.6           TOULON
1875 10 15 08 00  43.12    5.93  986.1           TOULON
1875 10 16 08 00  43.12    5.93  995.3           TOULON
1875 10 17 08 00  43.12    5.93 1005.8           TOULON
1875 10 18 08 00  43.12    5.93 1012.9           TOULON
1875 10 19 08 00  43.12    5.93 1012.9           TOULON
1875 10 20 08 00  43.12    5.93 1012.2           TOULON
1875 10 21 08 00  43.12    5.93 1010.2           TOULON
1875 10 22 08 00  43.12    5.93 1012.2           TOULON
1875 10 23 08 00  43.12    5.93 1007.5           TOULON
1875 10 24 08 00  43.12    5.93 1002.4           TOULON
1875 10 25 08 00  43.12    5.93 1004.4           TOULON
1875 10 26 08 00  43.12    5.93 1010.5           TOULON
1875 10 27 08 00  43.12    5.93 1013.9           TOULON
1875 10 28 08 00  43.12    5.93 1009.5           TOULON
1875 10 29 08 00  43.12    5.93 1008.5           TOULON
1875 10 30 08 00  43.12    5.93 1009.1           TOULON
1875 10 31 08 00  43.12    5.93 1011.5           TOULON
1875 10 01 08 00  33.31   44.36 1020.1          BAGHDAD
1875 10 02 08 00  33.31   44.36 1020.1          BAGHDAD
1875 10 03 08 00  33.31   44.36 1020.1          BAGHDAD
1875 10 04 08 00  33.31   44.36 1021.4          BAGHDAD
1875 10 05 08 00  33.31   44.36 1022.8          BAGHDAD
1875 10 06 08 00  33.31   44.36 1024.1          BAGHDAD
1875 10 07 08 00  33.31   44.36 1021.4          BAGHDAD
1875 10 08 08 00  33.31   44.36 1021.4          BAGHDAD
1875 10 09 08 00  33.31   44.36 1020.1          BAGHDAD
1875 10 10 08 00  33.31   44.36 1021.4          BAGHDAD
1875 10 11 08 00  33.31   44.36 1024.1          BAGHDAD
1875 10 12 08 00  33.31   44.36 1021.4          BAGHDAD
1875 10 13 08 00  33.31   44.36 1014.8          BAGHDAD
1875 10 14 08 00  33.31   44.36 1018.8          BAGHDAD
1875 10 15 08 00  33.31   44.36 1026.8          BAGHDAD
1875 10 16 08 00  33.31   44.36 1028.1          BAGHDAD
1875 10 17 08 00  33.31   44.36 1025.4          BAGHDAD
1875 10 18 08 00  33.31   44.36 1022.8          BAGHDAD
1875 10 19 08 00  33.31   44.36 1024.1          BAGHDAD
1875 10 20 08 00  33.31   44.36 1024.1          BAGHDAD
1875 10 21 08 00  33.31   44.36 1024.1          BAGHDAD
1875 10 22 08 00  33.31   44.36 1022.8          BAGHDAD
1875 10 23 08 00  33.31   44.36 1024.1          BAGHDAD
1875 10 24 08 00  33.31   44.36 1022.8          BAGHDAD
1875 10 25 08 00  33.31   44.36 1025.4          BAGHDAD
1875 10 26 08 00  33.31   44.36 1026.8          BAGHDAD
1875 10 27 08 00  33.31   44.36 1025.4          BAGHDAD
1875 10 28 08 00  33.31   44.36 1024.1          BAGHDAD
1875 10 29 08 00  33.31   44.36 1025.4          BAGHDAD
1875 10 30 08 00  33.31   44.36 1024.1          BAGHDAD
1875 10 31 08 00  33.31   44.36 1020.1          BAGHDAD
1875 10 01 08 00  58.20   -6.30 1000.2        STORNOWAY
1875 10 02 08 00  58.20   -6.30  992.2        STORNOWAY
1875 10 03 08 00  58.20   -6.30  994.8        STORNOWAY
1875 10 04 08 00  58.20   -6.30  993.5        STORNOWAY
1875 10 05 08 00  58.20   -6.30  989.5        STORNOWAY
1875 10 06 08 00  58.20   -6.30 1009.5        STORNOWAY
1875 10 07 08 00  58.20   -6.30 1012.1        STORNOWAY
1875 10 08 08 00  58.20   -6.30  998.8        STORNOWAY
1875 10 09 08 00  58.20   -6.30 1002.8        STORNOWAY
1875 10 10 08 00  58.20   -6.30 1000.2        STORNOWAY
1875 10 11 08 00  58.20   -6.30  982.9        STORNOWAY
1875 10 12 08 00  58.20   -6.30  990.9        STORNOWAY
1875 10 13 08 00  58.20   -6.30  990.9        STORNOWAY
1875 10 14 08 00  58.20   -6.30 1000.2        STORNOWAY
1875 10 15 08 00  58.20   -6.30 1009.5        STORNOWAY
1875 10 16 08 00  58.20   -6.30 1006.8        STORNOWAY
1875 10 17 08 00  58.20   -6.30 1006.8        STORNOWAY
1875 10 18 08 00  58.20   -6.30 1012.1        STORNOWAY
1875 10 19 08 00  58.20   -6.30 1010.8        STORNOWAY
1875 10 20 08 00  58.20   -6.30 1005.5        STORNOWAY
1875 10 21 08 00  58.20   -6.30  997.5        STORNOWAY
1875 10 22 08 00  58.20   -6.30  997.5        STORNOWAY
1875 10 23 08 00  58.20   -6.30 1002.8        STORNOWAY
1875 10 24 08 00  58.20   -6.30 1013.5        STORNOWAY
1875 10 25 08 00  58.20   -6.30 1016.1        STORNOWAY
1875 10 26 08 00  58.20   -6.30 1009.5        STORNOWAY
1875 10 27 08 00  58.20   -6.30 1009.5        STORNOWAY
1875 10 28 08 00  58.20   -6.30 1017.5        STORNOWAY
1875 10 29 08 00  58.20   -6.30 1020.1        STORNOWAY
1875 10 30 08 00  58.20   -6.30 1013.5        STORNOWAY
1875 10 31 08 00  58.20   -6.30 1012.1        STORNOWAY
1875 10 01 08 00  32.67  -16.92 1013.5          FUNCHAL
1875 10 02 08 00  32.67  -16.92 1010.8          FUNCHAL
1875 10 03 08 00  32.67  -16.92 1008.1          FUNCHAL
1875 10 04 08 00  32.67  -16.92 1012.1          FUNCHAL
1875 10 05 08 00  32.67  -16.92 1016.1          FUNCHAL
1875 10 06 08 00  32.67  -16.92 1018.8          FUNCHAL
1875 10 07 08 00  32.67  -16.92 1018.8          FUNCHAL
1875 10 08 08 00  32.67  -16.92 1017.5          FUNCHAL
1875 10 09 08 00  32.67  -16.92 1020.1          FUNCHAL
1875 10 10 08 00  32.67  -16.92 1020.1          FUNCHAL
1875 10 11 08 00  32.67  -16.92 1017.5          FUNCHAL
1875 10 12 08 00  32.67  -16.92 1018.8          FUNCHAL
1875 10 13 08 00  32.67  -16.92 1020.1          FUNCHAL
1875 10 14 08 00  32.67  -16.92 1016.1          FUNCHAL
1875 10 15 08 00  32.67  -16.92 1012.1          FUNCHAL
1875 10 16 08 00  32.67  -16.92 1012.1          FUNCHAL
1875 10 17 08 00  32.67  -16.92 1009.5          FUNCHAL
1875 10 18 08 00  32.67  -16.92 1008.1          FUNCHAL
1875 10 19 08 00  32.67  -16.92 1008.1          FUNCHAL
1875 10 20 08 00  32.67  -16.92 1002.8          FUNCHAL
1875 10 21 08 00  32.67  -16.92 1010.8          FUNCHAL
1875 10 22 08 00  32.67  -16.92 1014.8          FUNCHAL
1875 10 23 08 00  32.67  -16.92 1016.1          FUNCHAL
1875 10 24 08 00  32.67  -16.92 1017.5          FUNCHAL
1875 10 25 08 00  32.67  -16.92 1016.1          FUNCHAL
1875 10 26 08 00  32.67  -16.92 1014.8          FUNCHAL
1875 10 27 08 00  32.67  -16.92 1017.5          FUNCHAL
1875 10 28 08 00  32.67  -16.92 1018.8          FUNCHAL
1875 10 29 08 00  32.67  -16.92 1017.5          FUNCHAL
1875 10 30 08 00  32.67  -16.92 1017.5          FUNCHAL
1875 10 31 08 00  32.67  -16.92 1017.5          FUNCHAL
1875 10 01 08 00  33.89   35.50 1012.1           BEIRUT
1875 10 02 08 00  33.89   35.50 1012.1           BEIRUT
1875 10 03 08 00  33.89   35.50 1010.8           BEIRUT
1875 10 04 08 00  33.89   35.50 1013.5           BEIRUT
1875 10 05 08 00  33.89   35.50 1018.8           BEIRUT
1875 10 06 08 00  33.89   35.50 1017.5           BEIRUT
1875 10 07 08 00  33.89   35.50 1016.1           BEIRUT
1875 10 08 08 00  33.89   35.50 1016.1           BEIRUT
1875 10 09 08 00  33.89   35.50 1013.5           BEIRUT
1875 10 10 08 00  33.89   35.50 1013.5           BEIRUT
1875 10 11 08 00  33.89   35.50 1013.5           BEIRUT
1875 10 12 08 00  33.89   35.50 1014.8           BEIRUT
1875 10 13 08 00  33.89   35.50 1010.8           BEIRUT
1875 10 14 08 00  33.89   35.50 1010.8           BEIRUT
1875 10 15 08 00  33.89   35.50 1016.1           BEIRUT
1875 10 16 08 00  33.89   35.50 1016.1           BEIRUT
1875 10 17 08 00  33.89   35.50 1010.8           BEIRUT
1875 10 18 08 00  33.89   35.50 1010.8           BEIRUT
1875 10 19 08 00  33.89   35.50 1016.1           BEIRUT
1875 10 20 08 00  33.89   35.50 1014.8           BEIRUT
1875 10 21 08 00  33.89   35.50 1013.5           BEIRUT
1875 10 22 08 00  33.89   35.50 1014.8           BEIRUT
1875 10 23 08 00  33.89   35.50 1013.5           BEIRUT
1875 10 24 08 00  33.89   35.50 1014.8           BEIRUT
1875 10 25 08 00  33.89   35.50 1014.8           BEIRUT
1875 10 26 08 00  33.89   35.50 1013.5           BEIRUT
1875 10 27 08 00  33.89   35.50 1012.1           BEIRUT
1875 10 28 08 00  33.89   35.50 1013.5           BEIRUT
1875 10 29 08 00  33.89   35.50 1014.8           BEIRUT
1875 10 30 08 00  33.89   35.50 1010.8           BEIRUT
1875 10 31 08 00  33.89   35.50 1006.8           BEIRUT
1875 10 01 08 00  55.20   -6.99 1010.5      GREENCASTLE
1875 10 01 14 00  55.20   -6.99 1014.9      GREENCASTLE
1875 10 02 08 00  55.20   -6.99 1002.0      GREENCASTLE
1875 10 02 14 00  55.20   -6.99 1004.4      GREENCASTLE
1875 10 03 08 00  55.20   -6.99 1004.1      GREENCASTLE
1875 10 03 14 00  55.20   -6.99 1003.4      GREENCASTLE
1875 10 04 08 00  55.20   -6.99  996.3      GREENCASTLE
1875 10 05 08 00  55.20   -6.99 1002.0      GREENCASTLE
1875 10 05 14 00  55.20   -6.99 1001.7      GREENCASTLE
1875 10 06 08 00  55.20   -6.99 1008.8      GREENCASTLE
1875 10 06 14 00  55.20   -6.99 1006.8      GREENCASTLE
1875 10 07 08 00  55.20   -6.99 1021.3      GREENCASTLE
1875 10 07 14 00  55.20   -6.99 1024.0      GREENCASTLE
1875 10 08 08 00  55.20   -6.99 1020.3      GREENCASTLE
1875 10 08 14 00  55.20   -6.99 1022.0      GREENCASTLE
1875 10 09 08 00  55.20   -6.99 1005.4      GREENCASTLE
1875 10 09 14 00  55.20   -6.99 1005.1      GREENCASTLE
1875 10 10 08 00  55.20   -6.99 1010.8      GREENCASTLE
1875 10 10 14 00  55.20   -6.99 1010.2      GREENCASTLE
1875 10 11 08 00  55.20   -6.99  988.8      GREENCASTLE
1875 10 12 08 00  55.20   -6.99  988.8      GREENCASTLE
1875 10 12 14 00  55.20   -6.99  987.5      GREENCASTLE
1875 10 13 08 00  55.20   -6.99  992.6      GREENCASTLE
1875 10 13 14 00  55.20   -6.99  992.9      GREENCASTLE
1875 10 14 08 00  55.20   -6.99  995.3      GREENCASTLE
1875 10 14 14 00  55.20   -6.99  993.2      GREENCASTLE
1875 10 15 08 00  55.20   -6.99 1005.1      GREENCASTLE
1875 10 15 14 00  55.20   -6.99 1002.4      GREENCASTLE
1875 10 16 08 00  55.20   -6.99 1008.1      GREENCASTLE
1875 10 16 14 00  55.20   -6.99 1007.8      GREENCASTLE
1875 10 17 08 00  55.20   -6.99 1005.1      GREENCASTLE
1875 10 17 14 00  55.20   -6.99 1005.4      GREENCASTLE
1875 10 18 08 00  55.20   -6.99 1007.8      GREENCASTLE
1875 10 19 08 00  55.20   -6.99 1008.1      GREENCASTLE
1875 10 19 14 00  55.20   -6.99 1008.5      GREENCASTLE
1875 10 20 08 00  55.20   -6.99 1005.8      GREENCASTLE
1875 10 20 14 00  55.20   -6.99 1005.4      GREENCASTLE
1875 10 21 08 00  55.20   -6.99  999.0      GREENCASTLE
1875 10 21 14 00  55.20   -6.99 1000.3      GREENCASTLE
1875 10 22 08 00  55.20   -6.99  993.9      GREENCASTLE
1875 10 22 14 00  55.20   -6.99  992.9      GREENCASTLE
1875 10 23 08 00  55.20   -6.99  995.9      GREENCASTLE
1875 10 23 14 00  55.20   -6.99  993.9      GREENCASTLE
1875 10 24 08 00  55.20   -6.99 1007.1      GREENCASTLE
1875 10 24 14 00  55.20   -6.99 1004.1      GREENCASTLE
1875 10 25 08 00  55.20   -6.99 1016.3      GREENCASTLE
1875 10 26 08 00  55.20   -6.99 1012.2      GREENCASTLE
1875 10 26 14 00  55.20   -6.99 1013.5      GREENCASTLE
1875 10 27 08 00  55.20   -6.99 1006.8      GREENCASTLE
1875 10 27 14 00  55.20   -6.99 1007.8      GREENCASTLE
1875 10 28 08 00  55.20   -6.99 1010.5      GREENCASTLE
1875 10 28 14 00  55.20   -6.99 1008.1      GREENCASTLE
1875 10 29 08 00  55.20   -6.99 1017.3      GREENCASTLE
1875 10 29 14 00  55.20   -6.99 1015.9      GREENCASTLE
1875 10 30 08 00  55.20   -6.99 1015.2      GREENCASTLE
1875 10 30 14 00  55.20   -6.99 1015.6      GREENCASTLE
1875 10 31 08 00  55.20   -6.99 1011.9      GREENCASTLE
1875 10 31 14 00  55.20   -6.99 1011.2      GREENCASTLE
