01 30674 30674 30669 30664 30662 30665 30667 30668 30667 30663 30662 30635 30603 30581 30572 30566 30564 30559 30563 30553 30549 30535 30529 30518
02 30495 30493 30489 30486 30481 30485 30499 30508 30518 30524 30524 30519 30512 30509 30514 30520 30525 30540 30550 30562 30567 30573 30575 30571
03 30576 30561 30556 30552 30554 30564 30568 30584 30584 30590 30586 30578 30561 30545 30541 30540 30540 30541 30542 30536 30534 30528 30526 30522
04 30514 30504 30492 30485 30482 30484 30484 30489 30494 30493 30493 30473 30455 30444 30438 30433 30433 30442 30446 30448 30449 30435 30436 30433
05 30430 30420 30417 30413 30414 30417 30415 30425 30428 30431 30437 30426 30420 30417 30411 30410 30412 30421 30425 30428 30428 30436 30433 30435
06 30438 30447 30440 30440 30447 30449 30454 30468 30484 30497 30503 30500 30489 30475 30479 30486 30492 30498 30506 30512 30517 30520 30530 30540
07 30538 30532 30534 30521 30522 30521 30524 30527 30530 30532 30533 30518 30501 30488 30481 30479 30481 30485 30491 30494 30490 30483 30479 30478
08 30463 30462 30446 30443 30443 30430 30427 30432 30433 30429 30434 30421 30411 30390 30388 30385 30385 30386 30389 30395 30396 30396 30398 30409
09 30402 30400 30395 30395 30398 30393 30397 30401 30402 30404 30406 30399 30392 30382 30368 30362 30358 30356 30356 30348 30347 30335 30324 30306
10 30298 30286 30276 30263 30257 30244 30241 30242 30239 30236 30226 30205 30190 30162 30155 30144 30139 30137 30131 30119 30113 30096 30079 30060
11 30049 30027 30010 29992 29976 29963 29953 29948 29941 29935 29918 29887 29861 29844 29827 29817 29820 29814 29814 29808 29804 29796 29800 29795
12 29792 29797 29797 29811 29820 29835 29858 29881 29900 29931 29958 29974 29980 29979 29996 30017 30039 30051 30060 30077 30088 30092 30096 30102
13 30094 30084 30075 30065 30056 30046 30037 30027 30018 30008 30008 29993 29969 29969 29963 29965 29973 29986 30001 30015 30032 30048 30060 30084
14 30085 30090 30084 30081 30089 30092 30106 30133 30156 30186 30210 30221 30218 30216 30213 30224 30218 30215 30208 30181 30158 30119 30095 30061
15 30031 29986 29932 29898 29862 29816 29769 29715 29758 29805 29843 29857 29876 29905 29921 29959 30005 30068 30108 30164 30200 30248 30287 30317
16 30344 30363 30382 30392 30396 30400 30403 30401 30400 30390 30377 30353 30318 30291 30261 30228 30220 30228 30216 30216 30213 30211 30213 30207
17 30208 30204 30204 30198 30198 30191 30203 30213 30219 30228 30243 30255 30264 30247 30249 30256 30263 30272 30291 30297 30309 30323 30314 30314
18 30306 30300 30290 30274 30265 30251 30253 30256 30251 30238 30233 30203 30170 30154 30128 30114 30109 30151 30171 30189 30213 30247 30281 30314
19 30338 30367 30380 30400 30425 30451 30482 30513 30545 30585 30607 30620 30620 30631 30644 30658 30674 30694 30711 30736 30748 30762 30769 30773
20 30781 30781 30779 30776 30782 30794 30805 30816 30816 30813 30802 30782 30752 30730 30711 30704 30698 30697 30692 30682 30664 30655 30647 30634
21 30618 30605 30589 30577 30577 30574 30576 30587 30588 30593 30598 30602 30603 30603 30614 30620 30632 30649 30666 30661 30671 30683 30686 30689
22 30692 30683 30676 30671 30668 30658 30652 30644 30633 30621 30612 30602 30579 30546 30521 30501 30491 30485 30482 30468 30465 30458 30455 30451
23 30443 30438 30426 30418 30413 30406 30400 30401 30402 30404 30402 30393 30381 30361 30338 30325 30311 30301 30298 30289 30285 30271 30265 30258
24 30236 30216 30189 30180 30172 30158 30152 30149 30143 30145 30152 30146 30140 30134 30127 30121 30117 30121 30119 30116 30107 30098 30084 30057
25 30026 30008 29983 29956 29938 29921 29892 29877 29846 29800 29780 29752 29716 29668 29634 29604 29580 29561 29537 29503 29475 29453 29434 29420
26 29396 29376 29356 29324 29290 29244 29215 29178 29137 29109 29092 29073 29058 29044 29033 29022 29024 29028 29040 29053 29048 29062 29063 29074
27 29075 29071 29065 29059 29066 29071 29081 29096 29105 29116 29136 29147 29157 29171 29179 29196 29210 29242 29270 29294 29322 29361 29393 29431
28 29467 29489 29507 29539 29543 29554 29569 29567 29564 29561 29549 29519 29490 29461 29423 29374 29322 29263 29189 29107 29031 28979 28929 28887
