01 29330 29328 29322 29308 29280 29258 29264 29259 29259 29250 29237 29211 29179 29135 29105 29088 29063 29103 29169 29226 29257 29279 29312 29348
02 29364 29388 29412 29436 29452 29464 29486 29492 29501 29511 29513 29513 29511 29508 29488 29472 29455 29430 29399 29392 29432 29448 29500 29525
03 29531 29538 29549 29569 29592 29614 29651 29710 29752 29776 29818 29845 29870 29903 29920 29951 29967 29994 30009 30022 30035 30058 30063 30080
04 30090 30104 30122 30142 30166 30184 30220 30242 30263 30278 30297 30309 30318 30323 30341 30349 30363 30395 30407 30420 30419 30425 30428 30430
05 30435 30433 30428 30431 30434 30439 30453 30459 30463 30461 30454 30444 30436 30427 30416 30410 30408 30408 30408 30412 30404 30394 30388 30378
06 30368 30357 30336 30329 30328 30332 30334 30332 30328 30324 30313 30295 30274 30262 30247 30235 30231 30231 30230 30227 30224 30213 30201 30188
07 30173 30143 30126 30111 30095 30095 30093 30090 30082 30074 30063 30052 30041 30018 30010 30007 30010 30011 29997 29994 29989 29973 29961 29941
08 29935 29927 29921 29921 29927 29931 29939 29947 29953 29961 29964 29955 29955 29957 29945 29937 29938 29941 29942 29938 29937 29934 29926 29922
09 29914 29905 29899 29898 29895 29897 29899 29899 29897 29900 29899 29897 29890 29885 29882 29889 29884 29883 29889 29895 29899 29900 29899 29897
10 29899 29894 29889 29877 29873 29876 29876 29873 29872 29860 29843 29817 29796 29766 29743 29725 29697 29683 29669 29647 29625 29596 29571 29534
11 29509 29481 29461 29444 29431 29415 29399 29378 29363 29340 29319 29284 29252 29216 29191 29161 29146 29152 29165 29188 29209 29226 29233 29247
12 29261 29271 29277 29289 29314 29319 29341 29363 29379 29390 29399 29417 29424 29434 29451 29467 29488 29514 29528 29547 29564 29578 29584 29596
13 29605 29618 29631 29636 29652 29668 29684 29696 29707 29722 29724 29735 29741 29760 29768 29778 29784 29802 29800 29804 29812 29822 29829 29827
14 29823 29814 29800 29804 29806 29808 29808 29813 29818 29821 29824 29815 29813 29809 29801 29793 29781 29777 29775 29765 29757 29751 29747 29733
15 29722 29705 29694 29687 29675 29666 29661 29654 29654 29651 29648 29645 29638 29633 29626 29616 29616 29615 29610 29602 29589 29583 29583 29581
16 29575 29570 29569 29568 29575 29581 29591 29605 29610 29623 29636 29640 29638 29628 29628 29628 29634 29650 29660 29663 29668 29674 29679 29686
17 29693 29693 29696 29704 29717 29728 29744 29770 29780 29781 29790 29796 29798 29810 29813 29821 29843 29865 29881 29888 29903 29897 29915 29912
18 29919 29917 29918 29934 29933 29929 29938 29933 29933 29942 29932 29917 29903 29888 29877 29859 29854 29844 29818 29797 29784 29762 29734 29705
19 29673 29636 29614 29593 29579 29554 29541 29522 29517 29504 29482 29454 29430 29407 29388 29381 29378 29371 29367 29377 29386 29387 29391 29394
20 29392 29388 29382 29376 29373 29372 29379 29383 29390 29391 29386 29377 29373 29369 29368 29366 29370 29375 29367 29388 29384 29376 29373 29370
21 29366 29354 29344 29327 29316 29303 29293 29277 29261 29244 29222 29196 29164 29136 29105 29076 29056 29046 29039 29032 29020 29016 29018 28999
22 28982 28971 28962 28952 28944 28929 28917 28909 28906 28905 28915 28907 28904 28908 28910 28923 28937 28953 28954 28957 28961 28962 28964 28963
23 28958 28957 28957 28958 28961 28963 28966 28967 28969 28981 28985 28986 28987 28987 28989 28986 28997 28994 28996 29011 29044 29065 29078 29092
24 29098 29106 29099 29102 29102 29101 29106 29110 29102 29087 29099 29084 29078 29064 29056 29068 29079 29093 29103 29110 29116 29117 29129 29135
25 29149 29160 29160 29174 29178 29182 29200 29214 29223 29233 29246 29252 29257 29258 29258 29264 29273 29278 29280 29285 29298 29299 29301 29297
26 29297 29292 29278 29277 29278 29274 29277 29284 29289 29289 29302 29292 29288 29278 29271 29275 29286 29289 29292 29302 29307 29314 29319 29331
27 29338 29359 29367 29379 29384 29392 29408 29435 29458 29470 29484 29495 29494 29503 29521 29535 29559 29572 29585 29600 29612 29629 29643 29658
28 29666 29685 29686 29691 29700 29708 29721 29741 29750 29755 29770 29769 29769 29762 29758 29765 29770 29777 29776 29777 29776 29779 29768 29756
29 29749 29739 29739 29739 29737 29734 29738 29740 29737 29731 29727 29713 29696 29687 29677 29665 29653 29640 29629 29609 29598 29573 29545 29518
30 29493 29452 29427 29410 29399 29378 29375 29362 29349 29351 29362 29359 29350 29343 29342 29341 29353 29365 29372 29377 29395 29412 29420 29445
31 29452 29481 29492 29498 29521 29541 29558 29583 29601 29622 29628 29628 29633 29630 29624 29621 29626 29624 29614 29594 29577 29561 29546 29504
