01 29315 29290 29265 29240 29215 29190 29165 29140 29115 29089 29046 29024 29016 29004 29010 29018 29023 29012 29014 28996 28972 28957 28936 28902
02 28874 28840 28803 28784 28796 28832 28889 28931 28958 28978 28997 29015 29021 29021 29042 29055 29078 29101 29124 29147 29174 29193 29205 29234
03 29259 29279 29295 29314 29345 29375 29399 29411 29431 29461 29495 29529 29560 29600 29627 29663 29683 29701 29734 29768 29787 29802 29825 29841
04 29860 29877 29886 29895 29906 29933 29949 29960 29970 29977 29973 29979 29972 29968 29961 29951 29935 29919 29905 29891 29871 29850 29833 29817
05 29800 29776 29765 29756 29771 29785 29803 29835 29859 29877 29896 29904 29912 29924 29926 29930 29942 29952 29969 30000 30007 30018 30032 30036
06 30042 30046 30056 30058 30074 30090 30105 30120 30135 30150 30160 30163 30169 30167 30167 30168 30173 30194 30199 30220 30227 30232 30231 30231
07 30227 30232 30223 30214 30219 30223 30221 30207 30222 30215 30197 30186 30173 30167 30153 30137 30126 30125 30133 30135 30135 30141 30149 30157
08 30145 30145 30149 30151 30153 30166 30174 30181 30194 30204 30218 30218 30228 30219 30228 30228 30225 30230 30243 30252 30254 30249 30245 30240
09 30231 30218 30202 30188 30172 30163 30162 30154 30146 30124 30103 30084 30065 30035 30009 29982 29969 29957 29951 29939 29919 29908 29886 29863
10 29841 29809 29781 29752 29733 29714 29699 29685 29673 29660 29645 29632 29614 29607 29590 29567 29557 29545 29539 29534 29529 29517 29509 29502
11 29499 29493 29490 29481 29472 29467 29465 29465 29464 29451 29450 29444 29444 29442 29433 29432 29437 29440 29448 29458 29465 29458 29462 29466
12 29463 29456 29450 29448 29448 29454 29458 29462 29462 29450 29456 29447 29446 29438 29436 29431 29433 29440 29444 29460 29462 29464 29460 29456
13 29462 29452 29444 29442 29442 29447 29458 29460 29464 29468 29469 29461 29458 29448 29448 29443 29452 29459 29467 29468 29471 29468 29470 29475
14 29470 29468 29470 29471 29469 29477 29480 29473 29475 29470 29465 29465 29461 29452 29445 29435 29438 29431 29427 29432 29425 29422 29435 29431
15 29427 29424 29426 29424 29427 29445 29461 29467 29477 29477 29489 29482 29490 29503 29491 29498 29514 29515 29535 29547 29533 29535 29545 29547
16 29551 29550 29550 29549 29559 29579 29608 29627 29635 29649 29667 29670 29671 29675 29686 29685 29703 29717 29733 29745 29755 29751 29751 29751
17 29752 29749 29745 29741 29747 29753 29771 29784 29787 29797 29795 29797 29804 29793 29799 29803 29817 29827 29849 29850 29845 29845 29839 29847
18 29847 29843 29839 29837 29837 29855 29861 29878 29887 29889 29893 29890 29889 29886 29887 29889 29895 29901 29913 29921 29925 29929 29933 29929
19 29927 29926 29931 29933 29947 29969 29981 29989 29993 29991 29980 29973 29952 29932 29926 29918 29916 29918 29909 29908 29912 29905 29892 29873
20 29882 29877 29870 29870 29869 29862 29870 29864 29860 29854 29862 29857 29843 29829 29804 29799 29802 29805 29823 29833 29833 29835 29831 29829
21 29882 29829 29827 29821 29817 29831 29833 29843 29847 29843 29845 29847 29837 29831 29819 29813 29817 29817 29818 29818 29817 29817 29816 29797
22 29782 29779 29779 29771 29771 29765 29763 29761 29760 29749 29760 29748 29744 29736 29734 29730 29725 29727 29738 29744 29743 29740 29734 29734
23 29732 29720 29713 29710 29705 29707 29708 29706 29708 29700 29688 29686 29679 29674 29660 29652 29638 29642 29644 29630 29618 29598 29590 29579
24 29565 29569 29574 29571 29580 29562 29590 29594 29601 29599 29610 29597 29586 29585 29573 29557 29549 29541 29546 29541 29537 29536 29524 29512
25 29505 29491 29474 29469 29466 29475 29493 29489 29507 29504 29506 29495 29487 29473 29472 29458 29452 29452 29452 29448 29442 29432 29416 29400
26 29392 29376 29360 29344 29321 29304 29300 29292 29286 29281 29270 29247 29235 29214 29203 29187 29179 29169 29159 29144 29125 29118 29098 29071
27 29057 29032 29019 29007 29000 29008 29016 29026 29029 29035 29048 29060 29077 29092 29107 29126 29147 29160 29181 29196 29209 29227 29236 29248
28 29262 29273 29277 29287 29299 29317 29331 29350 29357 29354 29363 29367 29368 29364 29353 29351 29343 29338 29335 29316 29313 29313 29295 29289
29 29283 29273 29259 29259 29259 29285 29287 29307 29323 29339 29352 29362 29374 29396 29422 29438 29458 29477 29502 29517 29548 29558 29560 29567
30 29571 29569 29566 29552 29537 29540 29526 29504 29482 29446 29410 29360 29303 29242 29215 29204 29214 29252 29266 29290 29309 29313 29319 29310
