01 29586 29575 29500 29544 29528 29506 29486 29468 29445 29432 29414 29404 29394 29408 29425 29462 29502 29530 29565 29602 29624 29642 29654 29672
02 29680 29688 29700 29714 29718 29736 29746 29768 29778 29784 29795 29789 29781 29779 29771 29766 29763 29769 29785 29807 29829 29847 29855 29879
03 29895 29903 29919 29945 29967 29991 30019 30047 30067 30085 30106 30125 30136 30147 30156 30165 30179 30193 30213 30221 30239 30261 30265 30271
04 30277 30277 30279 30287 30287 30303 30323 30329 30333 30341 30348 30340 30325 30318 30320 30312 30318 30318 30314 30320 30320 30314 30315 30308
05 30308 30292 30276 30255 30260 30264 30265 30272 30270 30260 30241 30211 30195 30175 30149 30137 30137 30133 30115 30101 30081 30066 30045 30021
06 30001 29971 29955 29933 29915 29907 29893 29899 29889 29891 29881 29869 29859 29854 29849 29839 29839 29845 29847 29847 29843 29829 29821 29804
07 29794 29774 29764 29759 29753 29747 29749 29749 29753 29749 29744 29738 29732 29734 29735 29744 29750 29760 29765 29774 29778 29780 29780 29775
08 29775 29772 29774 29780 29784 29790 29796 29805 29812 29822 29822 29822 29822 29822 29815 29818 29825 29832 29840 29854 29858 29862 29865 29865
09 29870 29870 29868 29874 29878 29888 29895 29902 29915 29910 29899 29899 29893 29891 29881 29885 29876 29881 29881 29876 29876 29880 29871 29857
10 29837 29821 29811 29795 29793 29787 29781 29787 29783 29781 29777 29759 29753 29739 29719 29714 29713 29704 29689 29675 29659 29639 29613 29585
11 29564 29524 29481 29445 29425 29411 29399 29399 29387 29383 29369 29359 29351 29349 29356 29355 29355 29351 29349 29345 29345 29331 29316 29297
12 29283 29251 29233 29215 29199 29187 29177 29187 29195 29203 29228 29238 29252 29264 29286 29317 29338 29362 29384 29407 29420 29430 29434 29442
13 29448 29464 29468 29482 29488 29506 29518 29552 29564 29582 29583 29589 29589 29617 29617 29627 29641 29653 29657 29673 29691 29699 29705 29709
14 29705 29713 29711 29713 29721 29721 29725 29737 29741 29754 29756 29753 29747 29741 29743 29743 29741 29741 29741 29741 29739 29729 29726 29709
15 29693 29679 29669 29659 29651 29639 29645 29651 29653 29647 29647 29645 29631 29613 29603 29595 29589 29579 29573 29551 29543 29529 29513 29496
16 29477 29459 29433 29417 29411 29397 29389 29391 29385 29381 29376 29372 29376 29376 29374 29380 29380 29384 29386 29400 29408 29412 29420 29436
17 29442 29454 29462 29488 29512 29540 29565 29604 29615 29642 29649 29673 29685 29697 29719 29727 29739 29771 29771 29777 29789 29803 29811 29815
18 29815 29813 29813 29807 29805 29805 29807 29811 29813 29819 29812 29800 29782 29768 29760 29740 29728 29712 29696 29684 29674 29660 29630 29602
19 29570 29534 29500 29482 29464 29448 29438 29428 29422 29434 29447 29454 29457 29463 29467 29479 29496 29504 29512 29520 29525 29525 29525 29525
20 29516 29509 29515 29517 29527 29531 29543 29555 29569 29577 29580 29578 29572 29565 29565 29570 29562 29560 29550 29548 29538 29512 29496 29465
21 29438 29420 29390 29355 29334 29312 29298 29285 29258 29250 29245 29216 29218 29218 29224 29226 29232 29230 29210 29190 29178 29163 29136 29100
22 29075 29075 29074 29074 29080 29104 29142 29176 29215 29232 29250 29260 29262 29270 29280 29288 29304 29300 29302 29300 29294 29305 29304 29320
23 29312 29320 29316 29328 29330 29335 29340 29355 29365 29370 29377 29397 29366 29369 29369 29369 29377 29385 29377 29377 29363 29365 29327 29305
24 29253 29205 29145 29085 29017 28989 29013 29066 29085 29127 29169 29201 29219 29237 29247 29266 29283 29303 29311 29315 29323 29325 29325 29313
25 29309 29309 29301 29301 29299 29299 29303 29323 29325 29346 29345 29345 29340 29335 29336 29336 29330 29350 29350 29354 29350 29350 29350 29345
26 29330 29312 29296 29286 29270 29248 29244 29244 29242 29230 29232 29216 29205 29192 29184 29170 29156 29134 29128 29118 29105 29096 29078 29060
27 29048 29034 29008 29000 29002 28990 28998 29025 29040 29068 29080 29104 29114 29132 29146 29180 29202 29226 29240 29244 29260 29270 29280 29288
28 29300 29312 29332 29342 29354 29374 29382 29405 29424 29446 29457 29466 29469 29479 29481 29507 29529 29556 29569 29579 29593 29616 29619 29625
29 29631 29639 29645 29656 29663 29669 29675 29695 29706 29723 29721 29723 29719 29719 29723 29737 29739 29745 29745 29735 29731 29729 29715 29699
30 29695 29691 29669 29657 29669 29654 29664 29663 29664 29671 29672 29652 29628 29607 29590 29574 29578 29608 29635 29662 29694 29725 29746 29762
31 29770 29778 29784 29794 29795 29790 29804 29806 29816 29810 29806 29775 29748 29726 29708 29690 29676 29662 29640 29620 29606 29590 29565 29520
