01 29914 29904 29892 29878 29880 29882 29884 29886 29878 29870 29873 29869 29863 29863 29862 29862 29850 29844 29841 29847 29849 29852 29852 29847
02 29850 29854 29857 29860 29864 29867 29870 29874 29877 29881 29884 29881 29884 29888 29891 29885 29888 29893 29897 29897 29903 29893 29887 29877
03 29857 29843 29839 29815 29809 29782 29762 29735 29730 29713 29703 29690 29674 29665 29640 29622 29596 29595 29570 29542 29542 29513 29500 29470
04 29441 29412 29388 29370 29374 29366 29366 29354 29333 29314 29329 29321 29309 29307 29287 29271 29264 29255 29247 29249 29249 29240 29232 29217
05 29211 29197 29189 29175 29167 29159 29154 29153 29143 29137 29124 29126 29124 29119 29128 29126 29120 29138 29145 29148 29144 29136 29126 29108
06 29102 29094 29088 29076 29071 29067 29062 29056 29044 29025 29013 28989 28961 28943 28936 28911 28911 28899 28911 28909 28911 28919 28923 28924
07 28920 28917 28922 28927 28981 28936 28940 28945 28950 28955 28951 28949 28950 28959 28957 28966 28965 28977 28980 28992 29005 29013 29017 29021
08 29025 29027 29033 29051 29061 29076 29093 29102 29113 29117 29119 29122 29124 29122 29126 29132 29116 29122 29125 29130 29144 29150 29153 29153
09 29160 29166 29176 29194 29204 29215 29226 29234 29240 29248 29252 29256 29260 29265 29270 29278 29268 29284 29290 29303 29320 29327 29342 29342
10 29350 29348 29342 29350 29348 29360 29358 29366 29368 29370 29377 29372 29379 29387 29374 29379 29388 29383 29386 29392 29398 29402 29398 29397
11 29388 29385 29371 29365 29365 29358 29365 29362 29363 29355 29352 29350 29374 29382 29382 29399 29412 29424 29446 29460 29472 29486 29514 29534
12 29543 29555 29563 29575 29588 29602 29610 29630 29642 29646 29652 29666 29666 29663 29660 29648 29650 29643 29639 29636 29634 29623 29591 29578
13 29548 29519 29490 29461 29432 29403 29374 29344 29324 29308 29297 29270 29241 29217 29201 29183 29164 29159 29154 29153 29165 29165 29168 29169
14 29171 29161 29161 29159 29163 29171 29179 29190 29195 29198 29194 29208 29199 29179 29159 29131 29100 29066 29046 29028 29005 28999 28976 28945
15 28928 28910 28911 28921 28929 28941 28947 28956 28957 28959 28962 28964 28960 28968 28976 28974 28985 28984 28996 28998 28996 29000 28998 28992
16 28974 28974 28974 28965 28964 28988 29013 29049 29082 29100 29143 29160 29194 29217 29236 29261 29286 29310 29325 29350 29374 29390 29406 29418
17 29424 29422 29428 29428 29424 29420 29424 29417 29408 29394 29382 29372 29343 29318 29306 29272 29260 29268 29266 29259 29266 29270 29296 29309
18 29314 29322 29327 29353 29359 29360 29370 29368 29368 29362 29354 29334 29334 29324 29316 29306 29300 29288 29300 29302 29307 29318 29328 29340
19 29354 29378 29389 29418 29438 29468 29490 29512 29524 29534 29552 29564 29562 29561 29577 29580 29588 29600 29616 29624 29650 29659 29674 29684
20 29682 29678 29684 29694 29700 29711 29720 29732 29734 29730 29753 29749 29759 29765 29753 29745 29739 29737 29735 29735 29736 29719 29704 29678
21 29653 29611 29559 29529 29521 29524 29531 29537 29547 29543 29546 29548 29552 29539 29535 29522 29512 29495 29487 29483 29477 29469 29465 29457
22 29452 29431 29419 29412 29405 29407 29411 29408 29415 29415 29423 29424 29406 29404 29395 29384 29374 29357 29346 29350 29335 29322 29310 29290
23 29272 29253 29234 29210 29195 29180 29175 29154 29140 29118 29099 29078 29077 29056 29050 29047 29049 29060 29078 29112 29142 29154 29188 29214
24 29228 29244 29263 29284 29297 29318 29338 29362 29378 29391 29412 29418 29421 29436 29441 29456 29457 29481 29500 29526 29541 29559 29562 29574
25 29585 29590 29601 29613 29627 29644 29663 29685 29695 29698 29715 29738 29762 29770 29777 29794 29825 29843 29865 29895 29922 29945 29966 29978
26 29999 30012 30026 30037 30060 30083 30106 30119 30126 30140 30156 30158 30163 30165 30163 30150 30147 30148 30152 30149 30146 30142 30140 30128
27 30128 30119 30104 30081 30068 30052 30041 30039 30023 30014 30022 30006 30000 30007 30009 29998 29990 29993 29995 29999 30026 30039 30053 30060
28 30065 30068 30070 30075 30087 30092 30099 30114 30120 30117 30131 30122 30138 30125 30121 30113 30109 30111 30113 30109 30107 30102 30093 30077
29 30075 30064 30057 30051 30041 30039 30027 30027 30027 30015 29993 29993 29978 29979 29963 29935 29929 29921 29906 29894 29911 29901 29896 29890
30 29879 29869 29863 29858 29864 29881 29897 29901 29906 29923 29931 29942 29945 29954 29962 29972 29982 29996 30016 30031 30050 30062 30076 30071
31 30074 30066 30062 30061 30066 30060 30066 30057 30048 30026 30013 29997 29988 29972 29941 29923 29924 29921 29925 29929 29935 29924 29925 29925
