1875 11 01 08 00  36.75    3.06 1014.4          ALGIERS
1875 11 03 08 00  36.75    3.06 1015.2          ALGIERS
1875 11 05 08 00  36.75    3.06 1014.7          ALGIERS
1875 11 06 08 00  36.75    3.06 1018.2          ALGIERS
1875 11 07 08 00  36.75    3.06 1013.5          ALGIERS
1875 11 08 08 00  36.75    3.06 1012.8          ALGIERS
1875 11 09 08 00  36.75    3.06 1014.9          ALGIERS
1875 11 10 08 00  36.75    3.06 1016.1          ALGIERS
1875 11 12 08 00  36.75    3.06 1020.5          ALGIERS
1875 11 13 08 00  36.75    3.06 1018.6          ALGIERS
1875 11 14 08 00  36.75    3.06 1016.4          ALGIERS
1875 11 15 08 00  36.75    3.06 1019.3          ALGIERS
1875 11 16 08 00  36.75    3.06 1020.8          ALGIERS
1875 11 17 08 00  36.75    3.06 1024.6          ALGIERS
1875 11 19 08 00  36.75    3.06 1020.6          ALGIERS
1875 11 20 08 00  36.75    3.06 1011.7          ALGIERS
1875 11 21 08 00  36.75    3.06 1006.1          ALGIERS
1875 11 22 08 00  36.75    3.06 1010.0          ALGIERS
1875 11 23 08 00  36.75    3.06 1012.0          ALGIERS
1875 11 24 08 00  36.75    3.06 1008.5          ALGIERS
1875 11 27 08 00  36.75    3.06 1006.7          ALGIERS
1875 11 28 08 00  36.75    3.06 1010.4          ALGIERS
1875 11 29 08 00  36.75    3.06 1009.6          ALGIERS
1875 11 30 08 00  36.75    3.06  998.3          ALGIERS
1875 11 01 08 00  30.51   47.78 1016.1            BASRA
1875 11 02 08 00  30.51   47.78 1018.8            BASRA
1875 11 03 08 00  30.51   47.78 1016.1            BASRA
1875 11 04 08 00  30.51   47.78 1018.8            BASRA
1875 11 05 08 00  30.51   47.78 1018.8            BASRA
1875 11 06 08 00  30.51   47.78 1020.1            BASRA
1875 11 07 08 00  30.51   47.78 1020.1            BASRA
1875 11 08 08 00  30.51   47.78 1018.8            BASRA
1875 11 09 08 00  30.51   47.78 1017.5            BASRA
1875 11 10 08 00  30.51   47.78 1014.8            BASRA
1875 11 11 08 00  30.51   47.78 1014.8            BASRA
1875 11 12 08 00  30.51   47.78 1016.1            BASRA
1875 11 13 08 00  30.51   47.78 1020.1            BASRA
1875 11 14 08 00  30.51   47.78 1017.5            BASRA
1875 11 15 08 00  30.51   47.78 1018.8            BASRA
1875 11 16 08 00  30.51   47.78 1016.1            BASRA
1875 11 17 08 00  30.51   47.78 1022.8            BASRA
1875 11 18 08 00  30.51   47.78 1021.4            BASRA
1875 11 19 08 00  30.51   47.78 1012.1            BASRA
1875 11 20 08 00  30.51   47.78 1017.5            BASRA
1875 11 21 08 00  30.51   47.78 1018.8            BASRA
1875 11 22 08 00  30.51   47.78 1013.5            BASRA
1875 11 23 08 00  30.51   47.78 1012.1            BASRA
1875 11 24 08 00  30.51   47.78 1014.8            BASRA
1875 11 25 08 00  30.51   47.78 1016.1            BASRA
1875 11 26 08 00  30.51   47.78 1016.1            BASRA
1875 11 27 08 00  30.51   47.78 1017.5            BASRA
1875 11 28 08 00  30.51   47.78 1020.1            BASRA
1875 11 29 08 00  30.51   47.78 1018.8            BASRA
1875 11 30 08 00  30.51   47.78 1018.8            BASRA
1875 11 01 08 00  38.66  -27.23  998.8            ANGRA
1875 11 02 08 00  38.66  -27.23 1001.5            ANGRA
1875 11 03 08 00  38.66  -27.23 1010.8            ANGRA
1875 11 04 08 00  38.66  -27.23 1017.5            ANGRA
1875 11 05 08 00  38.66  -27.23 1018.8            ANGRA
1875 11 06 08 00  38.66  -27.23 1018.8            ANGRA
1875 11 07 08 00  38.66  -27.23 1013.5            ANGRA
1875 11 08 08 00  38.66  -27.23 1006.8            ANGRA
1875 11 09 08 00  38.66  -27.23  998.8            ANGRA
1875 11 10 08 00  38.66  -27.23  998.8            ANGRA
1875 11 11 08 00  38.66  -27.23  997.5            ANGRA
1875 11 12 08 00  38.66  -27.23  996.2            ANGRA
1875 11 13 08 00  38.66  -27.23 1005.5            ANGRA
1875 11 14 08 00  38.66  -27.23 1000.2            ANGRA
1875 11 15 08 00  38.66  -27.23 1010.8            ANGRA
1875 11 16 08 00  38.66  -27.23 1016.1            ANGRA
1875 11 17 08 00  38.66  -27.23 1009.5            ANGRA
1875 11 18 08 00  38.66  -27.23 1005.5            ANGRA
1875 11 19 08 00  38.66  -27.23 1010.8            ANGRA
1875 11 20 08 00  38.66  -27.23 1012.1            ANGRA
1875 11 21 08 00  38.66  -27.23 1012.1            ANGRA
1875 11 22 08 00  38.66  -27.23 1010.8            ANGRA
1875 11 23 08 00  38.66  -27.23 1005.5            ANGRA
1875 11 24 08 00  38.66  -27.23 1006.8            ANGRA
1875 11 25 08 00  38.66  -27.23 1012.1            ANGRA
1875 11 26 08 00  38.66  -27.23 1006.8            ANGRA
1875 11 27 08 00  38.66  -27.23 1000.2            ANGRA
1875 11 28 08 00  38.66  -27.23 1002.8            ANGRA
1875 11 29 08 00  38.66  -27.23 1004.2            ANGRA
1875 11 30 08 00  38.66  -27.23 1005.5            ANGRA
1875 11 01 08 00  38.72   -9.14 1006.8           LISBON
1875 11 02 08 00  38.72   -9.14 1001.5           LISBON
1875 11 03 08 00  38.72   -9.14 1008.1           LISBON
1875 11 04 08 00  38.72   -9.14 1013.5           LISBON
1875 11 05 08 00  38.72   -9.14 1013.5           LISBON
1875 11 06 08 00  38.72   -9.14 1010.8           LISBON
1875 11 07 08 00  38.72   -9.14 1008.1           LISBON
1875 11 08 08 00  38.72   -9.14 1006.8           LISBON
1875 11 09 08 00  38.72   -9.14 1004.2           LISBON
1875 11 10 08 00  38.72   -9.14 1002.8           LISBON
1875 11 11 08 00  38.72   -9.14 1006.8           LISBON
1875 11 12 08 00  38.72   -9.14 1009.5           LISBON
1875 11 13 08 00  38.72   -9.14 1005.5           LISBON
1875 11 14 08 00  38.72   -9.14 1005.5           LISBON
1875 11 15 08 00  38.72   -9.14 1006.8           LISBON
1875 11 16 08 00  38.72   -9.14 1010.8           LISBON
1875 11 17 08 00  38.72   -9.14 1013.5           LISBON
1875 11 18 08 00  38.72   -9.14 1013.5           LISBON
1875 11 19 08 00  38.72   -9.14 1010.8           LISBON
1875 11 20 08 00  38.72   -9.14 1004.2           LISBON
1875 11 21 08 00  38.72   -9.14  998.8           LISBON
1875 11 22 08 00  38.72   -9.14 1000.2           LISBON
1875 11 23 08 00  38.72   -9.14 1002.8           LISBON
1875 11 24 08 00  38.72   -9.14  998.8           LISBON
1875 11 25 08 00  38.72   -9.14  998.8           LISBON
1875 11 26 08 00  38.72   -9.14  988.2           LISBON
1875 11 27 08 00  38.72   -9.14 1000.2           LISBON
1875 11 28 08 00  38.72   -9.14  994.8           LISBON
1875 11 29 08 00  38.72   -9.14  989.5           LISBON
1875 11 30 08 00  38.72   -9.14  993.5           LISBON
1875 11 01 08 00  57.20   -2.20 1015.6         ABERDEEN
1875 11 02 08 00  57.20   -2.20 1012.9         ABERDEEN
1875 11 03 08 00  57.20   -2.20 1007.1         ABERDEEN
1875 11 04 08 00  57.20   -2.20 1002.7         ABERDEEN
1875 11 05 08 00  57.20   -2.20 1005.4         ABERDEEN
1875 11 06 08 00  57.20   -2.20  988.8         ABERDEEN
1875 11 07 08 00  57.20   -2.20  983.4         ABERDEEN
1875 11 08 08 00  57.20   -2.20  986.5         ABERDEEN
1875 11 09 08 00  57.20   -2.20  990.9         ABERDEEN
1875 11 10 08 00  57.20   -2.20  988.5         ABERDEEN
1875 11 11 08 00  57.20   -2.20  985.8         ABERDEEN
1875 11 12 08 00  57.20   -2.20  988.1         ABERDEEN
1875 11 13 08 00  57.20   -2.20 1011.9         ABERDEEN
1875 11 14 08 00  57.20   -2.20 1004.7         ABERDEEN
1875 11 15 08 00  57.20   -2.20 1003.7         ABERDEEN
1875 11 16 08 00  57.20   -2.20 1018.6         ABERDEEN
1875 11 17 08 00  57.20   -2.20 1004.4         ABERDEEN
1875 11 18 08 00  57.20   -2.20 1004.7         ABERDEEN
1875 11 19 08 00  57.20   -2.20 1005.8         ABERDEEN
1875 11 20 08 00  57.20   -2.20 1013.5         ABERDEEN
1875 11 21 08 00  57.20   -2.20 1020.0         ABERDEEN
1875 11 22 08 00  57.20   -2.20 1027.4         ABERDEEN
1875 11 23 08 00  57.20   -2.20 1030.5         ABERDEEN
1875 11 24 08 00  57.20   -2.20 1029.1         ABERDEEN
1875 11 25 08 00  57.20   -2.20 1028.8         ABERDEEN
1875 11 26 08 00  57.20   -2.20 1024.0         ABERDEEN
1875 11 27 08 00  57.20   -2.20 1022.4         ABERDEEN
1875 11 28 08 00  57.20   -2.20 1030.5         ABERDEEN
1875 11 29 08 00  57.20   -2.20 1027.8         ABERDEEN
1875 11 30 08 00  57.20   -2.20 1024.7         ABERDEEN
1875 11 01 08 00  45.94   -0.96 1010.8        ROCHEFORT
1875 11 02 08 00  45.94   -0.96 1010.2        ROCHEFORT
1875 11 03 08 00  45.94   -0.96 1012.9        ROCHEFORT
1875 11 04 08 00  45.94   -0.96 1016.3        ROCHEFORT
1875 11 05 08 00  45.94   -0.96 1016.3        ROCHEFORT
1875 11 06 08 00  45.94   -0.96 1005.1        ROCHEFORT
1875 11 07 08 00  45.94   -0.96 1007.8        ROCHEFORT
1875 11 08 08 00  45.94   -0.96 1005.1        ROCHEFORT
1875 11 09 08 00  45.94   -0.96 1009.1        ROCHEFORT
1875 11 10 08 00  45.94   -0.96 1003.7        ROCHEFORT
1875 11 11 08 00  45.94   -0.96  998.6        ROCHEFORT
1875 11 12 08 00  45.94   -0.96 1011.9        ROCHEFORT
1875 11 13 08 00  45.94   -0.96 1017.3        ROCHEFORT
1875 11 14 08 00  45.94   -0.96 1011.5        ROCHEFORT
1875 11 15 08 00  45.94   -0.96 1020.0        ROCHEFORT
1875 11 16 08 00  45.94   -0.96 1024.0        ROCHEFORT
1875 11 17 08 00  45.94   -0.96 1024.4        ROCHEFORT
1875 11 18 08 00  45.94   -0.96 1030.5        ROCHEFORT
1875 11 19 08 00  45.94   -0.96 1030.5        ROCHEFORT
1875 11 20 08 00  45.94   -0.96 1019.3        ROCHEFORT
1875 11 21 08 00  45.94   -0.96 1019.3        ROCHEFORT
1875 11 22 08 00  45.94   -0.96 1016.6        ROCHEFORT
1875 11 23 08 00  45.94   -0.96 1019.3        ROCHEFORT
1875 11 24 08 00  45.94   -0.96 1019.0        ROCHEFORT
1875 11 25 08 00  45.94   -0.96 1015.6        ROCHEFORT
1875 11 26 08 00  45.94   -0.96 1014.9        ROCHEFORT
1875 11 27 08 00  45.94   -0.96 1016.3        ROCHEFORT
1875 11 28 08 00  45.94   -0.96 1018.6        ROCHEFORT
1875 11 29 08 00  45.94   -0.96 1013.5        ROCHEFORT
1875 11 30 08 00  45.94   -0.96 1007.8        ROCHEFORT
1875 11 01 08 00  51.80   -8.30 1004.7      ROCHESPOINT
1875 11 02 08 00  51.80   -8.30 1001.4      ROCHESPOINT
1875 11 03 08 00  51.80   -8.30  998.3      ROCHESPOINT
1875 11 04 08 00  51.80   -8.30 1005.8      ROCHESPOINT
1875 11 05 08 00  51.80   -8.30 1012.2      ROCHESPOINT
1875 11 06 08 00  51.80   -8.30 1005.8      ROCHESPOINT
1875 11 07 08 00  51.80   -8.30  999.7      ROCHESPOINT
1875 11 08 08 00  51.80   -8.30  990.9      ROCHESPOINT
1875 11 09 08 00  51.80   -8.30 1002.4      ROCHESPOINT
1875 11 10 08 00  51.80   -8.30  986.1      ROCHESPOINT
1875 11 11 08 00  51.80   -8.30  981.4      ROCHESPOINT
1875 11 12 08 00  51.80   -8.30 1003.4      ROCHESPOINT
1875 11 13 08 00  51.80   -8.30 1011.5      ROCHESPOINT
1875 11 14 08 00  51.80   -8.30  984.8      ROCHESPOINT
1875 11 15 08 00  51.80   -8.30 1015.9      ROCHESPOINT
1875 11 16 08 00  51.80   -8.30 1016.9      ROCHESPOINT
1875 11 17 08 00  51.80   -8.30 1008.1      ROCHESPOINT
1875 11 18 08 00  51.80   -8.30 1016.9      ROCHESPOINT
1875 11 19 08 00  51.80   -8.30 1020.7      ROCHESPOINT
1875 11 20 08 00  51.80   -8.30 1024.7      ROCHESPOINT
1875 11 21 08 00  51.80   -8.30 1027.4      ROCHESPOINT
1875 11 22 08 00  51.80   -8.30 1023.7      ROCHESPOINT
1875 11 23 08 00  51.80   -8.30 1027.1      ROCHESPOINT
1875 11 24 08 00  51.80   -8.30 1025.4      ROCHESPOINT
1875 11 25 08 00  51.80   -8.30 1020.3      ROCHESPOINT
1875 11 26 08 00  51.80   -8.30 1017.9      ROCHESPOINT
1875 11 27 08 00  51.80   -8.30 1017.6      ROCHESPOINT
1875 11 28 08 00  51.80   -8.30 1020.0      ROCHESPOINT
1875 11 29 08 00  51.80   -8.30 1019.3      ROCHESPOINT
1875 11 30 08 00  51.80   -8.30 1019.0      ROCHESPOINT
1875 11 01 08 00  50.38   -4.14 1008.1         PLYMOUTH
1875 11 02 08 00  50.38   -4.14 1006.1         PLYMOUTH
1875 11 03 08 00  50.38   -4.14 1004.4         PLYMOUTH
1875 11 04 08 00  50.38   -4.14 1010.5         PLYMOUTH
1875 11 05 08 00  50.38   -4.14 1014.9         PLYMOUTH
1875 11 06 08 00  50.38   -4.14  996.3         PLYMOUTH
1875 11 07 08 00  50.38   -4.14 1001.4         PLYMOUTH
1875 11 08 08 00  50.38   -4.14  997.0         PLYMOUTH
1875 11 09 08 00  50.38   -4.14  993.6         PLYMOUTH
1875 11 10 08 00  50.38   -4.14  976.0         PLYMOUTH
1875 11 11 08 00  50.38   -4.14  988.5         PLYMOUTH
1875 11 12 08 00  50.38   -4.14 1011.2         PLYMOUTH
1875 11 13 08 00  50.38   -4.14 1001.4         PLYMOUTH
1875 11 14 08 00  50.38   -4.14  989.5         PLYMOUTH
1875 11 15 08 00  50.38   -4.14 1023.4         PLYMOUTH
1875 11 16 08 00  50.38   -4.14 1015.9         PLYMOUTH
1875 11 17 08 00  50.38   -4.14 1019.3         PLYMOUTH
1875 11 18 08 00  50.38   -4.14 1023.7         PLYMOUTH
1875 11 19 08 00  50.38   -4.14 1015.2         PLYMOUTH
1875 11 20 08 00  50.38   -4.14 1020.3         PLYMOUTH
1875 11 21 08 00  50.38   -4.14 1019.3         PLYMOUTH
1875 11 22 08 00  50.38   -4.14 1022.7         PLYMOUTH
1875 11 23 08 00  50.38   -4.14 1023.7         PLYMOUTH
1875 11 24 08 00  50.38   -4.14 1021.0         PLYMOUTH
1875 11 25 08 00  50.38   -4.14 1016.9         PLYMOUTH
1875 11 26 08 00  50.38   -4.14 1015.9         PLYMOUTH
1875 11 27 08 00  50.38   -4.14 1017.6         PLYMOUTH
1875 11 28 08 00  50.38   -4.14 1019.0         PLYMOUTH
1875 11 29 08 00  50.38   -4.14 1015.2         PLYMOUTH
1875 11 30 08 00  50.38   -4.14 1012.9         PLYMOUTH
1875 11 01 08 00  41.90   12.50 1008.1             ROME
1875 11 02 08 00  41.90   12.50 1008.5             ROME
1875 11 03 08 00  41.90   12.50 1012.9             ROME
1875 11 04 08 00  41.90   12.50 1014.1             ROME
1875 11 05 08 00  41.90   12.50 1013.9             ROME
1875 11 06 08 00  41.90   12.50 1013.5             ROME
1875 11 07 08 00  41.90   12.50 1004.7             ROME
1875 11 08 08 00  41.90   12.50 1006.4             ROME
1875 11 09 08 00  41.90   12.50 1008.3             ROME
1875 11 10 08 00  41.90   12.50 1013.5             ROME
1875 11 11 08 00  41.90   12.50 1009.5             ROME
1875 11 12 08 00  41.90   12.50 1009.9             ROME
1875 11 13 08 00  41.90   12.50 1018.6             ROME
1875 11 14 08 00  41.90   12.50 1023.0             ROME
1875 11 15 08 00  41.90   12.50 1017.1             ROME
1875 11 16 08 00  41.90   12.50 1016.1             ROME
1875 11 17 08 00  41.90   12.50 1022.8             ROME
1875 11 18 08 00  41.90   12.50 1016.8             ROME
1875 11 19 08 00  41.90   12.50 1013.5             ROME
1875 11 20 08 00  41.90   12.50  997.8             ROME
1875 11 21 08 00  41.90   12.50  995.1             ROME
1875 11 22 08 00  41.90   12.50 1007.5             ROME
1875 11 23 08 00  41.90   12.50 1012.1             ROME
1875 11 24 08 00  41.90   12.50 1013.3             ROME
1875 11 25 08 00  41.90   12.50 1005.1             ROME
1875 11 26 08 00  41.90   12.50  993.5             ROME
1875 11 27 08 00  41.90   12.50 1010.0             ROME
1875 11 28 08 00  41.90   12.50 1001.0             ROME
1875 11 29 08 00  41.90   12.50 1002.0             ROME
1875 11 30 08 00  41.90   12.50  996.4             ROME
1875 11 01 08 00  48.39   -4.49 1007.1            BREST
1875 11 02 08 00  48.39   -4.49 1008.0            BREST
1875 11 03 08 00  48.39   -4.49 1004.2            BREST
1875 11 04 08 00  48.39   -4.49 1013.1            BREST
1875 11 05 08 00  48.39   -4.49 1016.5            BREST
1875 11 06 08 00  48.39   -4.49 1003.0            BREST
1875 11 07 08 00  48.39   -4.49 1004.9            BREST
1875 11 08 08 00  48.39   -4.49 1000.8            BREST
1875 11 09 08 00  48.39   -4.49  992.3            BREST
1875 11 10 08 00  48.39   -4.49  987.3            BREST
1875 11 11 08 00  48.39   -4.49  992.7            BREST
1875 11 12 08 00  48.39   -4.49 1013.5            BREST
1875 11 13 08 00  48.39   -4.49 1004.3            BREST
1875 11 14 08 00  48.39   -4.49 1002.2            BREST
1875 11 15 08 00  48.39   -4.49 1022.1            BREST
1875 11 16 08 00  48.39   -4.49 1014.8            BREST
1875 11 17 08 00  48.39   -4.49 1021.4            BREST
1875 11 18 08 00  48.39   -4.49 1026.0            BREST
1875 11 19 08 00  48.39   -4.49 1020.9            BREST
1875 11 20 08 00  48.39   -4.49 1018.8            BREST
1875 11 21 08 00  48.39   -4.49 1017.5            BREST
1875 11 22 08 00  48.39   -4.49 1018.6            BREST
1875 11 23 08 00  48.39   -4.49 1019.4            BREST
1875 11 24 08 00  48.39   -4.49 1017.5            BREST
1875 11 25 08 00  48.39   -4.49 1013.5            BREST
1875 11 26 08 00  48.39   -4.49 1012.7            BREST
1875 11 27 08 00  48.39   -4.49 1014.4            BREST
1875 11 28 08 00  48.39   -4.49 1013.1            BREST
1875 11 29 08 00  48.39   -4.49 1009.3            BREST
1875 11 30 08 00  48.39   -4.49 1007.1            BREST
1875 11 01 08 00  45.76    4.84 1011.9            LYONS
1875 11 02 08 00  45.76    4.84 1013.5            LYONS
1875 11 03 08 00  45.76    4.84 1015.1            LYONS
1875 11 04 08 00  45.76    4.84 1017.2            LYONS
1875 11 05 08 00  45.76    4.84 1014.5            LYONS
1875 11 06 08 00  45.76    4.84 1009.6            LYONS
1875 11 07 08 00  45.76    4.84 1008.1            LYONS
1875 11 08 08 00  45.76    4.84  998.3            LYONS
1875 11 09 08 00  45.76    4.84 1005.1            LYONS
1875 11 10 08 00  45.76    4.84 1003.4            LYONS
1875 11 11 08 00  45.76    4.84 1000.3            LYONS
1875 11 12 08 00  45.76    4.84 1016.1            LYONS
1875 11 14 08 00  45.76    4.84 1013.2            LYONS
1875 11 15 08 00  45.76    4.84 1022.0            LYONS
1875 11 16 08 00  45.76    4.84 1022.8            LYONS
1875 11 17 08 00  45.76    4.84 1017.6            LYONS
1875 11 18 08 00  45.76    4.84 1024.9            LYONS
1875 11 19 08 00  45.76    4.84 1023.8            LYONS
1875 11 20 08 00  45.76    4.84 1009.6            LYONS
1875 11 21 08 00  45.76    4.84 1006.3            LYONS
1875 11 22 08 00  45.76    4.84 1009.7            LYONS
1875 11 23 08 00  45.76    4.84 1014.3            LYONS
1875 11 24 08 00  45.76    4.84 1014.7            LYONS
1875 11 25 08 00  45.76    4.84 1010.9            LYONS
1875 11 26 08 00  45.76    4.84 1014.8            LYONS
1875 11 27 08 00  45.76    4.84 1013.9            LYONS
1875 11 28 08 00  45.76    4.84 1011.6            LYONS
1875 11 29 08 00  45.76    4.84 1007.5            LYONS
1875 11 30 08 00  45.76    4.84 1002.6            LYONS
1875 11 01 08 00  43.12    5.93 1010.8           TOULON
1875 11 02 08 00  43.12    5.93 1010.5           TOULON
1875 11 03 08 00  43.12    5.93 1014.9           TOULON
1875 11 04 08 00  43.12    5.93 1016.6           TOULON
1875 11 05 08 00  43.12    5.93 1015.2           TOULON
1875 11 06 08 00  43.12    5.93 1016.6           TOULON
1875 11 07 08 00  43.12    5.93 1009.8           TOULON
1875 11 08 08 00  43.12    5.93 1009.5           TOULON
1875 11 09 08 00  43.12    5.93 1006.4           TOULON
1875 11 10 08 00  43.12    5.93 1011.5           TOULON
1875 11 11 08 00  43.12    5.93 1009.8           TOULON
1875 11 12 08 00  43.12    5.93 1009.8           TOULON
1875 11 13 08 00  43.12    5.93 1017.6           TOULON
1875 11 14 08 00  43.12    5.93 1020.3           TOULON
1875 11 15 08 00  43.12    5.93 1005.4           TOULON
1875 11 16 08 00  43.12    5.93 1017.9           TOULON
1875 11 17 08 00  43.12    5.93 1025.1           TOULON
1875 11 18 08 00  43.12    5.93 1021.7           TOULON
1875 11 19 08 00  43.12    5.93 1016.6           TOULON
1875 11 20 08 00  43.12    5.93 1010.8           TOULON
1875 11 21 08 00  43.12    5.93 1003.7           TOULON
1875 11 22 08 00  43.12    5.93 1001.7           TOULON
1875 11 23 08 00  43.12    5.93 1008.5           TOULON
1875 11 24 08 00  43.12    5.93 1012.2           TOULON
1875 11 25 08 00  43.12    5.93 1012.9           TOULON
1875 11 26 08 00  43.12    5.93 1003.4           TOULON
1875 11 27 08 00  43.12    5.93 1005.4           TOULON
1875 11 28 08 00  43.12    5.93 1008.8           TOULON
1875 11 29 08 00  43.12    5.93 1003.4           TOULON
1875 11 30 08 00  43.12    5.93 1000.0           TOULON
1875 11 01 08 00  33.31   44.36 1021.4          BAGHDAD
1875 11 02 08 00  33.31   44.36 1022.8          BAGHDAD
1875 11 03 08 00  33.31   44.36 1025.4          BAGHDAD
1875 11 04 08 00  33.31   44.36 1025.4          BAGHDAD
1875 11 05 08 00  33.31   44.36 1024.1          BAGHDAD
1875 11 06 08 00  33.31   44.36 1028.1          BAGHDAD
1875 11 07 08 00  33.31   44.36 1032.1          BAGHDAD
1875 11 08 08 00  33.31   44.36 1030.8          BAGHDAD
1875 11 09 08 00  33.31   44.36 1024.1          BAGHDAD
1875 11 10 08 00  33.31   44.36 1022.8          BAGHDAD
1875 11 11 08 00  33.31   44.36 1025.4          BAGHDAD
1875 11 12 08 00  33.31   44.36 1026.8          BAGHDAD
1875 11 13 08 00  33.31   44.36 1028.1          BAGHDAD
1875 11 14 08 00  33.31   44.36 1022.8          BAGHDAD
1875 11 15 08 00  33.31   44.36 1024.1          BAGHDAD
1875 11 16 08 00  33.31   44.36 1029.4          BAGHDAD
1875 11 17 08 00  33.31   44.36 1036.1          BAGHDAD
1875 11 18 08 00  33.31   44.36 1032.1          BAGHDAD
1875 11 19 08 00  33.31   44.36 1032.1          BAGHDAD
1875 11 20 08 00  33.31   44.36 1026.8          BAGHDAD
1875 11 21 08 00  33.31   44.36 1025.4          BAGHDAD
1875 11 22 08 00  33.31   44.36 1022.8          BAGHDAD
1875 11 23 08 00  33.31   44.36 1022.8          BAGHDAD
1875 11 24 08 00  33.31   44.36 1024.1          BAGHDAD
1875 11 25 08 00  33.31   44.36 1022.8          BAGHDAD
1875 11 26 08 00  33.31   44.36 1025.4          BAGHDAD
1875 11 27 08 00  33.31   44.36 1026.8          BAGHDAD
1875 11 28 08 00  33.31   44.36 1029.4          BAGHDAD
1875 11 29 08 00  33.31   44.36 1030.8          BAGHDAD
1875 11 30 08 00  33.31   44.36 1028.1          BAGHDAD
1875 11 01 08 00  58.20   -6.30 1009.5        STORNOWAY
1875 11 02 08 00  58.20   -6.30 1000.2        STORNOWAY
1875 11 03 08 00  58.20   -6.30  998.8        STORNOWAY
1875 11 04 08 00  58.20   -6.30  996.2        STORNOWAY
1875 11 05 08 00  58.20   -6.30  990.9        STORNOWAY
1875 11 06 08 00  58.20   -6.30  982.9        STORNOWAY
1875 11 07 08 00  58.20   -6.30  990.9        STORNOWAY
1875 11 08 08 00  58.20   -6.30  990.9        STORNOWAY
1875 11 09 08 00  58.20   -6.30  986.9        STORNOWAY
1875 11 10 08 00  58.20   -6.30  981.5        STORNOWAY
1875 11 11 08 00  58.20   -6.30  981.5        STORNOWAY
1875 11 12 08 00  58.20   -6.30 1005.5        STORNOWAY
1875 11 13 08 00  58.20   -6.30 1006.8        STORNOWAY
1875 11 14 08 00  58.20   -6.30 1000.2        STORNOWAY
1875 11 15 08 00  58.20   -6.30 1012.1        STORNOWAY
1875 11 16 08 00  58.20   -6.30 1001.5        STORNOWAY
1875 11 17 08 00  58.20   -6.30  994.8        STORNOWAY
1875 11 18 08 00  58.20   -6.30 1004.2        STORNOWAY
1875 11 19 08 00  58.20   -6.30 1004.2        STORNOWAY
1875 11 20 08 00  58.20   -6.30 1025.4        STORNOWAY
1875 11 21 08 00  58.20   -6.30 1025.4        STORNOWAY
1875 11 22 08 00  58.20   -6.30 1028.1        STORNOWAY
1875 11 23 08 00  58.20   -6.30 1028.1        STORNOWAY
1875 11 24 08 00  58.20   -6.30 1028.1        STORNOWAY
1875 11 25 08 00  58.20   -6.30 1025.4        STORNOWAY
1875 11 26 08 00  58.20   -6.30 1020.1        STORNOWAY
1875 11 27 08 00  58.20   -6.30 1025.4        STORNOWAY
1875 11 28 08 00  58.20   -6.30 1028.1        STORNOWAY
1875 11 29 08 00  58.20   -6.30 1025.4        STORNOWAY
1875 11 30 08 00  58.20   -6.30 1025.4        STORNOWAY
1875 11 01 08 00  32.67  -16.92 1014.8          FUNCHAL
1875 11 02 08 00  32.67  -16.92 1012.1          FUNCHAL
1875 11 03 08 00  32.67  -16.92 1017.5          FUNCHAL
1875 11 04 08 00  32.67  -16.92 1020.1          FUNCHAL
1875 11 05 08 00  32.67  -16.92 1018.8          FUNCHAL
1875 11 06 08 00  32.67  -16.92 1020.1          FUNCHAL
1875 11 07 08 00  32.67  -16.92 1018.8          FUNCHAL
1875 11 08 08 00  32.67  -16.92 1017.5          FUNCHAL
1875 11 09 08 00  32.67  -16.92 1014.8          FUNCHAL
1875 11 10 08 00  32.67  -16.92 1016.1          FUNCHAL
1875 11 11 08 00  32.67  -16.92 1017.5          FUNCHAL
1875 11 12 08 00  32.67  -16.92 1014.8          FUNCHAL
1875 11 13 08 00  32.67  -16.92 1008.1          FUNCHAL
1875 11 14 08 00  32.67  -16.92 1008.1          FUNCHAL
1875 11 15 08 00  32.67  -16.92 1013.5          FUNCHAL
1875 11 16 08 00  32.67  -16.92 1017.5          FUNCHAL
1875 11 17 08 00  32.67  -16.92 1017.5          FUNCHAL
1875 11 18 08 00  32.67  -16.92 1016.1          FUNCHAL
1875 11 19 08 00  32.67  -16.92 1014.8          FUNCHAL
1875 11 20 08 00  32.67  -16.92 1013.5          FUNCHAL
1875 11 21 08 00  32.67  -16.92 1010.8          FUNCHAL
1875 11 22 08 00  32.67  -16.92 1010.8          FUNCHAL
1875 11 23 08 00  32.67  -16.92 1010.8          FUNCHAL
1875 11 24 08 00  32.67  -16.92 1008.1          FUNCHAL
1875 11 25 08 00  32.67  -16.92 1009.5          FUNCHAL
1875 11 26 08 00  32.67  -16.92 1006.8          FUNCHAL
1875 11 27 08 00  32.67  -16.92 1012.1          FUNCHAL
1875 11 28 08 00  32.67  -16.92 1008.1          FUNCHAL
1875 11 29 08 00  32.67  -16.92 1009.5          FUNCHAL
1875 11 30 08 00  32.67  -16.92 1012.1          FUNCHAL
1875 11 01 08 00  33.89   35.50 1010.8           BEIRUT
1875 11 02 08 00  33.89   35.50 1013.5           BEIRUT
1875 11 03 08 00  33.89   35.50 1012.1           BEIRUT
1875 11 04 08 00  33.89   35.50 1010.8           BEIRUT
1875 11 05 08 00  33.89   35.50 1016.1           BEIRUT
1875 11 06 08 00  33.89   35.50 1018.8           BEIRUT
1875 11 07 08 00  33.89   35.50 1016.1           BEIRUT
1875 11 08 08 00  33.89   35.50 1013.5           BEIRUT
1875 11 09 08 00  33.89   35.50 1010.8           BEIRUT
1875 11 10 08 00  33.89   35.50 1012.1           BEIRUT
1875 11 11 08 00  33.89   35.50 1016.1           BEIRUT
1875 11 12 08 00  33.89   35.50 1014.8           BEIRUT
1875 11 13 08 00  33.89   35.50 1012.1           BEIRUT
1875 11 14 08 00  33.89   35.50 1016.1           BEIRUT
1875 11 15 08 00  33.89   35.50 1012.1           BEIRUT
1875 11 16 08 00  33.89   35.50 1018.8           BEIRUT
1875 11 17 08 00  33.89   35.50 1020.1           BEIRUT
1875 11 18 08 00  33.89   35.50 1013.5           BEIRUT
1875 11 19 08 00  33.89   35.50 1012.1           BEIRUT
1875 11 20 08 00  33.89   35.50 1010.8           BEIRUT
1875 11 21 08 00  33.89   35.50 1012.1           BEIRUT
1875 11 22 08 00  33.89   35.50 1016.1           BEIRUT
1875 11 23 08 00  33.89   35.50 1016.1           BEIRUT
1875 11 24 08 00  33.89   35.50 1014.8           BEIRUT
1875 11 25 08 00  33.89   35.50 1013.5           BEIRUT
1875 11 26 08 00  33.89   35.50 1013.5           BEIRUT
1875 11 27 08 00  33.89   35.50 1013.5           BEIRUT
1875 11 28 08 00  33.89   35.50 1016.1           BEIRUT
1875 11 29 08 00  33.89   35.50 1012.1           BEIRUT
1875 11 30 08 00  33.89   35.50 1013.5           BEIRUT
1875 11 01 08 00  55.20   -6.99 1010.8      GREENCASTLE
1875 11 02 08 00  55.20   -6.99 1005.4      GREENCASTLE
1875 11 02 14 00  55.20   -6.99 1007.5      GREENCASTLE
1875 11 03 08 00  55.20   -6.99  998.0      GREENCASTLE
1875 11 03 14 00  55.20   -6.99  997.3      GREENCASTLE
1875 11 04 08 00  55.20   -6.99 1000.3      GREENCASTLE
1875 11 04 14 00  55.20   -6.99  998.0      GREENCASTLE
1875 11 05 08 00  55.20   -6.99 1008.8      GREENCASTLE
1875 11 05 14 00  55.20   -6.99 1006.1      GREENCASTLE
1875 11 06 08 00  55.20   -6.99  998.6      GREENCASTLE
1875 11 06 14 00  55.20   -6.99  999.7      GREENCASTLE
1875 11 07 08 00  55.20   -6.99  991.9      GREENCASTLE
1875 11 07 14 00  55.20   -6.99  987.5      GREENCASTLE
1875 11 08 08 00  55.20   -6.99  994.2      GREENCASTLE
1875 11 09 08 00  55.20   -6.99  998.6      GREENCASTLE
1875 11 09 14 00  55.20   -6.99  999.3      GREENCASTLE
1875 11 10 08 00  55.20   -6.99  990.5      GREENCASTLE
1875 11 10 14 00  55.20   -6.99  992.2      GREENCASTLE
1875 11 11 08 00  55.20   -6.99  987.5      GREENCASTLE
1875 11 12 08 00  55.20   -6.99  995.3      GREENCASTLE
1875 11 12 14 00  55.20   -6.99  992.2      GREENCASTLE
1875 11 13 08 00  55.20   -6.99 1014.2      GREENCASTLE
1875 11 13 14 00  55.20   -6.99 1014.2      GREENCASTLE
1875 11 14 08 00  55.20   -6.99  993.9      GREENCASTLE
1875 11 14 14 00  55.20   -6.99  999.3      GREENCASTLE
1875 11 15 08 00  55.20   -6.99 1011.9      GREENCASTLE
1875 11 16 08 00  55.20   -6.99 1016.6      GREENCASTLE
1875 11 16 14 00  55.20   -6.99 1019.3      GREENCASTLE
1875 11 17 08 00  55.20   -6.99 1001.7      GREENCASTLE
1875 11 17 14 00  55.20   -6.99 1001.0      GREENCASTLE
1875 11 18 08 00  55.20   -6.99 1003.4      GREENCASTLE
1875 11 18 14 00  55.20   -6.99 1002.0      GREENCASTLE
1875 11 19 08 00  55.20   -6.99 1007.8      GREENCASTLE
1875 11 19 14 00  55.20   -6.99  993.9      GREENCASTLE
1875 11 20 08 00  55.20   -6.99 1020.7      GREENCASTLE
1875 11 20 14 00  55.20   -6.99 1015.6      GREENCASTLE
1875 11 21 08 00  55.20   -6.99 1027.1      GREENCASTLE
1875 11 21 14 00  55.20   -6.99 1026.8      GREENCASTLE
1875 11 22 08 00  55.20   -6.99 1027.1      GREENCASTLE
1875 11 23 08 00  55.20   -6.99 1029.5      GREENCASTLE
1875 11 23 14 00  55.20   -6.99 1029.5      GREENCASTLE
1875 11 24 08 00  55.20   -6.99 1028.4      GREENCASTLE
1875 11 24 14 00  55.20   -6.99 1028.4      GREENCASTLE
1875 11 25 08 00  55.20   -6.99 1025.1      GREENCASTLE
1875 11 25 14 00  55.20   -6.99 1027.1      GREENCASTLE
1875 11 26 08 00  55.20   -6.99 1023.0      GREENCASTLE
1875 11 26 14 00  55.20   -6.99 1023.0      GREENCASTLE
1875 11 27 08 00  55.20   -6.99 1020.3      GREENCASTLE
1875 11 27 14 00  55.20   -6.99 1018.3      GREENCASTLE
1875 11 28 08 00  55.20   -6.99 1024.4      GREENCASTLE
1875 11 28 14 00  55.20   -6.99 1026.4      GREENCASTLE
1875 11 29 08 00  55.20   -6.99 1027.8      GREENCASTLE
1875 11 30 08 00  55.20   -6.99 1023.7      GREENCASTLE
1875 11 30 14 00  55.20   -6.99 1023.7      GREENCASTLE
