01 30062 30053 30042 30033 30024 30020 30015 30004 29982 29960 29933 29907 29877 29845 29827 29803 29783 29773 29759 29754 29757 29735 29726 29713
02 29698 29681 29661 29659 29651 29648 29650 29652 29643 29622 29611 29605 29594 29579 29573 29565 29551 29552 29560 29573 29571 29571 29566 29561
03 29551 29535 29523 29519 29520 29523 29524 29531 29530 29531 29538 29544 29543 29549 29558 29573 29578 29584 29588 29605 29626 29635 29639 29645
04 29647 29655 29658 29664 29678 29689 29698 29715 29724 29736 29745 29750 29752 29753 29749 29750 29751 29757 29763 29767 29777 29768 29765 29763
05 29759 29754 29747 29748 29757 29763 29769 29777 29783 29786 29788 29777 29774 29774 29778 29787 29782 29784 29774 29773 29774 29776 29764 29760
06 29750 29738 29730 29728 29725 29728 29733 29738 29739 29735 29728 29724 29711 29708 29702 29683 29677 29668 29656 29654 29649 29633 29619 29594
07 29572 29538 29510 29491 29484 29496 29497 29504 29508 29515 29521 29524 29531 29543 29555 29567 29578 29592 29613 29635 29655 29661 29667 29672
08 29683 29687 29685 29695 29703 29716 29731 29747 29755 29760 29761 29764 29765 29764 29765 29775 29774 29779 29789 29790 29799 29796 29793 29789
09 29791 29795 29797 29799 29803 29814 29821 29831 29837 29843 29852 29858 29862 29865 29872 29879 29883 29908 29914 29928 29946 29959 29966 29976
10 29975 29986 29999 30004 30016 30025 30036 30055 30062 30064 30073 30080 30076 30076 30074 30080 30090 30096 30102 30104 30118 30126 30132 30125
11 30131 30130 30131 30132 30141 30147 30150 30154 30147 30150 30148 30150 30146 30148 30153 30156 30158 30153 30160 30164 30182 30190 30194 30196
12 30200 30210 30214 30225 30236 30253 30261 30271 30270 30271 30272 30273 30274 30275 30276 30271 30265 30263 30264 30262 30285 30295 30297 30305
13 30299 30296 30295 30293 30287 30291 30292 30289 30285 30264 30248 30235 30220 30201 30186 30169 30147 30137 30133 30139 30143 30139 30145 30143
14 30143 30149 30158 30171 30173 30185 30200 30205 30213 30212 30225 30226 30224 30226 30224 30218 30222 30216 30222 30241 30264 30278 30287 30291
15 30291 30287 30282 30278 30281 30284 30279 30281 30276 30268 30266 30256 30246 30240 30233 30213 30214 30215 30220 30221 30224 30230 30233 30234
16 30224 30220 30206 30206 30193 30193 30186 30184 30173 30169 30157 30149 30138 30120 30126 30134 30136 30137 30136 30143 30145 30154 30156 30154
17 30152 30148 30146 30141 30143 30146 30147 30152 30154 30153 30155 30152 30144 30140 30133 30126 30122 30121 30128 30136 30148 30149 30152 30156
18 30152 30156 30161 30162 30162 30161 30172 30178 30175 30175 30172 30175 30173 30171 30160 30158 30160 30161 30171 30178 30186 30191 30195 30200
19 30202 30200 30198 30200 30198 30199 30206 30210 30213 30212 30212 30208 30203 30200 30192 30180 30182 30181 30179 30188 30196 30193 30190 30188
20 30189 30183 30176 30177 30174 30180 30186 30188 30190 30194 30196 30184 30182 30173 30168 30163 30168 30166 30167 30170 30165 30169 30164 30163
21 30158 30156 30154 30158 30164 30170 30178 30184 30186 30183 30177 30175 30165 30159 30157 30153 30139 30141 30145 30151 30157 30158 30151 30145
22 30144 30135 30131 30132 30136 30135 30134 30131 30127 30122 30113 30097 30087 30091 30075 30074 30075 30072 30073 30077 30086 30092 30081 30071
23 30059 30055 30039 30035 30034 30031 30039 30037 30034 30027 30018 30010 30001 29998 29992 29983 29974 29968 29971 29977 29982 29982 29983 29986
24 29982 29970 29973 29971 29973 29980 29983 29976 29970 29965 29962 29942 29930 29919 29911 29905 29899 29895 29897 29895 29898 29908 29907 29898
25 29895 29894 29906 29912 29917 29928 29941 29958 29978 29993 30014 30009 30016 30017 30020 30023 30031 30038 30051 30069 30093 30107 30117 30128
26 30135 30139 30136 30139 30145 30154 30157 30162 30157 30152 30144 30133 30125 30110 30095 30086 30075 30071 30083 30094 30105 30105 30103 30101
27 30098 30099 30093 30094 30103 30110 30113 30115 30117 30110 30108 30106 30100 30094 30088 30089 30090 30098 30110 30126 30145 30157 30166 30171
28 30176 30177 30170 30168 30174 30173 30174 30176 30178 30179 30170 30169 30162 30154 30152 30144 30132 30126 30122 30124 30129 30111 30094 30081
29 30074 30042 30032 30028 30015 29989 29972 29970 29966 29968 29961 29963 29960 29959 29953 29947 29950 29955 29965 29977 29993 30003 30013 30015
30 30015 30021 30017 30029 30047 30053 30061 30065 30073 30074 30072 30068 30063 30067 30066 30062 30060 30070 30078 30087 30114 30129 30134 30136
