01 30051 30056 30066 30071 30082 30083 30095 30101 30113 30118 30126 30124 30121 30122 30120 30120 30118 30121 30122 30125 30125 30127 30125 30124
02 30115 30110 30099 30100 30095 30094 30095 30097 30096 30088 30075 30066 30066 30056 30050 30040 30026 30017 30016 30016 30018 30020 30013 30011
03 30000 29984 29971 29969 29969 29970 29972 29975 29970 29965 29963 29953 29944 29935 29926 29913 29903 29897 29901 29906 29919 29924 29922 29926
04 29921 29913 29916 29907 29904 29909 29909 29910 29911 29925 29919 29916 29903 29895 29886 29880 29870 29871 29876 29878 29885 29878 29878 29870
05 29870 29860 29847 29845 29833 29839 29846 29850 29850 29868 29869 29862 29843 29845 29839 29830 29820 29817 29815 29838 29832 29831 29839 29808
06 29806 29793 29770 29759 29762 29773 29757 29779 29786 29767 29778 29773 29767 29763 29767 29760 29760 29761 29763 29759 29759 29765 29767 29768
07 29759 29760 29767 29765 29763 29772 29778 29779 29778 29794 29801 29802 29806 29808 29806 29808 29809 29809 29818 29820 29833 29837 29839 29837
08 29827 29829 29825 29826 29825 29827 29835 29831 29833 29833 29830 29834 29826 29823 29824 29818 29822 29822 29826 29833 29846 29854 29853 29852
09 29840 29830 29822 29830 29824 29823 29825 29830 29830 29834 29844 29851 29848 29839 29845 29846 29836 29829 29819 29811 29811 29797 29783 29763
10 29747 29723 29711 29697 29691 29685 29683 29689 29689 29687 29683 29673 29656 29641 29631 29617 29613 29607 29599 29595 29593 29593 29593 29573
11 29559 29547 29526 29506 29495 29491 29486 29463 29457 29479 29506 29514 29530 29540 29540 29552 29564 29590 29616 29622 29632 29640 29638 29646
12 29638 29632 29624 29618 29623 29618 29616 29616 29618 29626 29628 29628 29640 29642 29643 29650 29654 29668 29680 29690 29706 29716 29722 29728
13 29720 29718 29710 29714 29718 29722 29712 29723 29713 29722 29707 29713 29719 29713 29697 29699 29673 29649 29643 29641 29615 29595 29585 29597
14 29587 29573 29560 29563 29559 29569 29565 29581 29577 29570 29574 29560 29552 29556 29554 29548 29564 29572 29568 29563 29574 29568 29556 29566
15 29568 29572 29566 29572 29580 29588 29596 29600 29606 29606 29619 29617 29609 29607 29609 29604 29599 29597 29584 29573 29553 29537 29491 29457
16 29407 29363 29329 29309 29289 29285 29273 29277 29261 29257 29251 29249 29255 29249 29247 29235 29239 29243 29247 29249 29247 29231 29229 29215
17 29213 29221 29205 29211 29227 29247 29257 29277 29287 29295 29310 29316 29340 29372 29402 29428 29446 29470 29485 29526 29546 29562 29570 29576
18 29582 29594 29596 29605 29605 29615 29612 29618 29620 29630 29635 29639 29663 29671 29681 29697 29723 29741 29739 29755 29771 29795 29821 29839
19 29849 29861 29867 29885 29899 29923 29933 29951 29969 29977 29988 29994 30016 30008 30012 30020 30026 30024 30038 30040 30050 30058 30068 30066
20 30068 30056 30061 30061 30058 30064 30062 30061 30054 30056 30054 30046 30041 30041 30032 30026 30014 30014 30008 30000 29992 29990 29970 29956
21 29936 29920 29900 29894 29880 29862 29850 29848 29840 29841 29845 29838 29829 29835 29835 29833 29831 29829 29827 29835 29841 29843 29839 29839
22 29839 29825 29811 29799 29797 29793 29795 29791 29785 29781 29773 29773 29765 29753 29745 29737 29726 29721 29705 29701 29695 29687 29687 29685
23 29675 29663 29645 29637 29625 29609 29601 29577 29561 29546 29536 29510 29498 29474 29464 29462 29444 29434 29418 29428 29430 29426 29420 29408
24 29404 29394 29388 29394 29394 29394 29388 29394 29390 29404 29419 29431 29455 29467 29475 29489 29509 29535 29563 29585 29603 29627 29643 29661
25 29669 29689 29697 29715 29743 29759 29773 29785 29796 29811 29816 29828 29834 29854 29850 29854 29860 29870 29878 29892 29902 29910 29908 29908
26 29904 29898 29882 29886 29888 29882 29880 29880 29875 29864 29854 29844 29838 29832 29828 29828 29822 29818 29812 29806 29808 29808 29806 29802
27 29806 29800 29803 29808 29810 29824 29838 29862 29868 29880 29901 29917 29927 29933 29945 29945 29957 29959 29975 29987 30001 29999 30003 29999
28 30002 30001 29991 29985 29983 29981 29975 29972 29969 29961 29942 29936 29918 29908 29890 29888 29882 29908 29912 29918 29922 29916 29924 29928
29 29936 29940 29944 29946 29956 29968 29982 29992 30004 30014 30023 30027 30041 30045 30051 30053 30056 30066 30071 30073 30081 30083 30081 30083
30 30076 30071 30065 30061 30057 30057 30053 30053 30046 30039 30031 30025 30019 30017 30015 30003 29993 29993 29987 29991 29989 29983 29972 29973
31 29957 29965 29967 29963 29967 29972 29985 29993 30015 30027 30029 30035 30033 30045 30059 30063 30065 30075 30079 30091 30087 30091 30091 30083
