01 29692 29702 29708 29691 29686 29682 29671 29657 29653 29654 29654 29649 29643 29667 29690 29709 29733 29744 29753 29748 29748 29745 29718 29689
02 29663 29636 29597 29568 29538 29535 29527 29526 29553 29581 29606 29633 29642 29666 29672 29686 29691 29697 29706 29716 29717 29722 29724 29733
03 29738 29735 29719 29714 29707 29702 29696 29696 29723 29756 29772 29802 29816 29846 29861 29889 29893 29910 29907 29916 29916 29912 29891 29872
04 29848 29829 29796 29774 29758 29741 29706 29681 29662 29634 29616 29573 29525 29487 29440 29396 29346 29330 29287 29209 29151 29110 29121 29099
05 29046 29078 29084 29085 29073 29067 29080 29090 29106 29125 29143 29145 29153 29175 29188 29204 29237 29270 29312 29355 29387 29410 29423 29458
06 29474 29502 29517 29540 29569 29588 29627 29663 29687 29708 29735 29747 29765 29783 29800 29815 29829 29838 29855 29850 29844 29830 29810 29800
07 29766 29720 29664 29597 29533 29455 29402 29374 29365 29335 29286 29272 29242 29217 29212 29224 29232 29268 29319 29389 29473 29536 29592 29636
08 29689 29742 29768 29792 29807 29811 29807 29829 29794 29776 29741 29710 29684 29652 29623 29624 29589 29605 29580 29583 29588 29575 29583 29623
09 29605 29591 29534 29520 29498 29516 29542 29575 29640 29692 29743 29783 29808 29828 29843 29868 29887 29927 29932 29972 29987 30008 30018 30053
10 30092 30115 30143 30180 30212 30233 30263 30293 30304 30338 30349 30350 30344 30343 30345 30348 30355 30346 30338 30320 30303 30287 30271 30268
11 30265 30264 30245 30233 30228 30212 30210 30211 30209 30210 30209 30205 30190 30184 30182 30179 30178 30181 30179 30165 30170 30165 30152 30145
12 30129 30105 30092 30079 30065 30057 30059 30044 30042 30017 30017 30003 30001 30012 30012 30003 30016 30030 30029 30040 30051 30060 30086 30111
13 30131 30161 30188 30216 30236 30266 30291 30320 30340 30369 30375 30377 30381 30387 30395 30422 30440 30450 30469 30481 30492 30499 30516 30517
14 30520 30515 30524 30528 30529 30537 30539 30541 30546 30549 30543 30532 30515 30507 30502 30495 30487 30482 30473 30470 30468 30459 30458 30458
15 30453 30448 30441 30434 30437 30435 30437 30445 30442 30439 30440 30425 30407 30402 30396 30393 30387 30381 30381 30375 30370 30366 30354 30351
16 30340 30325 30319 30313 30310 30303 30293 30296 30298 30295 30285 30274 30258 30248 30243 30239 30239 30246 30246 30241 30250 30251 30246 30246
17 30239 30239 30243 30249 30253 30265 30274 30285 30296 30299 30304 30300 30291 30297 30296 30306 30320 30335 30335 30346 30347 30355 30368 30377
18 30382 30389 30395 30395 30405 30410 30423 30442 30445 30464 30467 30471 30474 30483 30491 30510 30521 30521 30530 30534 30534 30541 30537 30532
19 30523 30512 30504 30501 30497 30495 30494 30500 30507 30504 30489 30479 30457 30434 30419 30408 30396 30377 30365 30337 30305 30270 30212 30192
20 30150 30104 30055 30022 29999 29987 29950 29931 29926 29910 29914 29902 29891 29877 29847 29839 29827 29834 29834 29844 29852 29875 29886 29910
21 29941 29971 29994 30006 30023 30048 30064 30078 30092 30107 30111 30114 30114 30120 30124 30128 30131 30140 30141 30138 30135 30128 30126 30116
22 30101 30091 30073 30052 30035 30028 30018 30031 30026 30029 30032 30029 30025 30020 30026 30029 30041 30051 30053 30053 30054 30053 30053 30054
23 30055 30058 30057 30053 30049 30048 30054 30054 30059 30058 30055 30049 30044 30039 30035 30034 30030 30028 30024 30021 30013 30011 30016 30009
24 30009 30009 30013 30014 30017 30024 30033 30044 30053 30065 30070 30072 30062 30065 30064 30057 30067 30066 30072 30072 30064 30059 30055 30057
25 30057 30047 30050 30047 30045 30040 30044 30047 30050 30057 30057 30062 30066 30069 30069 30077 30082 30096 30096 30094 30085 30076 30062 30053
26 30029 30009 29992 29971 29967 29962 29985 30004 30016 30019 30017 30010 30007 30004 29994 29995 29987 29976 29967 29955 29938 29910 29881 29840
27 29794 29735 29682 29657 29646 29634 29614 29589 29552 29510 29457 29412 29375 29382 29391 29397 29387 29389 29372 29354 29346 29312 29297 29289
28 29352 29406 29439 29452 29464 29491 29495 29512 29527 29550 29561 29566 29569 29592 29599 29608 29610 29622 29625 29619 29633 29630 29625 29631
29 29629 29640 29635 29642 29637 29649 29668 29691 29719 29742 29759 29787 29785 29808 29824 29832 29843 29858 29867 29873 29881 29877 29875 29872
30 29860 29850 29839 29827 29814 29810 29811 29814 29813 29821 29818 29818 29803 29795 29797 29806 29813 29837 29845 29859 29863 29878 29876 29870
