01 29752 29756 29755 29750 29755 29755 29764 29760 29754 29746 29732 29716 29695 29684 29664 29650 29640 29634 29645 29652 29656 29652 29652 29633
02 29626 29633 29628 29628 29628 29638 29646 29652 29648 29636 29646 29646 29620 29596 29580 29562 29552 29538 29535 29526 29520 29506 29497 29472
03 29454 29432 29414 29384 29360 29352 29362 29368 29366 29372 29361 29341 29337 29313 29291 29273 29267 29265 29269 29281 29305 29313 29319 29331
04 29333 29329 29319 29311 29309 29317 29319 29329 29333 29331 29344 29342 29332 29324 29318 29312 29308 29305 29308 29305 29312 29316 29312 29310
05 29302 29300 29300 29305 29314 29334 29350 29362 29378 29394 29403 29417 29423 29439 29443 29445 29451 29453 29455 29473 29483 29486 29486 29481
06 29474 29479 29484 29491 29516 29545 29574 29609 29627 29657 29671 29681 29715 29735 29747 29761 29779 29793 29801 29816 29833 29839 29839 29839
07 29834 29831 29831 29824 29823 29823 29819 29808 29801 29793 29784 29769 29743 29723 29697 29691 29711 29729 29761 29783 29804 29807 29803 29799
08 29801 29787 29781 29795 29797 29807 29817 29827 29831 29839 29856 29874 29884 29894 29902 29904 29912 29920 29922 29930 29942 29952 29952 29942
09 29934 29934 29932 29924 29930 29934 29942 29942 29952 29956 29968 29984 29994 30003 30005 30006 30000 30004 30007 30008 30020 30022 30018 30016
10 30012 30012 30000 29994 29990 29994 29996 29998 29996 29994 29990 29980 29967 29956 29946 29934 29916 29902 29896 29892 29896 29875 29862 29836
11 29818 29796 29780 29766 29760 29765 29760 29764 29770 29778 29782 29784 29785 29788 29788 29790 29794 29796 29802 29814 29822 29824 29824 29822
12 29808 29806 29798 29794 29803 29812 29812 29818 29816 29830 29846 29822 29814 29808 29806 29816 29810 29800 29807 29804 29814 29818 29820 29830
13 29828 29827 29825 29809 29807 29802 29810 29806 29802 29782 29775 29761 29739 29719 29699 29687 29671 29655 29633 29611 29617 29625 29615 29613
14 29615 29615 29603 29603 29611 29627 29649 29677 29703 29735 29770 29788 29814 29838 29868 29898 29922 29950 29966 29980 29998 30009 30004 29998
15 29994 29994 29984 29974 29972 29972 29964 29952 29946 29952 29949 29945 29946 29949 29945 29947 29945 29941 29935 29933 29936 29935 29933 29927
16 29915 29911 29909 29909 29904 29907 29913 29916 29909 29905 29898 29883 29873 29862 29852 29844 29824 29813 29806 29798 29786 29762 29734 29708
17 29682 29660 29646 29616 29608 29590 29576 29560 29558 29550 29550 29548 29548 29540 29540 29540 29530 29534 29546 29557 29576 29590 29602 29602
18 29612 29607 29612 29632 29646 29664 29674 29688 29696 29706 29710 29705 29700 29702 29698 29695 29696 29702 29705 29705 29710 29714 29714 29705
19 29700 29694 29684 29684 29687 29694 29702 29706 29703 29704 29704 29704 29704 29709 29709 29716 29716 29722 29726 29744 29752 29766 29780 29794
20 29800 29808 29818 29822 29842 29864 29886 29898 29908 29930 29956 29965 29971 29979 29993 30011 30026 30041 30056 30076 30091 30105 30111 30121
21 30131 30131 30133 30141 30151 30161 30175 30186 30193 30199 30201 30201 30195 30189 30185 30169 30161 30162 30163 30166 30179 30177 30179 30177
22 30173 30165 30156 30151 30155 30156 30156 30155 30147 30138 30127 30111 30095 30083 30071 30052 30043 30027 30016 30005 30009 30005 29995 29983
23 29973 29953 29945 29946 29947 29941 29935 29935 29929 29927 29925 29926 29913 29906 29837 29865 29847 29848 29847 29839 29837 29837 29827 29817
24 29801 29779 29757 29741 29741 29747 29747 29753 29748 29753 29714 29741 29732 29730 29725 29718 29722 29720 29724 29728 29735 29735 29734 29732
25 29730 29728 29730 29734 29748 29748 29755 29772 29790 29804 29812 29820 29832 29840 29848 29853 29855 29872 29890 29900 29915 29916 29918 29918
26 29928 29934 29936 29946 29952 29968 29970 29979 29985 29986 29994 29992 29995 30007 30004 30004 29992 29984 29992 29995 30007 30016 30016 30012
27 30012 30005 30000 30004 30004 29995 29985 29982 29980 29982 29976 29966 29958 29948 29950 29942 29932 29924 29914 29912 29914 29908 29912 29912
28 29912 29896 29876 29867 29872 29884 29894 29910 29918 29928 29927 29921 29916 29916 29927 29937 29936 29931 29939 29953 29965 29963 29957 29949
29 29936 29929 29929 29925 29925 29921 29925 29933 29939 29944 29944 29944 29938 29924 29916 29904 29896 29884 29880 29882 29895 29894 29898 29888
30 29874 29860 29846 29844 29835 29832 29828 29822 29814 29808 29804 29793 29790 29784 29778 29770 29772 29772 29778 29780 29792 29793 29794 29790
31 29785 29782 29786 29797 29806 29816 29826 29840 29848 29859 29867 29873 29874 29871 29874 29871 29877 29881 29881 29883 29889 29893 29891 29883
