01 30073 30077 30073 30063 30061 30057 30053 30057 30060 30050 30040 30034 30016 30006 29986 29978 29966 29958 29946 29938 29916 29892 29876 29852
02 29826 29794 29758 29734 29714 29689 29678 29652 29658 29652 29647 29639 29642 29639 29649 29653 29647 29663 29665 29653 29671 29685 29689 29697
03 29697 29703 29701 29703 29697 29707 29721 29710 29709 29715 29712 29713 29711 29721 29727 29721 29727 29749 29747 29775 29773 29791 29797 29819
04 29843 29862 29877 29891 29899 29921 29927 29935 29949 29955 29971 29981 29977 29983 29987 29983 29987 30003 30019 30045 30055 30065 30072 30071
05 30065 30065 30063 30049 30049 30042 30039 30039 30033 30021 30023 30019 30017 30013 30007 30011 30005 30006 30011 30013 30025 30021 30017 30005
06 30003 30001 30011 30013 30011 30017 30017 30017 30021 30025 30026 30031 30025 30027 30025 30027 30023 30023 30031 30041 30045 30046 30049 30043
07 30035 30027 30025 30019 30015 30021 30019 30043 30053 30059 30060 30062 30064 30068 30068 30066 30070 30074 30076 30092 30092 30094 30106 30098
08 30094 30090 30084 30080 30078 30082 30080 30086 30086 30086 30086 30086 30080 30076 30074 30074 30062 30058 30056 30062 30060 30060 30056 30052
09 30048 30034 30024 30012 30002 30010 30008 30010 30006 30002 29990 29988 29978 29966 29962 29956 29952 29951 29950 29958 29960 29958 29950 29934
10 29917 29902 29891 29879 29875 29878 29872 29873 29868 29862 29864 29854 29844 29843 29835 29836 29828 29827 29827 29840 29837 29827 29830 29830
11 29816 29807 29806 29795 29795 29800 29800 29814 29823 29827 29824 29825 29824 29816 29815 29810 29814 29822 29827 29839 29847 29847 29846 29849
12 29850 29849 29835 29837 29840 29830 29835 29834 29836 29845 29850 29856 29847 29870 29864 29827 29809 29815 29833 29847 29844 29840 29827 29815
13 29797 29792 29767 29755 29744 29733 29741 29732 29740 29741 29736 29734 29735 29721 29722 29719 29712 29721 29724 29728 29736 29740 29740 29744
14 29740 29737 29737 29736 29735 29742 29744 29750 29758 29755 29759 29762 29767 29770 29774 29773 29785 29797 29814 29840 29852 29870 29885 29885
15 29900 29892 29896 29904 29900 29908 29916 29918 29924 29928 29923 29921 29922 29913 29921 29925 29914 29914 29910 29909 29894 29876 29877 29871
16 29845 29833 29825 29817 29829 29832 29833 29842 29841 29845 29842 29844 29845 29839 29843 29840 29837 29843 29857 29862 29864 29866 29864 29858
17 29852 29847 29834 29824 29824 29824 29827 29832 29836 29829 29834 29833 29832 29827 29820 29815 29815 29813 29815 29821 29830 29832 29830 29824
18 29820 29810 29813 29805 29800 29800 29812 29812 29812 29802 29805 29798 29794 29797 29783 29765 29747 29737 29728 29724 29712 29703 29695 29677
19 29654 29645 29634 29629 29627 29625 29630 29630 29632 29639 29642 29642 29643 29639 29639 29643 29653 29666 29696 29732 29759 29786 29799 29812
20 29816 29826 29839 29846 29865 29876 29893 29902 29909 29909 29911 29904 29898 29893 29880 29878 29868 29865 29861 29863 29858 29855 29848 29857
21 29868 29875 29888 29915 29978 30005 30035 30057 30085 30107 30115 30118 30137 30145 30156 30160 30156 30158 30162 30166 30166 30159 30155 30146
22 30133 30113 30104 30085 30075 30074 30067 30064 30061 30057 30054 30040 30027 30022 30018 30014 30009 29999 30001 29997 29993 29973 29976 29969
23 29965 29971 29963 29957 29958 29958 29953 29957 29958 29958 29953 29949 29944 29935 29921 29917 29914 29901 29908 29917 29914 29911 29905 29901
24 29897 29895 29891 29883 29879 29881 29878 29866 29866 29855 29848 29828 29816 29800 29785 29789 29790 29807 29819 29828 29832 29841 29847 29848
25 29854 29849 29853 29851 29869 29878 29888 29891 29904 29906 29909 29912 29916 29928 29948 29960 29964 29977 29981 29995 30001 30003 30003 30003
26 29993 29986 29985 29972 29960 29960 29952 29944 29948 29939 29930 29925 29922 29920 29915 29908 29912 29915 29925 29929 29929 29931 29917 29910
27 29900 29892 29881 29869 29860 29861 29855 29848 29831 29821 29808 29804 29784 29768 29753 29740 29719 29711 29698 29684 29660 29648 29633 29613
28 29588 29563 29542 29520 29512 29503 29493 29479 29469 29456 29440 29435 29412 29396 29375 29354 29345 29319 29325 29325 29317 29318 29320 29328
29 29339 29351 29359 29372 29385 29402 29413 29429 29439 29453 29470 29478 29480 29484 29487 29500 29506 29510 29515 29524 29535 29540 29542 29558
30 29560 29564 29570 29574 29575 29575 29589 29594 29600 29600 29594 29594 29596 29603 29588 29581 29580 29577 29578 29577 29581 29582 29568 29561
31 29560 29552 29548 29543 29537 29547 29550 29554 29559 29564 29561 29562 29553 29545 29537 29527 29518 29519 29511 29514 29523 29519 29511 29507
