01 29868 29880 29878 29888 29889 29898 29896 29894 29886 29874 29856 29831 29819 29804 29784 29760 29741 29714 29693 29684 29674 29671 29670 29674
02 29677 29672 29673 29683 29697 29719 29734 29744 29746 29737 29725 29715 29699 29674 29644 29620 29595 29589 29579 29578 29573 29578 29562 29551
03 29529 29508 29484 29471 29456 29436 29422 29408 29394 29396 29397 29392 29389 29382 29372 29361 29342 29323 29318 29326 29325 29329 29336 29339
04 29346 29345 29345 29338 29348 29368 29376 29378 29379 29380 29377 29374 29366 29365 29359 29357 29362 29359 29370 29395 29397 29404 29400 29399
05 29392 29391 29390 29389 29401 29417 29434 29444 29449 29455 29454 29462 29468 29498 29507 29511 29532 29533 29537 29561 29577 29593 29604 29605
06 29602 29610 29615 29625 29641 29666 29687 29707 29725 29744 29760 29774 29785 29795 29802 29813 29852 29859 29890 29919 29937 29948 29962 29972
07 29979 29989 29999 30004 30016 30031 30037 30038 30039 30045 30033 30029 30021 30015 30005 30007 30000 29983 29976 29963 29949 29946 29945 29948
08 29947 29952 29959 29965 29981 29990 30005 30017 30023 30026 30033 30045 30055 30063 30067 30079 30080 30087 30101 30117 30121 30127 30127 30129
09 30137 30139 30129 30136 30148 30152 30159 30170 30175 30176 30173 30158 30159 30164 30166 30171 30176 30177 30181 30200 30210 30219 30218 30221
10 30218 30219 30216 30215 30224 30231 30235 30236 30231 30226 30204 30194 30179 30169 30158 30149 30136 30135 30138 30144 30145 30145 30138 30134
11 30125 30110 30098 30083 30080 30083 30082 30076 30066 30055 30039 30024 30006 29993 29984 29960 29948 29946 29947 29950 29956 29957 29951 29954
12 29945 29951 29950 29956 29964 29972 29971 29970 29971 29966 29947 29942 29919 29904 29891 29862 29869 29857 29867 29865 29871 29907 29915 29916
13 29913 29919 29933 29948 29968 29964 29969 29973 29979 29975 29963 29951 29936 29917 29896 29866 29848 29847 29848 29852 29858 29855 29857 29847
14 29830 29818 29794 29787 29789 29796 29798 29807 29802 29805 29806 29805 29812 29829 29842 29867 29891 29927 29964 29982 30006 30036 30042 30058
15 30060 30074 30085 30082 30096 30100 30095 30096 30095 30090 30071 30068 30061 30049 30047 30047 30043 30052 30057 30066 30060 30060 30057 30044
16 30029 30028 30025 30022 30021 30029 30034 30036 30037 30027 30023 30020 30019 30002 29993 29978 29971 29970 29973 29969 29970 29961 29958 29942
17 29926 29903 29885 29868 29862 29853 29845 29828 29805 29780 29757 29733 29709 29695 29687 29677 29676 29670 29671 29673 29682 29694 29699 29702
18 29713 29729 29745 29736 29755 29773 29792 29803 29813 29820 29829 29832 29827 29837 29831 29828 29824 29828 29827 29832 29836 29846 29842 29844
19 29842 29838 29838 29834 29840 29848 29851 29858 29857 29861 29858 29856 29852 29854 29853 29856 29860 29861 29873 29894 29905 29911 29910 29918
20 29921 29926 29936 29944 29962 29988 30013 30030 30038 30058 30063 30074 30080 30090 30105 30114 30140 30159 30185 30213 30237 30250 30269 30285
21 30305 30323 30332 30345 30373 30390 30395 30406 30405 30410 30407 30397 30386 30379 30371 30359 30361 30359 30366 30377 30389 30395 30399 30401
22 30401 30403 30406 30409 30412 30415 30417 30419 30410 30398 30384 30376 30356 30346 30339 30328 30318 30316 30314 30315 30314 30308 30302 30286
23 30273 30257 30246 30238 30235 30236 30235 30227 30215 30198 30177 30156 30137 30121 30108 30096 30083 30071 30073 30075 30086 30082 30072 30064
24 30049 30042 30032 30023 30022 30028 30031 30026 30013 30004 29996 29991 29980 29968 29966 29966 29964 29968 29973 29988 30010 30018 30033 30049
25 30051 30035 30036 30032 30036 30037 30046 30062 30061 30070 30074 30071 30070 30071 30076 30076 30074 30085 30090 30113 30128 30136 30141 30148
26 30152 30153 30160 30168 30173 30175 30184 30188 30185 30192 30204 30206 30208 30218 30223 30230 30224 30227 30238 30262 30282 30289 30298 30293
27 30293 30290 30289 30283 30284 30278 30273 30274 30268 30255 30241 30227 30215 30201 30193 30183 30182 30181 30180 30189 30201 30211 30219 30217
28 30218 30213 30207 30211 30210 30212 30210 30221 30220 30224 30229 30221 30215 30203 30198 30193 30184 30176 30174 30183 30195 30197 30198 30195
29 30191 30188 30181 30179 30181 30179 30176 30175 30174 30173 30171 30157 30147 30139 30131 30118 30111 30103 30103 30099 30103 30104 30103 30100
30 30085 30067 30058 30051 30046 30045 30039 30031 30021 30015 30007 29992 29980 29969 29955 29951 29953 29954 29960 29978 30001 30011 30018 30019
31 30015 30013 30010 30014 30017 30020 30023 30024 30029 30038 30038 30036 30038 30038 30042 30039 30040 30044 30055 30064 30072 30073 30078 30072
