01 29620 29632 29644 29644 29652 29662 29672 29678 29694 29710 29714 29712 29692 29698 29710 29728 29738 29744 29748 29762 29755 29728 29702 29712
02 29684 29665 29630 29585 29562 29525 29485 29466 29470 29480 29483 29476 29471 29461 29479 29486 29504 29506 29512 29519 29507 29479 29463 29417
03 29389 29339 29347 29324 29311 29305 29293 29311 29313 29325 29320 29296 29285 29262 29250 29256 29260 29268 29275 29288 29294 29276 29268 29215
04 29165 29116 29116 29108 29124 29126 29135 29178 29214 29254 29313 29346 29380 29444 29473 29536 29568 29606 29603 29626 29628 29632 29638 29634
05 29640 29643 29653 29650 29658 29680 29696 29708 29716 29736 29748 29735 29733 29714 29723 29728 29716 29693 29683 29672 29650 29616 29603 29598
06 29594 29582 29568 29553 29550 29550 29553 29548 29554 29562 29566 29547 29532 29524 29520 29530 29548 29568 29592 29604 29626 29632 29644 29652
07 29652 29668 29678 29686 29692 29700 29704 29712 29715 29710 29700 29676 29655 29630 29615 29604 29595 29592 29565 29558 29552 29555 29552 29551
08 29544 29548 29562 29564 29574 29592 29590 29600 29622 29634 29656 29654 29664 29664 29680 29714 29732 29750 29766 29774 29782 29788 29783 29772
09 29758 29750 29740 29742 29738 29726 29722 29716 29724 29741 29756 29754 29760 29778 29805 29838 29872 29910 29928 29962 29970 29996 30002 30002
10 29998 30000 29976 29956 29944 29926 29914 29892 29882 29868 29846 29792 29755 29710 29680 29654 29627 29600 29590 29592 29598 29603 29602 29614
11 29612 29612 29605 29596 29594 29582 29575 29558 29540 29478 29416 29334 29312 29312 29324 29376 29440 29507 29580 29670 29716 29742 29764 29832
12 29864 29894 29916 29932 29962 29972 29995 30002 30014 30036 30042 30020 30008 29996 29994 29990 29992 29992 29992 29992 29996 29994 29996 29994
13 29980 29986 29986 29982 29984 29986 29992 29998 30012 30020 30017 30010 29995 29985 29980 29984 29984 29986 29984 29980 29970 29952 29946 29930
14 29904 29872 29850 29826 29800 29775 29752 29732 29736 29732 29733 29691 29663 29645 29653 29683 29704 29723 29744 29749 29741 29737 29739 29703
15 29673 29644 29629 29613 29609 29633 29627 29639 29647 29661 29673 29667 29667 29673 29695 29716 29735 29753 29761 29779 29801 29819 29831 29841
16 29849 29851 29865 29863 29857 29853 29855 29867 29859 29858 29844 29824 29798 29760 29724 29698 29680 29652 29622 29604 29568 29554 29538 29512
17 29500 29500 29510 29504 29506 29522 29540 29542 29564 29602 29597 29601 29606 29626 29646 29692 29721 29751 29779 29815 29835 29856 29876 29889
18 29883 29886 29886 29866 29845 29825 29799 29775 29761 29741 29722 29702 29690 29656 29658 29644 29640 29616 29604 29582 29558 29545 29530 29503
19 29480 29484 29510 29530 29537 29544 29552 29558 29562 29570 29569 29541 29521 29493 29493 29478 29434 29421 29391 29325 29267 29179 29103 29051
20 28981 28955 28929 28851 28873 28955 29019 29097 29153 29201 29261 29269 29297 29346 29375 29415 29461 29495 29545 29591 29625 29667 29695 29721
21 29743 29771 29805 29825 29851 29873 29889 29925 29951 29967 29971 29967 29971 29974 29983 30001 30009 30015 30041 30049 30066 30077 30075 30069
22 30069 30065 30057 30051 30051 30051 30061 30071 30071 30073 30069 30047 30029 30007 30017 30017 30012 30015 30012 30007 29999 29985 29975 29965
23 29957 29941 29921 29915 29901 29887 29877 29877 29875 29873 29865 29845 29821 29805 29801 29793 29799 29807 29805 29811 29821 29835 29843 29844
24 29839 29846 29849 29855 29858 29871 29889 29905 29935 29951 29968 29968 29965 29958 29964 29974 29978 30000 30004 30010 30005 30008 30004 29992
25 29974 29954 29944 29935 29922 29918 29898 29888 29885 29884 29875 29850 29832 29822 29805 29814 29816 29820 29824 29830 29825 29830 29822 29825
26 29820 29825 29834 29840 29848 29856 29868 29878 29890 29904 29909 29891 29869 29861 29863 29871 29871 29879 29889 29897 29899 29917 29919 29915
27 29909 29911 29913 29915 29913 29919 29929 29929 29935 29935 29926 29913 29901 29881 29875 29881 29871 29869 29859 29855 29853 29841 29833 29821
28 29801 29783 29771 29749 29731 29721 29719 29701 29699 29707 29710 29676 29658 29628 29634 29630 29620 29618 29618 29615 29605 29594 29594 29590
29 29574 29562 29560 29544 29530 29524 29525 29527 29535 29542 29542 29529 29512 29518 29524 29532 29537 29545 29555 29564 29572 29576 29584 29582
30 29590 29600 29605 29608 29608 29614 29625 29645 29660 29686 29690 29678 29678 29676 29680 29698 29696 29716 29723 29733 29738 29740 29754 29754
31 29756 29770 29764 29758 29752 29758 29758 29766 29782 29800 29814 29816 29808 29812 29826 29837 29844 29862 29872 29886 29898 29904 29906 29910
