01-01-1793	08.00	-999	12.00	-999	18.00	-999
02-01-1793	08.00	-999	12.00	-999	18.00	-999
03-01-1793	08.00	-999	12.00	-999	18.00	-999
04-01-1793	08.00	-999	12.00	-999	18.00	-999
05-01-1793	08.00	-999	12.00	-999	18.00	-999
06-01-1793	08.00	-999	12.00	-999	18.00	-999
07-01-1793	08.00	-999	12.00	-999	18.00	-999
08-01-1793	08.00	-999	12.00	-999	18.00	-999
09-01-1793	08.00	-999	12.00	-999	18.00	-999
10-01-1793	08.00	-999	12.00	-999	18.00	-999
11-01-1793	08.00	-999	12.00	-999	18.00	-999
12-01-1793	08.00	-999	12.00	-999	18.00	-999
13-01-1793	08.00	-999	12.00	-999	18.00	-999
14-01-1793	08.00	-999	12.00	-999	18.00	-999
15-01-1793	08.00	-999	12.00	-999	18.00	-999
16-01-1793	08.00	-999	12.00	-999	18.00	-999
17-01-1793	08.00	-999	12.00	-999	18.00	-999
18-01-1793	08.00	-999	12.00	-999	18.00	-999
19-01-1793	08.00	-999	12.00	-999	18.00	-999
20-01-1793	08.00	-999	12.00	-999	18.00	-999
21-01-1793	08.00	-999	12.00	-999	18.00	-999
22-01-1793	08.00	-999	12.00	-999	18.00	-999
23-01-1793	08.00	-999	12.00	-999	18.00	-999
24-01-1793	08.00	-999	12.00	-999	18.00	-999
25-01-1793	08.00	-999	12.00	-999	18.00	-999
26-01-1793	08.00	-999	12.00	-999	18.00	-999
27-01-1793	08.00	-999	12.00	-999	18.00	-999
28-01-1793	08.00	-999	12.00	-999	18.00	-999
29-01-1793	08.00	-999	12.00	-999	18.00	-999
30-01-1793	08.00	-999	12.00	-999	18.00	-999
31-01-1793	08.00	-999	12.00	-999	18.00	-999
01-02-1793	08.00	-999	12.00	-999	18.00	-999
02-02-1793	08.00	-999	12.00	-999	18.00	-999
03-02-1793	08.00	-999	12.00	-999	18.00	-999
04-02-1793	08.00	-999	12.00	-999	18.00	-999
05-02-1793	08.00	-999	12.00	-999	18.00	-999
06-02-1793	08.00	-999	12.00	-999	18.00	-999
07-02-1793	08.00	-999	12.00	-999	18.00	-999
08-02-1793	08.00	-999	12.00	-999	18.00	-999
09-02-1793	08.00	-999	12.00	-999	18.00	-999
10-02-1793	08.00	-999	12.00	-999	18.00	-999
11-02-1793	08.00	-999	12.00	-999	18.00	-999
12-02-1793	08.00	-999	12.00	-999	18.00	-999
13-02-1793	08.00	-999	12.00	-999	18.00	-999
14-02-1793	08.00	-999	12.00	-999	18.00	-999
15-02-1793	08.00	-999	12.00	-999	18.00	-999
16-02-1793	08.00	-999	12.00	-999	18.00	-999
17-02-1793	08.00	-999	12.00	-999	18.00	-999
18-02-1793	08.00	-999	12.00	-999	18.00	-999
19-02-1793	08.00	-999	12.00	-999	18.00	-999
20-02-1793	08.00	-999	12.00	-999	18.00	-999
21-02-1793	08.00	-999	12.00	-999	18.00	-999
22-02-1793	08.00	-999	12.00	-999	18.00	-999
23-02-1793	08.00	-999	12.00	-999	18.00	-999
24-02-1793	08.00	-999	12.00	-999	18.00	-999
25-02-1793	08.00	-999	12.00	-999	18.00	-999
26-02-1793	08.00	-999	12.00	-999	18.00	-999
27-02-1793	08.00	-999	12.00	-999	18.00	-999
28-02-1793	08.00	-999	12.00	-999	18.00	-999
29-02-1793	08.00	-999	12.00	-999	18.00	-999
01-03-1793	08.00	1024.1	12.00	1025.1	18.00	1026.5
02-03-1793	08.00	1030.5	12.00	1031.6	18.00	1030.5
03-03-1793	08.00	1029.2	12.00	1027.5	18.00	1025.8
04-03-1793	08.00	-999	12.00	1020.4	18.00	1019.0
05-03-1793	08.00	-999	12.00	1018.4	18.00	1018.4
06-03-1793	08.00	1022.4	12.00	1019.0	18.00	1019.0
07-03-1793	08.00	-999	12.00	1017.0	18.00	1016.0
08-03-1793	08.00	1016.0	12.00	1017.3	18.00	1017.7
09-03-1793	08.00	1020.4	12.00	1021.4	18.00	1021.4
10-03-1793	08.00	1019.0	12.00	1018.0	18.00	1017.3
11-03-1793	08.00	1016.3	12.00	1016.7	18.00	1017.3
12-03-1793	08.00	1021.7	12.00	1021.7	18.00	1021.7
13-03-1793	08.00	1023.4	12.00	1023.4	18.00	1023.4
14-03-1793	08.00	1023.4	12.00	1022.4	18.00	1021.1
15-03-1793	08.00	1020.4	12.00	1019.0	18.00	1021.1
16-03-1793	08.00	1021.1	12.00	1021.1	18.00	1021.1
17-03-1793	08.00	1021.1	12.00	1021.1	18.00	1020.0
18-03-1793	08.00	1024.1	12.00	1026.1	18.00	1026.8
19-03-1793	08.00	1028.8	12.00	1028.8	18.00	1026.5
20-03-1793	08.00	1025.1	12.00	1024.1	18.00	1021.7
21-03-1793	08.00	1019.0	12.00	1018.4	18.00	1021.4
22-03-1793	08.00	1025.8	12.00	1025.8	18.00	1025.8
23-03-1793	08.00	1026.8	12.00	1028.2	18.00	1027.5
24-03-1793	08.00	1019.0	12.00	1017.0	18.00	1016.0
25-03-1793	08.00	1016.3	12.00	1016.3	18.00	1015.6
26-03-1793	08.00	1017.0	12.00	1017.0	18.00	1017.7
27-03-1793	08.00	1018.0	12.00	1018.0	18.00	1017.3
28-03-1793	08.00	1016.7	12.00	1016.7	18.00	1016.7
29-03-1793	08.00	1015.6	12.00	1014.0	18.00	1011.6
30-03-1793	08.00	1011.9	12.00	1011.6	18.00	1011.6
31-03-1793	08.00	1015.6	12.00	1015.6	18.00	1015.6
01-04-1793	08.00	1021.7	12.00	1024.1	18.00	1026.5
02-04-1793	08.00	1026.5	12.00	1026.5	18.00	1024.8
03-04-1793	08.00	1024.4	12.00	1023.8	18.00	1023.4
04-04-1793	08.00	1024.1	12.00	1024.1	18.00	1023.1
05-04-1793	08.00	1021.7	12.00	1020.7	18.00	1019.4
06-04-1793	08.00	1021.7	12.00	1021.7	18.00	1021.1
07-04-1793	08.00	1021.1	12.00	1021.1	18.00	1021.1
08-04-1793	08.00	1020.7	12.00	1019.0	18.00	1017.3
09-04-1793	08.00	1015.6	12.00	1015.6	18.00	1014.3
10-04-1793	08.00	1014.3	12.00	1014.3	18.00	1014.0
11-04-1793	08.00	1012.3	12.00	1012.3	18.00	1010.6
12-04-1793	08.00	1010.2	12.00	1009.9	18.00	1009.6
13-04-1793	08.00	1008.9	12.00	1008.9	18.00	1008.9
14-04-1793	08.00	1011.2	12.00	1012.3	18.00	1014.3
15-04-1793	08.00	1017.3	12.00	1019.0	18.00	1019.4
16-04-1793	08.00	1020.7	12.00	1021.4	18.00	1021.7
17-04-1793	08.00	1022.1	12.00	1022.1	18.00	1023.1
18-04-1793	08.00	1024.1	12.00	1024.8	18.00	1024.8
19-04-1793	08.00	1023.8	12.00	1021.7	18.00	1020.4
20-04-1793	08.00	1019.7	12.00	1018.4	18.00	1016.3
21-04-1793	08.00	1017.3	12.00	1019.4	18.00	1019.4
22-04-1793	08.00	1021.7	12.00	1022.4	18.00	1022.4
23-04-1793	08.00	1022.4	12.00	1022.4	18.00	1022.4
24-04-1793	08.00	1021.7	12.00	1021.4	18.00	1021.4
25-04-1793	08.00	1021.7	12.00	1023.4	18.00	1023.4
26-04-1793	08.00	1025.1	12.00	1025.1	18.00	1025.1
27-04-1793	08.00	1024.1	12.00	1023.4	18.00	1020.7
28-04-1793	08.00	1020.7	12.00	1021.4	18.00	1021.4
29-04-1793	08.00	1021.4	12.00	1021.4	18.00	1021.7
30-04-1793	08.00	1021.4	12.00	1021.4	18.00	1021.4
01-05-1793	08.00	1021.7	12.00	1021.7	18.00	1021.7
02-05-1793	08.00	1022.4	12.00	1023.4	18.00	1024.1
03-05-1793	08.00	1024.1	12.00	1025.1	18.00	1027.2
04-05-1793	08.00	1027.5	12.00	1027.8	18.00	1027.8
05-05-1793	08.00	1025.8	12.00	1025.8	18.00	1025.8
06-05-1793	08.00	1025.5	12.00	1023.4	18.00	1021.7
07-05-1793	08.00	1022.4	12.00	1022.4	18.00	1022.4
08-05-1793	08.00	1023.1	12.00	1023.4	18.00	1023.8
09-05-1793	08.00	1027.8	12.00	1025.1	18.00	1025.8
10-05-1793	08.00	1025.8	12.00	1024.1	18.00	1022.4
11-05-1793	08.00	1021.7	12.00	1021.7	18.00	1021.1
12-05-1793	08.00	1021.1	12.00	1020.7	18.00	1020.7
13-05-1793	08.00	1021.4	12.00	1021.4	18.00	1021.4
14-05-1793	08.00	1020.7	12.00	1020.7	18.00	1020.7
15-05-1793	08.00	1020.4	12.00	1020.4	18.00	1020.4
16-05-1793	08.00	1020.7	12.00	1020.7	18.00	1020.7
17-05-1793	08.00	1020.0	12.00	1019.7	18.00	1019.0
18-05-1793	08.00	1019.0	12.00	1018.7	18.00	1018.4
19-05-1793	08.00	1019.0	12.00	1019.7	18.00	1020.4
20-05-1793	08.00	1019.7	12.00	1019.0	18.00	1018.4
21-05-1793	08.00	1018.0	12.00	1017.3	18.00	1017.0
22-05-1793	08.00	1019.0	12.00	1020.7	18.00	1021.1
23-05-1793	08.00	1019.4	12.00	1021.1	18.00	1021.1
24-05-1793	08.00	1020.7	12.00	1021.1	18.00	1020.7
25-05-1793	08.00	1020.7	12.00	1020.7	18.00	1020.7
26-05-1793	08.00	1020.4	12.00	1020.0	18.00	1020.4
27-05-1793	08.00	1020.7	12.00	1020.7	18.00	1023.1
28-05-1793	08.00	1020.4	12.00	1017.7	18.00	1017.3
29-05-1793	08.00	1017.3	12.00	1019.7	18.00	1022.4
30-05-1793	08.00	1024.1	12.00	1025.8	18.00	1025.8
31-05-1793	08.00	1025.8	12.00	1025.8	18.00	1025.8
01-06-1793	08.00	-999	12.00	-999	18.00	-999
02-06-1793	08.00	-999	12.00	-999	18.00	-999
03-06-1793	08.00	-999	12.00	-999	18.00	-999
04-06-1793	08.00	-999	12.00	-999	18.00	-999
05-06-1793	08.00	-999	12.00	-999	18.00	-999
06-06-1793	08.00	-999	12.00	-999	18.00	-999
07-06-1793	08.00	-999	12.00	-999	18.00	-999
08-06-1793	08.00	-999	12.00	-999	18.00	-999
09-06-1793	08.00	-999	12.00	-999	18.00	-999
10-06-1793	08.00	-999	12.00	-999	18.00	-999
11-06-1793	08.00	-999	12.00	-999	18.00	-999
12-06-1793	08.00	-999	12.00	-999	18.00	-999
13-06-1793	08.00	-999	12.00	-999	18.00	-999
14-06-1793	08.00	-999	12.00	-999	18.00	-999
15-06-1793	08.00	-999	12.00	-999	18.00	-999
16-06-1793	08.00	-999	12.00	-999	18.00	-999
17-06-1793	08.00	-999	12.00	-999	18.00	-999
18-06-1793	08.00	-999	12.00	-999	18.00	-999
19-06-1793	08.00	-999	12.00	-999	18.00	-999
20-06-1793	08.00	-999	12.00	-999	18.00	-999
21-06-1793	08.00	-999	12.00	-999	18.00	-999
22-06-1793	08.00	-999	12.00	-999	18.00	-999
23-06-1793	08.00	-999	12.00	-999	18.00	-999
24-06-1793	08.00	-999	12.00	-999	18.00	-999
25-06-1793	08.00	-999	12.00	-999	18.00	-999
26-06-1793	08.00	-999	12.00	-999	18.00	-999
27-06-1793	08.00	-999	12.00	-999	18.00	-999
28-06-1793	08.00	-999	12.00	-999	18.00	-999
29-06-1793	08.00	-999	12.00	-999	18.00	-999
30-06-1793	08.00	-999	12.00	-999	18.00	-999
01-07-1793	08.00	-999	12.00	-999	18.00	-999
02-07-1793	08.00	-999	12.00	-999	18.00	-999
03-07-1793	08.00	-999	12.00	-999	18.00	-999
04-07-1793	08.00	-999	12.00	-999	18.00	-999
05-07-1793	08.00	-999	12.00	-999	18.00	-999
06-07-1793	08.00	-999	12.00	-999	18.00	-999
07-07-1793	08.00	-999	12.00	-999	18.00	-999
08-07-1793	08.00	-999	12.00	-999	18.00	-999
09-07-1793	08.00	-999	12.00	-999	18.00	-999
10-07-1793	08.00	-999	12.00	-999	18.00	-999
11-07-1793	08.00	-999	12.00	-999	18.00	-999
12-07-1793	08.00	-999	12.00	-999	18.00	-999
13-07-1793	08.00	-999	12.00	-999	18.00	-999
14-07-1793	08.00	-999	12.00	-999	18.00	-999
15-07-1793	08.00	-999	12.00	-999	18.00	-999
16-07-1793	08.00	-999	12.00	-999	18.00	-999
17-07-1793	08.00	-999	12.00	-999	18.00	-999
18-07-1793	08.00	1024.4	12.00	1025.5	18.00	1025.5
19-07-1793	08.00	1024.8	12.00	1024.8	18.00	1023.8
20-07-1793	08.00	1023.8	12.00	1023.8	18.00	1022.4
21-07-1793	08.00	1021.4	12.00	1021.1	18.00	1020.4
22-07-1793	08.00	1020.4	12.00	1020.4	18.00	1020.7
23-07-1793	08.00	1021.7	12.00	1022.1	18.00	1022.4
24-07-1793	08.00	1022.4	12.00	1023.1	18.00	1023.1
25-07-1793	08.00	1023.1	12.00	1023.1	18.00	1022.4
26-07-1793	08.00	1022.8	12.00	1022.8	18.00	1021.7
27-07-1793	08.00	1021.7	12.00	1021.7	18.00	1022.1
28-07-1793	08.00	1019.7	12.00	1019.4	18.00	1015.6
29-07-1793	08.00	1018.0	12.00	1018.0	18.00	1018.0
30-07-1793	08.00	1018.7	12.00	1018.7	18.00	1019.4
31-07-1793	08.00	1020.4	12.00	1020.4	18.00	1020.4
01-08-1793	08.00	1020.4	12.00	1020.4	18.00	1019.7
02-08-1793	08.00	1019.4	12.00	1019.0	18.00	1017.7
03-08-1793	08.00	1017.7	12.00	1017.7	18.00	1018.4
04-08-1793	08.00	1021.7	12.00	1021.4	18.00	1021.4
05-08-1793	08.00	1021.4	12.00	1021.4	18.00	1023.1
06-08-1793	08.00	1023.1	12.00	1022.8	18.00	1022.4
07-08-1793	08.00	1022.4	12.00	1021.7	18.00	1022.4
08-08-1793	08.00	1022.4	12.00	1022.4	18.00	1022.1
09-08-1793	08.00	1022.4	12.00	1022.8	18.00	1022.4
10-08-1793	08.00	1023.1	12.00	1022.8	18.00	1022.8
11-08-1793	08.00	1022.8	12.00	1022.8	18.00	1022.4
12-08-1793	08.00	1022.8	12.00	1022.8	18.00	1023.1
13-08-1793	08.00	1023.4	12.00	1024.4	18.00	1024.4
14-08-1793	08.00	1024.4	12.00	1024.8	18.00	1024.4
15-08-1793	08.00	1022.1	12.00	1022.1	18.00	1022.1
16-08-1793	08.00	1022.1	12.00	1022.1	18.00	1022.1
17-08-1793	08.00	1023.4	12.00	1023.8	18.00	1023.8
18-08-1793	08.00	1023.8	12.00	1023.8	18.00	1023.1
19-08-1793	08.00	1023.1	12.00	1022.4	18.00	1021.7
20-08-1793	08.00	1021.7	12.00	1021.7	18.00	1021.1
21-08-1793	08.00	1021.1	12.00	1021.1	18.00	1021.1
22-08-1793	08.00	1021.1	12.00	1021.1	18.00	1020.4
23-08-1793	08.00	1020.0	12.00	1019.7	18.00	1020.4
24-08-1793	08.00	1020.7	12.00	1020.7	18.00	1021.7
25-08-1793	08.00	1021.4	12.00	1021.4	18.00	1020.7
26-08-1793	08.00	1020.0	12.00	1020.0	18.00	1020.7
27-08-1793	08.00	1021.4	12.00	1021.4	18.00	1021.1
28-08-1793	08.00	1021.7	12.00	1022.4	18.00	1022.4
29-08-1793	08.00	1022.4	12.00	1022.4	18.00	1022.4
30-08-1793	08.00	1022.4	12.00	1022.4	18.00	1021.7
31-08-1793	08.00	1021.7	12.00	1021.7	18.00	1022.1
01-09-1793	08.00	1023.4	12.00	1023.4	18.00	1023.4
02-09-1793	08.00	1023.8	12.00	1023.8	18.00	1023.8
03-09-1793	08.00	1023.8	12.00	1023.8	18.00	1023.4
04-09-1793	08.00	0.0	12.00	1022.4	18.00	1021.4
05-09-1793	08.00	-999	12.00	1021.1	18.00	1021.1
06-09-1793	08.00	1020.7	12.00	1020.7	18.00	1020.4
07-09-1793	08.00	1020.4	12.00	1020.4	18.00	1020.4
08-09-1793	08.00	1020.4	12.00	1020.7	18.00	1020.4
09-09-1793	08.00	-999	12.00	1024.4	18.00	1024.8
10-09-1793	08.00	-999	12.00	1024.8	18.00	1024.8
11-09-1793	08.00	-999	12.00	1024.8	18.00	1024.8
12-09-1793	08.00	-999	12.00	1025.1	18.00	1025.5
13-09-1793	08.00	-999	12.00	1025.5	18.00	1025.5
14-09-1793	08.00	1023.4	12.00	1024.1	18.00	1024.8
15-09-1793	08.00	1025.1	12.00	1025.8	18.00	1026.5
16-09-1793	08.00	1026.5	12.00	1026.5	18.00	1028.2
17-09-1793	08.00	-999	12.00	-999	18.00	-999
18-09-1793	08.00	-999	12.00	-999	18.00	-999
19-09-1793	08.00	-999	12.00	-999	18.00	-999
20-09-1793	08.00	-999	12.00	-999	18.00	-999
21-09-1793	08.00	-999	12.00	-999	18.00	-999
22-09-1793	08.00	-999	12.00	-999	18.00	-999
23-09-1793	08.00	-999	12.00	-999	18.00	-999
24-09-1793	08.00	-999	12.00	-999	18.00	-999
25-09-1793	08.00	-999	12.00	-999	18.00	-999
26-09-1793	08.00	-999	12.00	-999	18.00	-999
27-09-1793	08.00	-999	12.00	-999	18.00	-999
28-09-1793	08.00	-999	12.00	-999	18.00	-999
29-09-1793	08.00	-999	12.00	-999	18.00	-999
30-09-1793	08.00	-999	12.00	-999	18.00	-999
01-10-1793	08.00	-999	12.00	1026.8	18.00	1026.8
02-10-1793	08.00	-999	12.00	1026.5	18.00	1026.5
03-10-1793	08.00	-999	12.00	1026.5	18.00	1026.5
04-10-1793	08.00	1026.5	12.00	1026.5	18.00	1026.1
05-10-1793	08.00	1026.1	12.00	1026.1	18.00	1026.1
06-10-1793	08.00	1026.5	12.00	1026.5	18.00	1026.5
07-10-1793	08.00	1027.2	12.00	1027.2	18.00	1027.2
08-10-1793	08.00	1027.5	12.00	1027.5	18.00	1026.8
09-10-1793	08.00	1026.5	12.00	1025.8	18.00	1025.8
10-10-1793	08.00	1025.8	12.00	1025.8	18.00	1022.4
11-10-1793	08.00	1020.4	12.00	1020.7	18.00	1021.7
12-10-1793	08.00	1022.4	12.00	1022.8	18.00	1022.4
13-10-1793	08.00	1022.1	12.00	1021.7	18.00	1021.4
14-10-1793	08.00	1020.7	12.00	1020.7	18.00	1020.7
15-10-1793	08.00	1020.7	12.00	1020.7	18.00	1020.7
16-10-1793	08.00	1021.1	12.00	1021.4	18.00	1022.4
17-10-1793	08.00	1023.1	12.00	1023.4	18.00	1023.4
18-10-1793	08.00	1022.4	12.00	1022.4	18.00	1022.4
19-10-1793	08.00	1022.1	12.00	1022.1	18.00	-999
20-10-1793	08.00	1024.1	12.00	1024.1	18.00	1023.4
21-10-1793	08.00	1023.1	12.00	1022.4	18.00	1021.7
22-10-1793	08.00	-999	12.00	1021.1	18.00	1020.7
23-10-1793	08.00	-999	12.00	1020.7	18.00	1020.7
24-10-1793	08.00	-999	12.00	1020.7	18.00	1020.7
25-10-1793	08.00	-999	12.00	1021.7	18.00	1021.7
26-10-1793	08.00	-999	12.00	1021.7	18.00	1021.7
27-10-1793	08.00	-999	12.00	1021.7	18.00	1021.7
28-10-1793	08.00	-999	12.00	1024.8	18.00	1024.8
29-10-1793	08.00	1025.5	12.00	1026.1	18.00	1026.1
30-10-1793	08.00	-999	12.00	1026.5	18.00	1025.1
31-10-1793	08.00	-999	12.00	1018.7	18.00	1021.7
01-11-1793	08.00	-999	12.00	1023.1	18.00	1023.1
02-11-1793	08.00	-999	12.00	1023.1	18.00	1023.1
03-11-1793	08.00	-999	12.00	1023.1	18.00	1023.1
04-11-1793	08.00	-999	12.00	1023.8	18.00	1023.8
05-11-1793	08.00	-999	12.00	1023.4	18.00	1022.4
06-11-1793	08.00	-999	12.00	1024.1	18.00	-999
07-11-1793	08.00	-999	12.00	1023.1	18.00	-999
08-11-1793	08.00	-999	12.00	1021.7	18.00	-999
09-11-1793	08.00	-999	12.00	1021.4	18.00	-999
10-11-1793	08.00	-999	12.00	1020.4	18.00	-999
11-11-1793	08.00	-999	12.00	1020.4	18.00	-999
12-11-1793	08.00	-999	12.00	1020.4	18.00	-999
13-11-1793	08.00	-999	12.00	1020.0	18.00	-999
14-11-1793	08.00	-999	12.00	1021.7	18.00	-999
15-11-1793	08.00	-999	12.00	1012.3	18.00	-999
16-11-1793	08.00	-999	12.00	1008.5	18.00	-999
17-11-1793	08.00	-999	12.00	1010.6	18.00	-999
18-11-1793	08.00	-999	12.00	1011.6	18.00	-999
19-11-1793	08.00	-999	12.00	1017.7	18.00	-999
20-11-1793	08.00	-999	12.00	1005.5	18.00	-999
21-11-1793	08.00	-999	12.00	1010.9	18.00	-999
22-11-1793	08.00	-999	12.00	1018.7	18.00	-999
23-11-1793	08.00	-999	12.00	1013.6	18.00	-999
24-11-1793	08.00	-999	12.00	1017.7	18.00	-999
25-11-1793	08.00	-999	12.00	1022.1	18.00	-999
26-11-1793	08.00	-999	12.00	1022.1	18.00	-999
27-11-1793	08.00	-999	12.00	1021.1	18.00	-999
28-11-1793	08.00	-999	12.00	1020.7	18.00	-999
29-11-1793	08.00	-999	12.00	1018.4	18.00	-999
30-11-1793	08.00	-999	12.00	1018.0	18.00	-999
01-12-1793	08.00	-999	12.00	1019.0	18.00	-999
02-12-1793	08.00	-999	12.00	1019.4	18.00	-999
03-12-1793	08.00	-999	12.00	1015.3	18.00	-999
04-12-1793	08.00	-999	12.00	1016.7	18.00	-999
05-12-1793	08.00	-999	12.00	1021.1	18.00	-999
06-12-1793	08.00	-999	12.00	1016.3	18.00	-999
07-12-1793	08.00	-999	12.00	1015.0	18.00	-999
08-12-1793	08.00	-999	12.00	1017.7	18.00	-999
09-12-1793	08.00	-999	12.00	1017.7	18.00	-999
10-12-1793	08.00	-999	12.00	1014.6	18.00	-999
11-12-1793	08.00	-999	12.00	1022.4	18.00	-999
12-12-1793	08.00	-999	12.00	1023.4	18.00	-999
13-12-1793	08.00	-999	12.00	1020.4	18.00	-999
14-12-1793	08.00	-999	12.00	1012.3	18.00	-999
15-12-1793	08.00	-999	12.00	1024.1	18.00	-999
16-12-1793	08.00	-999	12.00	1023.8	18.00	-999
17-12-1793	08.00	-999	12.00	1027.5	18.00	-999
18-12-1793	08.00	-999	12.00	1026.5	18.00	-999
19-12-1793	08.00	-999	12.00	1025.1	18.00	-999
20-12-1793	08.00	-999	12.00	1018.0	18.00	-999
21-12-1793	08.00	-999	12.00	1011.6	18.00	-999
22-12-1793	08.00	-999	12.00	1006.2	18.00	-999
23-12-1793	08.00	-999	12.00	1008.9	18.00	-999
24-12-1793	08.00	-999	12.00	1011.6	18.00	-999
25-12-1793	08.00	-999	12.00	1018.0	18.00	-999
26-12-1793	08.00	-999	12.00	1023.1	18.00	-999
27-12-1793	08.00	-999	12.00	1023.1	18.00	-999
28-12-1793	08.00	-999	12.00	1010.6	18.00	-999
29-12-1793	08.00	-999	12.00	1011.9	18.00	-999
30-12-1793	08.00	-999	12.00	1015.6	18.00	-999
31-12-1793	08.00	-999	12.00	1023.4	18.00	-999
