1863 08 01 08 00  57.20   -2.20 1022.7         ABERDEEN
1863 08 03 08 00  57.20   -2.20 1011.5         ABERDEEN
1863 08 04 08 00  57.20   -2.20 1006.8         ABERDEEN
1863 08 05 08 00  57.20   -2.20 1004.1         ABERDEEN
1863 08 06 08 00  57.20   -2.20 1002.4         ABERDEEN
1863 08 07 08 00  57.20   -2.20 1009.5         ABERDEEN
1863 08 08 08 00  57.20   -2.20 1005.1         ABERDEEN
1863 08 10 08 00  57.20   -2.20 1013.5         ABERDEEN
1863 08 11 08 00  57.20   -2.20 1007.5         ABERDEEN
1863 08 12 08 00  57.20   -2.20 1014.9         ABERDEEN
1863 08 13 08 00  57.20   -2.20 1016.9         ABERDEEN
1863 08 14 08 00  57.20   -2.20 1020.3         ABERDEEN
1863 08 15 08 00  57.20   -2.20 1001.7         ABERDEEN
1863 08 17 08 00  57.20   -2.20  995.9         ABERDEEN
1863 08 18 08 00  57.20   -2.20 1001.0         ABERDEEN
1863 08 19 08 00  57.20   -2.20 1006.1         ABERDEEN
1863 08 20 08 00  57.20   -2.20 1011.9         ABERDEEN
1863 08 21 08 00  57.20   -2.20 1020.0         ABERDEEN
1863 08 22 08 00  57.20   -2.20 1014.6         ABERDEEN
1863 08 24 08 00  57.20   -2.20 1003.4         ABERDEEN
1863 08 25 08 00  57.20   -2.20  997.6         ABERDEEN
1863 08 26 08 00  57.20   -2.20  994.2         ABERDEEN
1863 08 27 08 00  57.20   -2.20  997.3         ABERDEEN
1863 08 28 08 00  57.20   -2.20 1006.1         ABERDEEN
1863 08 29 08 00  57.20   -2.20 1001.4         ABERDEEN
1863 08 31 08 00  57.20   -2.20 1012.9         ABERDEEN
1863 08 01 08 00  53.27   -9.06 1012.9           GALWAY
1863 08 03 08 00  53.27   -9.06 1008.5           GALWAY
1863 08 04 08 00  53.27   -9.06 1009.8           GALWAY
1863 08 05 08 00  53.27   -9.06 1006.4           GALWAY
1863 08 06 08 00  53.27   -9.06 1006.8           GALWAY
1863 08 07 08 00  53.27   -9.06 1009.1           GALWAY
1863 08 08 08 00  53.27   -9.06 1007.5           GALWAY
1863 08 11 08 00  53.27   -9.06 1019.6           GALWAY
1863 08 12 08 00  53.27   -9.06 1020.7           GALWAY
1863 08 13 08 00  53.27   -9.06 1014.6           GALWAY
1863 08 14 08 00  53.27   -9.06 1008.5           GALWAY
1863 08 15 08 00  53.27   -9.06  994.6           GALWAY
1863 08 17 08 00  53.27   -9.06 1008.8           GALWAY
1863 08 18 08 00  53.27   -9.06 1016.9           GALWAY
1863 08 19 08 00  53.27   -9.06 1014.6           GALWAY
1863 08 20 08 00  53.27   -9.06 1023.0           GALWAY
1863 08 21 08 00  53.27   -9.06 1022.0           GALWAY
1863 08 22 08 00  53.27   -9.06 1019.0           GALWAY
1863 08 24 08 00  53.27   -9.06 1005.1           GALWAY
1863 08 25 08 00  53.27   -9.06  995.3           GALWAY
1863 08 26 08 00  53.27   -9.06  996.6           GALWAY
1863 08 27 08 00  53.27   -9.06  992.2           GALWAY
1863 08 28 08 00  53.27   -9.06 1004.7           GALWAY
1863 08 29 08 00  53.27   -9.06 1006.8           GALWAY
1863 08 31 08 00  53.27   -9.06 1015.9           GALWAY
1863 08 01 08 00  45.94   -0.96 1013.2        ROCHEFORT
1863 08 03 08 00  45.94   -0.96 1024.0        ROCHEFORT
1863 08 04 08 00  45.94   -0.96 1022.7        ROCHEFORT
1863 08 05 08 00  45.94   -0.96 1020.0        ROCHEFORT
1863 08 06 08 00  45.94   -0.96 1024.0        ROCHEFORT
1863 08 07 08 00  45.94   -0.96 1026.8        ROCHEFORT
1863 08 08 08 00  45.94   -0.96 1022.7        ROCHEFORT
1863 08 10 08 00  45.94   -0.96 1021.3        ROCHEFORT
1863 08 11 08 00  45.94   -0.96 1021.3        ROCHEFORT
1863 08 12 08 00  45.94   -0.96 1018.6        ROCHEFORT
1863 08 13 08 00  45.94   -0.96 1017.3        ROCHEFORT
1863 08 14 08 00  45.94   -0.96 1017.3        ROCHEFORT
1863 08 15 08 00  45.94   -0.96 1015.9        ROCHEFORT
1863 08 17 08 00  45.94   -0.96 1017.3        ROCHEFORT
1863 08 18 08 00  45.94   -0.96 1018.6        ROCHEFORT
1863 08 19 08 00  45.94   -0.96 1021.3        ROCHEFORT
1863 08 20 08 00  45.94   -0.96 1021.3        ROCHEFORT
1863 08 21 08 00  45.94   -0.96 1024.0        ROCHEFORT
1863 08 22 08 00  45.94   -0.96 1024.0        ROCHEFORT
1863 08 24 08 00  45.94   -0.96 1018.6        ROCHEFORT
1863 08 26 08 00  45.94   -0.96 1009.1        ROCHEFORT
1863 08 27 08 00  45.94   -0.96 1001.4        ROCHEFORT
1863 08 28 08 00  45.94   -0.96 1004.1        ROCHEFORT
1863 08 29 08 00  45.94   -0.96 1011.9        ROCHEFORT
1863 08 31 08 00  45.94   -0.96 1014.6        ROCHEFORT
1863 08 01 08 00  50.38   -4.14 1015.9         PLYMOUTH
1863 08 03 08 00  50.38   -4.14 1017.3         PLYMOUTH
1863 08 04 08 00  50.38   -4.14 1012.9         PLYMOUTH
1863 08 05 08 00  50.38   -4.14 1013.2         PLYMOUTH
1863 08 06 08 00  50.38   -4.14 1014.6         PLYMOUTH
1863 08 07 08 00  50.38   -4.14 1018.6         PLYMOUTH
1863 08 08 08 00  50.38   -4.14 1020.7         PLYMOUTH
1863 08 10 08 00  50.38   -4.14 1020.3         PLYMOUTH
1863 08 11 08 00  50.38   -4.14 1019.0         PLYMOUTH
1863 08 12 08 00  50.38   -4.14 1019.0         PLYMOUTH
1863 08 13 08 00  50.38   -4.14 1014.6         PLYMOUTH
1863 08 14 08 00  50.38   -4.14 1016.3         PLYMOUTH
1863 08 15 08 00  50.38   -4.14 1009.1         PLYMOUTH
1863 08 17 08 00  50.38   -4.14 1009.5         PLYMOUTH
1863 08 18 08 00  50.38   -4.14 1013.9         PLYMOUTH
1863 08 19 08 00  50.38   -4.14 1015.9         PLYMOUTH
1863 08 20 08 00  50.38   -4.14 1020.7         PLYMOUTH
1863 08 21 08 00  50.38   -4.14 1024.7         PLYMOUTH
1863 08 22 08 00  50.38   -4.14 1021.3         PLYMOUTH
1863 08 24 08 00  50.38   -4.14 1013.5         PLYMOUTH
1863 08 25 08 00  50.38   -4.14 1004.1         PLYMOUTH
1863 08 26 08 00  50.38   -4.14  998.0         PLYMOUTH
1863 08 27 08 00  50.38   -4.14  990.2         PLYMOUTH
1863 08 28 08 00  50.38   -4.14 1001.7         PLYMOUTH
1863 08 29 08 00  50.38   -4.14 1006.8         PLYMOUTH
1863 08 31 08 00  50.38   -4.14 1013.5         PLYMOUTH
1863 08 01 08 00  48.39   -4.49 1014.6            BREST
1863 08 03 08 00  48.39   -4.49 1018.6            BREST
1863 08 04 08 00  48.39   -4.49 1015.9            BREST
1863 08 05 08 00  48.39   -4.49 1013.2            BREST
1863 08 06 08 00  48.39   -4.49 1018.6            BREST
1863 08 07 08 00  48.39   -4.49 1020.0            BREST
1863 08 08 08 00  48.39   -4.49 1021.3            BREST
1863 08 10 08 00  48.39   -4.49 1021.3            BREST
1863 08 11 08 00  48.39   -4.49 1020.0            BREST
1863 08 12 08 00  48.39   -4.49 1018.6            BREST
1863 08 13 08 00  48.39   -4.49 1014.6            BREST
1863 08 14 08 00  48.39   -4.49 1015.9            BREST
1863 08 15 08 00  48.39   -4.49 1013.2            BREST
1863 08 17 08 00  48.39   -4.49 1013.2            BREST
1863 08 18 08 00  48.39   -4.49 1017.3            BREST
1863 08 19 08 00  48.39   -4.49 1020.0            BREST
1863 08 20 08 00  48.39   -4.49 1022.7            BREST
1863 08 21 08 00  48.39   -4.49 1025.4            BREST
1863 08 22 08 00  48.39   -4.49 1022.7            BREST
1863 08 24 08 00  48.39   -4.49 1014.6            BREST
1863 08 25 08 00  48.39   -4.49 1007.8            BREST
1863 08 26 08 00  48.39   -4.49  997.3            BREST
1863 08 27 08 00  48.39   -4.49  993.2            BREST
1863 08 28 08 00  48.39   -4.49 1002.7            BREST
1863 08 29 08 00  48.39   -4.49 1007.8            BREST
1863 08 31 08 00  48.39   -4.49 1015.9            BREST
1863 08 01 08 00  55.20   -6.99 1018.6      GREENCASTLE
1863 08 03 08 00  55.20   -6.99 1008.1      GREENCASTLE
1863 08 04 08 00  55.20   -6.99 1008.5      GREENCASTLE
1863 08 05 08 00  55.20   -6.99 1005.1      GREENCASTLE
1863 08 06 08 00  55.20   -6.99 1005.4      GREENCASTLE
1863 08 07 08 00  55.20   -6.99 1007.8      GREENCASTLE
1863 08 08 08 00  55.20   -6.99 1003.4      GREENCASTLE
1863 08 10 08 00  55.20   -6.99 1015.2      GREENCASTLE
1863 08 11 08 00  55.20   -6.99 1014.9      GREENCASTLE
1863 08 12 08 00  55.20   -6.99 1018.6      GREENCASTLE
1863 08 13 08 00  55.20   -6.99 1012.9      GREENCASTLE
1863 08 14 08 00  55.20   -6.99 1014.6      GREENCASTLE
1863 08 15 08 00  55.20   -6.99  994.2      GREENCASTLE
1863 08 17 08 00  55.20   -6.99 1002.4      GREENCASTLE
1863 08 18 08 00  55.20   -6.99 1010.5      GREENCASTLE
1863 08 19 08 00  55.20   -6.99 1007.5      GREENCASTLE
1863 08 20 08 00  55.20   -6.99 1019.0      GREENCASTLE
1863 08 21 08 00  55.20   -6.99 1021.0      GREENCASTLE
1863 08 22 08 00  55.20   -6.99 1017.3      GREENCASTLE
1863 08 24 08 00  55.20   -6.99 1004.4      GREENCASTLE
1863 08 25 08 00  55.20   -6.99  998.0      GREENCASTLE
1863 08 26 08 00  55.20   -6.99  997.0      GREENCASTLE
1863 08 27 08 00  55.20   -6.99  995.6      GREENCASTLE
1863 08 28 08 00  55.20   -6.99 1004.4      GREENCASTLE
1863 08 29 08 00  55.20   -6.99 1003.4      GREENCASTLE
1863 08 31 08 00  55.20   -6.99 1013.5      GREENCASTLE
