01 29943 29941 29938 29941 29951 29969 29970 29989 30003 30019 30028 30039 30042 30050 30055 30062 30058 30068 30069 30078 30086 30091 30088 30090
02 30085 30080 30072 30080 30078 30089 30094 30107 30114 30128 30135 30145 30150 30154 30148 30162 30162 30171 30182 30195 30211 30223 30223 30230
03 30225 30228 30227 30231 30234 30244 30251 30264 30266 30269 30267 30288 30282 30292 30283 30288 30280 30270 30271 30274 30270 30275 30264 30264
04 30252 30248 30237 30226 30228 30224 30215 30215 30214 30230 30218 30223 30214 30212 30205 30203 30195 30195 30190 30195 30195 30195 30183 30177
05 30167 30167 30147 30131 30124 30113 30121 30122 30115 30121 30110 30114 30102 30097 30084 30074 30064 30045 30037 30031 30028 30017 29994 29991
06 29973 29955 29937 29925 29921 29922 29927 29937 29945 29965 29966 29979 29980 29991 29992 30002 29997 29999 29998 30013 30031 30043 30044 30055
07 30052 30053 30053 30065 30073 30087 30087 30097 30113 30118 30112 30116 30113 30109 30088 30084 30053 30039 30016 29988 29954 29908 29841 29798
08 29751 29712 29658 29622 29601 29581 29580 29584 29587 29600 29589 29593 29587 29604 29618 29635 29644 29662 29675 29692 29699 29720 29716 29717
09 29713 29708 29697 29698 29699 29707 29708 29717 29728 29737 29742 29743 29747 29755 29750 29750 29740 29732 29733 29732 29740 29737 29731 29735
10 29730 29725 29712 29713 29712 29719 29725 29733 29736 29750 29757 29767 29774 29792 29795 29807 29811 29823 29835 29853 29859 29875 29878 29880
11 29895 29902 29904 29914 29925 29940 29947 29964 29977 29994 29991 30093 30002 30011 30012 30005 30000 30000 30000 30005 30010 30007 29998 29987
12 29982 29964 29938 29914 29894 29871 29858 29831 29802 29791 29781 29773 29755 29745 29736 29731 29724 29707 29707 29699 29697 29690 29675 29678
13 29684 29672 29656 29637 29626 29627 29621 29628 29627 29653 29637 29637 29624 29595 29604 29587 29564 29548 29535 29515 29497 29480 29445 29423
14 29384 29356 29324 29293 29281 29293 29297 29310 29318 29353 29375 29404 29429 29471 29485 29513 29524 29557 29595 29637 29664 29689 29693 29711
15 29708 29713 29710 29681 29707 29757 29797 29838 29867 29908 29931 29955 29958 29988 29999 30025 30028 30045 30049 30065 30068 30080 30073 30065
16 30057 30045 30027 30018 30013 29999 29998 29999 29987 29980 29969 29970 29965 29966 29967 29967 29957 29967 29977 29984 29993 29999 29995 29992
17 29983 29974 29975 29964 29957 29955 29962 29964 29978 30002 30013 30025 30038 30054 30056 30071 30076 30087 30093 30111 30121 30145 30143 30149
18 30157 30162 30160 30162 30167 30184 30183 30193 30204 30214 30212 30220 30211 30219 30216 30215 30213 30220 30224 30233 30244 30245 30245 30247
19 30245 30243 30230 30236 30231 30234 30232 30229 30227 30223 30217 30207 30197 30177 30167 30157 30137 30110 30088 30084 30071 30053 30024 29991
20 29974 29954 29937 29913 29900 29887 29867 29864 29866 29887 29898 29920 29936 29957 29958 29985 29988 30007 30028 30051 30067 30089 30090 30095
21 30098 30107 30115 30116 30120 30141 30148 30149 30164 30175 30181 30181 30168 30175 30165 30164 30172 30177 30177 30188 30187 30186 30193 30197
22 30193 30197 30199 30197 30195 30207 30221 30231 30233 30242 30245 30250 30257 30254 30254 30263 30260 30262 30267 30285 30291 30305 30297 30294
23 30285 30284 30283 30285 30285 30290 30293 30307 30309 30325 30313 30318 30309 30310 30306 30305 30294 30294 30299 30307 30308 30309 30305 30297
24 30284 30277 30268 30255 30247 30247 30247 30251 30248 30250 30243 30238 30231 30224 30212 30205 30195 30193 30185 30192 30193 30194 30185 30173
25 30164 30158 30147 30141 30137 30135 30133 30133 30140 30145 30127 30130 30127 30132 30121 30110 30107 30107 30107 30114 30118 30125 30114 30105
26 30097 30088 30085 30085 30085 30091 30091 30097 30099 30112 30111 30115 30113 30115 30093 30093 30087 30084 30071 30073 30067 30065 30041 30042
27 30037 30021 30008 30004 29995 29987 29988 29995 29997 29999 30001 30013 30007 30053 30008 30007 30044 30057 30057 30064 30072 30084 30074 30077
28 30072 30075 30061 30057 30035 30037 30043 30027 30004 29995 29972 29956 29947 29931 29903 29881 29861 29855 29857 29865 29869 29871 29867 29875
29 29871 29867 29885 29868 29874 29878 29894 29904 29908 29913 29915 29928 29920 29927 29924 29928 29911 29900 29907 29902 29891 29868 29835 29810
30 29768 29754 29748 29757 29754 29771 29787 29795 29794 29799 29795 29796 29791 29796 29789 29795 29774 29767 29763 29767 29767 29755 29747 29734
31 29716 29708 29675 29665 29657 29648 29662 29662 29657 29664 29657 29664 29661 29654 29657 29651 29637 29632 29627 29627 29611 29586 29551 29527
