01 30206 30219 30212 30219 30225 30251 30270 30288 30291 30298 30299 30307 30311 30304 30306 30307 30312 30326 30341 30349 30349 30362 30366 30381
02 30384 30386 30381 30382 30382 30383 30396 30408 30432 30436 30437 30437 30429 30421 30415 30411 30416 30423 30430 30433 30442 30451 30450 30449
03 30447 30441 30431 30426 30420 30422 30432 30438 30447 30445 30455 30454 30451 30447 30444 30444 30450 30459 30461 30464 30465 30470 30463 30469
04 30474 30467 30464 30458 30455 30460 30464 30480 30487 30496 30492 30490 30482 30482 30488 30483 30487 30494 30513 30513 30521 30515 30518 30522
05 30526 30519 30500 30496 30499 30473 30491 30503 30481 30466 30471 30455 30429 30398 30314 30341 30331 30336 30339 30338 30327 30300 30271 30261
06 30231 30205 30191 30181 30197 30189 30195 30213 30209 30228 30236 30230 30236 30231 30227 30230 30242 30250 30265 30261 30253 30252 30247 30241
07 30242 30221 30186 30182 30151 30135 30108 30084 30065 30046 30019 30001 29961 29943 29917 29906 29894 29894 29898 29887 29878 29871 29874 29878
08 29878 29877 29867 29866 29868 29883 29889 29912 29919 29918 29947 29967 29994 29996 30004 30014 30025 30044 30045 30047 30055 30050 30048 30047
09 30050 30041 30012 30021 30005 30004 29999 29997 29991 29975 29949 29928 29908 29881 29865 29834 29808 29791 29780 29768 29754 29750 29750 29740
10 29733 29727 29724 29718 29714 29714 29714 29723 29723 29718 29720 29717 29713 29715 29708 29700 29698 29698 29706 29708 29716 29723 29719 29708
11 29708 29699 29690 29677 29669 29661 29663 29667 29655 29640 29621 29594 29575 29565 29560 29575 29590 29614 29628 29654 29661 29670 29668 29682
12 29683 29707 29710 29724 29729 29741 29755 29766 29775 29785 29791 29794 29789 29788 29787 29790 29788 29796 29798 29807 29812 29810 29808 29812
13 29808 29800 29790 29779 29782 29780 29767 29763 29759 29752 29744 29729 29712 29693 29685 29675 29669 29658 29652 29638 29625 29622 29606 29598
14 29600 29607 29609 29609 29607 29610 29614 29622 29628 29630 29630 29639 29636 29633 29634 29629 29632 29638 29643 29641 29645 29644 29642 29636
15 29627 29621 29613 29601 29594 29588 29586 29588 29571 29568 29564 29561 29552 29545 29534 29527 29522 29522 29518 29512 29501 29493 29484 29468
16 29445 29426 29409 29388 29375 29353 29332 29312 29282 29254 29232 29198 29186 29187 29203 29214 29222 29242 29262 29277 29291 29291 29293 29276
17 29260 29254 29249 29250 29246 29248 29241 29238 29224 29224 29255 29246 29256 29256 29259 29282 29303 29312 29331 29332 29345 29341 29350 29353
18 29343 29345 29336 29328 29319 29316 29307 29313 29318 29317 29324 29330 29330 29336 29353 29373 29387 29412 29448 29474 29506 29523 29546 29558
19 29574 29585 29593 29595 29620 29632 29647 29669 29684 29698 29699 29703 29705 29705 29706 29704 29706 29710 29722 29726 29726 29725 29721 29715
20 29710 29696 29687 29682 29678 29678 29681 29682 29668 29664 29660 29657 29662 29652 29639 29632 29611 29612 29609 29605 29609 29610 29608 29608
21 29600 29598 29587 29599 29602 29611 29622 29644 29657 29676 29692 29696 29701 29722 29732 29751 29781 29805 29837 29880 29923 29952 29972 30001
22 30025 30056 30070 30085 30100 30123 30146 30165 30176 30199 30214 30228 30226 30229 30227 30237 30236 30250 30257 30271 30280 30284 30279 30271
23 30268 30258 30249 30245 30229 30232 30224 30216 30218 30210 30187 30146 30117 30080 30056 30045 30031 29995 29987 29972 29953 29942 29893 29866
24 29853 29810 29779 29742 29717 29706 29686 29670 29657 29653 29655 29663 29683 29704 29714 29728 29739 29745 29755 29756 29767 29759 29756 29734
25 29704 29683 29659 29640 29605 29572 29518 29448 29380 29281 29211 29153 29102 29047 29022 29033 29052 29082 29088 29103 29117 29105 29104 29087
26 29087 29081 29059 29045 29046 29040 29041 29045 29046 29049 29044 29044 29047 29042 29046 29055 29078 29100 29128 29146 29166 29188 29202 29226
27 29246 29264 29270 29288 29316 29344 29364 29386 29398 29420 29438 29436 29438 29440 29462 29472 29494 29534 29573 29610 29632 29644 29662 29687
28 29706 29712 29731 29742 29764 29796 29820 29834 29849 29864 29876 29876 29880 29872 29867 29875 29874 29870 29865 29855 29839 29829 29815 29797
29 29761 29732 29701 29669 29646 29626 29607 29583 29549 29517 29494 29438 29398 29363 29306 29256 29206 29158 29117 29063 29024 28975 28939 28912
30 28885 28840 28810 28789 28763 28722 28713 28742 28785 28832 28862 28899 28952 28982 29010 29052 29078 29105 29142 29163 29166 29161 29178 29206
31 29224 29236 29262 29286 29302 29338 29378 29410 29438 29473 29516 29545 29573 29606 29638 29658 29684 29720 29750 29777 29701 29830 29848 29856
