01 29299 29287 29270 29252 29246 29233 29223 29223 29209 29202 29184 29168 29159 29136 29115 29099 29070 29053 29027 29017 29000 28968 28946 28915
02 28880 28853 28821 28798 28775 28754 28734 28717 28692 28678 28665 28665 28670 28652 28650 28642 28649 28658 28676 28703 28707 28719 28732 28747
03 28766 28788 28790 28807 28821 28831 28846 28866 28885 28904 28923 28940 28958 28978 29001 29022 29041 29073 29103 29145 29165 29187 29209 29233
04 29249 29266 29272 29283 29294 29313 29327 29343 29360 29366 29381 29394 29401 29403 29412 29424 29430 29447 29467 29493 29500 29510 29515 29526
05 29532 29549 29570 29592 29612 29635 29666 29690 29704 29718 29734 29749 29761 29769 29773 29783 29779 29780 29787 29779 29775 29772 29752 29734
06 29704 29682 29663 29623 29563 29526 29473 29437 29425 29417 29417 29424 29423 29423 29410 29416 29410 29401 29393 29405 29402 29407 29371 29360
07 29362 29354 29335 29327 29312 29319 29319 29329 29343 29357 29380 29398 29399 29410 29425 29437 29447 29464 29470 29476 29482 29483 29481 29479
08 29477 29482 29485 29490 29499 29516 29537 29556 29586 29606 29634 29664 29680 29706 29734 29754 29770 29792 29810 29829 29844 29851 29852 29856
09 29854 29857 29850 29841 29834 29831 29833 29829 29825 29820 29814 29798 29790 29774 29772 29771 29762 29759 29750 29741 29723 29714 29698 29691
10 29674 29663 29651 29638 29624 29626 29626 29625 29630 29636 29641 29644 29644 29658 29674 29696 29714 29743 29771 29788 29804 29824 29838 29861
11 29880 29896 29908 29924 29937 29964 29975 29988 30002 30017 30012 30021 30021 30019 30021 30021 30021 30032 30055 30070 30175 30078 30074 30076
12 30071 30064 30057 30058 30057 30068 30065 30068 30069 30064 30058 30055 30049 30041 30032 30028 30032 30041 30052 30058 30061 30059 30061 30062
13 30067 30058 30058 30057 30059 30068 30076 30092 30100 30101 30093 30089 30079 30067 30058 30051 30047 30060 30074 30082 30091 30092 30091 30093
14 30091 30086 30075 30063 30058 30057 30055 30053 30049 30037 30025 30011 30001 29981 29969 29956 29951 29956 29964 29968 29970 29968 29958 29949
15 29934 29920 29907 29894 29880 29874 29864 29865 29857 29844 29835 29816 29814 29810 29802 29792 29794 29792 29793 29802 29810 29818 29817 29814
16 29819 29825 29832 29835 29844 29858 29869 29875 29886 29894 29900 29905 29907 29910 29908 29914 29924 29934 29949 29958 29963 29966 29967 29973
17 29972 29972 29973 29973 29972 29982 29988 29991 30000 30002 30003 29994 29993 29980 29973 29964 29963 29968 29974 29982 29984 29982 29986 29987
18 29990 29994 29992 29987 29990 29992 30002 30008 30012 30006 29994 29987 29985 29981 29972 29969 29969 29970 29978 29986 29980 29982 29980 29976
19 29970 29967 29945 29940 29922 29911 29918 29908 29888 29886 29877 29866 29846 29821 29817 29798 29782 29773 29765 29758 29755 29745 29729 29720
20 29707 29700 29684 29670 29664 29662 29659 29662 29658 29668 29663 29631 29639 29647 29644 29639 29629 29637 29647 29660 29657 29639 29638 29634
21 29622 29620 29614 29609 29618 29621 29623 29627 29631 29634 29642 29637 29630 29627 29622 29608 29604 29602 29600 29603 29603 29604 29598 29586
22 29576 29566 29558 29557 29558 29556 29566 29572 29581 29580 29582 29582 29582 29582 29584 29594 29608 29629 29657 29687 29707 29725 29735 29742
23 29748 29764 29777 29788 29787 29788 29796 29801 29814 29823 29816 29812 29784 29778 29762 29744 29726 29728 29718 29716 29684 29663 29635 29608
24 29566 29533 29494 29472 29448 29410 29383 29359 29329 29309 29297 29279 29266 29250 29245 29245 29246 29242 29248 29252 29260 29267 29271 29263
25 29267 29265 29264 29267 29272 29283 29305 29323 29341 29361 29378 29384 29387 29400 29421 29426 29451 29467 29483 29493 29499 29501 29496 29487
26 29473 29450 29422 29383 29336 29276 29239 29187 29123 29062 28998 28944 28888 28768 28693 28664 28689 28772 28857 28908 28948 28970 28984 28988
27 28979 28980 28992 28998 29008 29019 29036 29056 29061 29089 29098 29108 29118 29130 29138 29153 29174 29187 29219 29235 29233 29256 29269 29286
28 29297 29306 29311 29314 29313 29323 29324 29328 29324 29305 29305 29296 29278 29253 29230 29209 29197 29181 29158 29146 29136 29125 29115 29105
29 29101 29100 29095 29094 29112 29130 29150 29183 29204 29226 29247 29254 29264 29274 29286 29305 29323 29342 29376 29392 29404 29417 29430 29437
30 29457 29461 29474 29479 29487 29502 29513 29532 29531 29550 29555 29555 29550 29553 29563 29567 29577 29594 29607 29629 29639 29648 29652 29657
