01 29294 29284 29280 29260 29254 29250 29242 29244 29254 29272 29260 29240 29216 29196 29168 29126 29106 29093 29076 29074 29084 29092 29104 29118
02 29118 29112 29118 29118 29104 29100 29078 29098 29104 29108 29104 29090 29060 29034 28988 28948 28886 28922 28936 28976 29036 29106 29174 29256
03 29294 29342 29366 29384 29410 29460 29482 29502 29538 29570 29603 29615 29621 29633 29649 29669 29679 29699 29707 29709 29727 29745 29743 29747
04 29745 29747 29741 29737 29729 29737 29737 29743 29747 29753 29750 29736 29726 29720 29714 29708 29698 29700 29704 29704 29696 29704 29702 29692
05 29688 29700 29694 29692 29688 29690 29686 29682 29690 29688 29671 29643 29631 29635 29641 29651 29667 29693 29721 29751 29781 29803 29825 29853
06 29873 29901 29915 29935 29945 29965 29983 30009 30031 30047 30055 30051 30047 30049 30051 30061 30073 30071 30071 30079 30081 30077 30079 30071
07 30075 30083 30089 30083 30085 30080 30081 30091 30091 30085 30081 30055 30037 30029 30027 30029 30031 30031 30029 30027 30019 30001 29989 29973
08 29961 29953 29937 29933 29919 29907 29893 29895 29897 29893 29878 29866 29844 29832 29828 29822 29820 29802 29792 29768 29748 29734 29718 29686
09 29656 29642 29652 29632 29616 29606 29598 29578 29554 29522 29482 29446 29414 29384 29348 29350 29332 29326 29326 29304 29296 29276 29268 29248
10 29248 29250 29244 29246 29246 29250 29254 29256 29254 29256 29256 29256 29250 29238 29236 29236 29224 29228 29221 29204 29194 29184 29174 29174
11 29156 29160 29160 29156 29152 29152 29174 29190 29194 29198 29214 29226 29232 29236 29248 29256 29258 29270 29282 29290 29290 29288 29294 29296
12 29286 29278 29268 29252 29236 29230 29220 29216 29210 29204 29192 29168 29146 29130 29122 29124 29120 29096 29074 29066 29040 29020 29010 28980
13 28968 28966 28964 28962 28956 28948 28956 28972 28984 28980 28977 28987 28983 29001 29027 29049 29063 29079 29097 29109 29129 29141 29149 29145
14 29153 29163 29159 29165 29155 29143 29147 29155 29159 29159 29124 29104 29060 29054 29040 29030 29004 28990 28942 28930 28914 28880 28872 28858
15 28842 28834 28828 28832 28832 28834 28836 28852 28872 28886 28896 28895 28892 28900 28906 28936 28952 28972 28980 29004 29016 29038 29058 29064
16 29080 29104 29126 29152 29176 29190 29224 29250 29282 29312 29334 29353 29367 29377 29397 29425 29443 29457 29465 29469 29483 29497 29497 29497
17 29489 29479 29485 29483 29477 29487 29507 29517 29523 29533 29526 29524 29528 29536 29542 29544 29550 29552 29554 29556 29550 29550 29542 29534
18 29520 29504 29506 29496 29498 29510 29510 29522 29542 29570 29599 29617 29625 29637 29647 29661 29669 29693 29711 29731 29751 29763 29785 29805
19 29823 29827 29835 29833 29827 29821 29807 29797 29803 29781 29754 29706 29636 29600 29574 29554 29524 29512 29484 29466 29458 29522 29558 29578
20 29602 29628 29642 29650 29672 29698 29714 29740 29772 29796 29812 29818 29820 29830 29840 29854 29864 29876 29884 29902 29894 29902 29904 29916
21 29912 29920 29916 29918 29926 29934 29942 29946 29960 29974 29984 29984 29982 29979 29976 29976 29986 29990 29990 29992 30002 30010 30024 30026
22 30022 30024 30040 30048 30054 30064 30076 30076 30096 30112 30117 30109 30117 30127 30127 30131 30143 30157 30163 30173 30169 30173 30187 30175
23 30183 30193 30181 30185 30185 30173 30167 30165 30175 30157 30139 30113 30089 30067 30047 30039 30037 30027 30009 30001 29973 29933 29925 29917
24 29875 29823 29821 29801 29767 29727 29663 29635 29599 29541 29520 29456 29404 29336 29290 29240 29188 29128 29056 29094 29044 29042 29026 29014
25 29008 29024 29048 29070 29094 29120 29148 29168 29176 29176 29154 29138 29110 29102 29068 29050 29024 28986 28922 28828 28706 28568 28460 28346
26 28246 28216 28224 28248 28266 28300 28376 28466 28518 28558 28591 28619 28645 28663 28683 28695 28721 28737 28771 28797 28821 28869 28907 28961
27 29007 29067 29085 29109 29117 29121 29085 29069 29007 28917 28832 28778 28724 28708 28684 28684 28710 28714 28778 28876 28964 29062 29132 29208
28 29258 29318 29360 29400 29436 29462 29472 29486 29486 29492 29501 29483 29475 29449 29449 29427 29395 29347 29271 29199 29103 29035 28977 28947
29 28915 28887 28861 28835 28809 28803 28823 28859 28897 28942 28958 28976 28976 28986 28996 29008 29012 29010 29002 28994 29014 28996 28996 29002
30 29002 29004 29008 29008 28996 28996 28990 28974 28954 28954 29006 29032 29066 29092 29102 29116 29142 29154 29178 29184 29192 29194 29198 29202
31 29206 29204 29176 29166 29166 29164 29156 29164 29174 29168 29164 29152 29130 29116 29132 29134 29144 29150 29152 29144 29134 29132 29136 29136
