01 29584 29600 29607 29608 29604 29594 29590 29592 29600 29608 29596 29560 29534 29516 29512 29512 29520 29536 29546 29554 29555 29570 29578 29578
02 29567 29556 29550 29550 29560 29570 29580 29596 29604 29604 29623 29625 29627 29635 29643 29652 29664 29689 29707 29733 29757 29771 29813 29847
03 29861 29847 29851 29851 29871 29884 29894 29911 29921 29933 29936 29923 29915 29911 29909 29899 29893 29885 29883 29881 29876 29877 29859 29839
04 29819 29816 29805 29787 29769 29757 29748 29757 29765 29777 29786 29758 29750 29748 29770 29798 29820 29848 29875 29894 29907 29924 29924 29930
05 29926 29910 29910 29902 29878 29856 29838 29840 29860 29893 29907 29924 29936 29948 29976 29998 30030 30066 30088 30106 30130 30150 30168 30186
06 30192 30198 30219 30224 30222 30222 30225 30238 30242 30262 30272 30265 30264 30258 30250 30246 30246 30250 30248 30248 30248 30246 30234 30227
07 30214 30216 30212 30206 30196 30196 30192 30186 30190 30180 30164 30138 30112 30089 30084 30070 30062 30047 30030 30012 30006 29992 29986 29965
08 29956 29936 29916 29896 29878 29856 29846 29844 29831 29820 29806 29776 29756 29732 29714 29698 29678 29650 29624 29602 29590 29564 29540 29508
09 29482 29465 29443 29414 29386 29360 29336 29318 29313 29296 29274 29221 29201 29183 29161 29149 29139 29133 29129 29123 29116 29121 29129 29127
10 29125 29113 29121 29107 29101 29097 29083 29083 29087 29081 29092 29080 29046 29026 29012 29000 28984 28972 28965 28974 28990 29004 29015 29035
11 29050 29055 29080 29088 29112 29132 29144 29155 29165 29175 29185 29177 29185 29189 29213 29224 29234 29251 29273 29283 29283 29289 29293 29296
12 29291 29285 29291 29279 29267 29269 29269 29264 29267 29259 29254 29211 29177 29153 29141 29127 29095 29063 29035 28999 28971 28935 28911 28879
13 28863 28853 28837 28823 28813 28809 28814 28827 28847 28863 28888 28895 28920 28946 28984 29016 29046 29070 29092 29125 29150 29164 29190 29214
14 29220 29235 29235 29240 29280 29288 29282 29265 29257 29266 29242 29210 29210 29192 29160 29128 29114 29100 29110 29110 29102 29107 29108 29090
15 29092 29084 29084 29090 29090 29094 29094 29102 29112 29126 29136 29136 29136 29143 29153 29163 29179 29187 29201 29207 29217 29246 29259 29279
16 29296 29325 29347 29376 29413 29459 29487 29519 29561 29596 29647 29659 29675 29689 29705 29724 29751 29767 29771 29779 29782 29795 29795 29789
17 29783 29792 29793 29793 29801 29807 29821 29833 29847 29857 29864 29862 29854 29858 29858 29858 29860 29860 29860 29858 29852 29846 29856 29850
18 29844 29844 29844 29838 29838 29832 29848 29872 29896 29918 29940 29940 29948 29948 29976 29988 29998 30013 30026 30050 30060 30060 30062 30074
19 30074 30064 30062 30046 30024 30003 29994 29994 29994 29992 29986 29975 29950 29932 29916 29922 29918 29916 29918 29904 29910 29920 29926 29926
20 29926 29927 29930 29932 29940 29950 29962 29976 29996 30012 30020 30022 30016 30009 30009 30016 30014 30028 30036 30040 30044 30045 30052 30054
21 30046 30040 30042 30046 30046 30046 30052 30054 30064 30083 30088 30076 30072 30066 30072 30078 30086 30099 30106 30112 30120 30133 30142 30158
22 30160 30174 30180 30180 30196 30198 30207 30214 30220 30238 30247 30254 30247 30257 30263 30261 30274 30273 30271 30269 30275 30279 30281 30272
23 30271 30289 30285 30275 30261 30261 30251 30249 30247 30248 30234 30228 30232 30208 30196 30188 30198 30198 30186 30188 30144 30128 30136 30096
24 30080 30102 30050 30024 30016 29992 29973 29932 29900 29900 29878 29810 29762 29712 29652 29626 29586 29552 29520 29500 29492 29500 29492 29500
25 29500 29490 29524 29520 29532 29536 29558 29580 29580 29575 29570 29534 29504 29458 29392 29340 29246 29134 29038 28990 28994 29014 29028 29036
26 29055 29084 29120 29146 29162 29188 29202 29214 29232 29228 29254 29263 29251 29259 29276 29297 29317 29337 29371 29391 29444 29487 29524 29574
27 29597 29609 29621 29614 29579 29539 29507 29493 29471 29447 29429 29383 29349 29361 29395 29436 29469 29529 29569 29611 29656 29711 29761 29809
28 29825 29855 29876 29909 29923 29935 29943 29945 29955 29955 29977 29941 29913 29859 29827 29795 29737 29693 29651 29619 29593 29567 29541 29531
29 29507 29475 29455 29435 29405 29373 29357 29335 29311 29291 29324 29334 29328 29332 29342 29354 29364 29374 29272 29386 29404 29440 29438 29462
30 29470 29475 29472 29478 29480 29498 29525 29531 29536 29548 29586 29583 29572 29563 29563 29562 29560 29558 29548 29520 29494 29442 29398 29343
31 29276 29218 29166 29136 29102 29070 29053 29048 29058 29064 29077 29087 29103 29124 29147 29172 29194 29227 29241 29251 29261 29285 29283 29293
