01 29827 29817 29810 29804 29812 29827 29835 29853 29865 29888 29907 29915 29917 29933 29934 29944 29958 29958 29974 29988 29999 30009 30012 30018
02 30018 30023 30032 30036 30042 30057 30064 30083 30090 30111 30113 30115 30111 30115 30113 30117 30116 30117 30119 30127 30137 30145 30143 30147
03 30138 30127 30102 30088 30088 30100 30093 30090 30085 30075 30077 30082 30070 30057 30045 30034 30024 30023 30017 30013 30012 30004 30003 29999
04 29973 29954 29944 29930 29912 29913 29911 29911 29900 29896 29887 29884 29883 29872 29864 29860 29863 29861 29863 29865 29865 29854 29853 29841
05 29825 29822 29799 29792 29790 29788 29792 29792 29800 29783 29777 29774 29781 29784 29773 29758 29747 29741 29727 29734 29734 29732 29727 29721
06 29697 29697 29684 29673 29661 29652 29652 29657 29657 29657 29664 29664 29667 29673 29660 29657 29652 29654 29653 29663 29673 29680 29675 29671
07 29668 29657 29649 29648 29649 29649 29651 29652 29652 29656 29664 29671 29673 29679 29665 29669 29664 29667 29668 29672 29685 29694 29694 29695
08 29697 29697 29692 29690 29687 29695 29697 29696 29698 29703 29717 29718 29717 29727 29730 29738 29740 29749 29758 29769 29787 29794 29807 29813
09 29817 29824 29825 29845 29857 29880 29892 29908 29924 29940 29957 29969 29977 29994 29993 29998 30008 30018 30030 30047 30064 30080 30087 30098
10 30101 30103 30101 30105 30117 30132 30137 30143 30149 30148 30155 30168 30169 30176 30177 30177 30175 30181 30191 30195 30207 30213 30213 30214
11 30218 30217 30220 30227 30230 30256 30254 30267 30268 30271 30287 30292 30292 30295 30294 30304 30307 30315 30317 30328 30338 30354 30358 30361
12 30357 30358 30358 30363 30371 30378 30388 30397 30399 30412 30413 30421 30421 30430 30431 30430 30425 30427 30428 30434 30445 30449 30449 30452
13 30448 30448 30444 30445 30445 30457 30464 30465 30464 30465 30467 30467 30466 30470 30465 30457 30457 30454 30454 30452 30454 30449 30448 30443
14 30433 30423 30414 30408 30405 30409 30400 30400 30397 30390 30384 30374 30363 30354 30342 30331 30314 30297 30285 30277 30267 30252 30235 30212
15 30180 30157 30135 30134 30125 30121 30121 30131 30132 30132 30130 30127 30129 30131 30120 30109 30101 30099 30103 30107 30112 30115 30117 30118
16 30107 30097 30104 30107 30108 30120 30127 30132 30138 30127 30127 30127 30117 30124 30110 30103 30097 30093 30087 30097 30103 30108 30112 30113
17 30111 30111 30119 30127 30132 30143 30147 30138 30137 30137 30138 30147 30142 30145 30137 30137 30128 30123 30126 30127 30128 30127 30127 30127
18 30120 30105 30091 30093 30084 30099 30099 30115 30125 30139 30147 30160 30161 30178 30173 30184 30177 30174 30172 30164 30171 30159 30149 30145
19 30131 30121 30099 30084 30075 30071 30056 30047 30027 30022 30008 30004 29984 29974 29955 29942 29932 29931 29924 29924 29924 29921 29913 29907
20 29895 29887 29877 29870 29874 29883 29880 29893 29900 29917 29932 29954 29957 29965 29971 29984 29981 29988 29997 30013 30020 30038 30032 30028
21 30028 30028 30025 30025 30024 30035 30031 30047 30044 30049 30047 30047 30044 30047 30043 30043 30027 30024 30014 30011 29997 29982 29950 29925
22 29893 29873 29868 29872 29873 29884 29885 29898 29907 29914 29923 29928 29931 29937 29933 29932 29927 29924 29912 29915 29907 29899 29887 29873
23 29854 29843 29822 29808 29793 29787 29778 29780 29776 29772 29766 29765 29764 29759 29753 29745 29740 29735 29733 29738 29737 29734 29732 29727
24 29715 29715 29712 29707 29708 29713 29714 29715 29716 29720 29722 29731 29731 29734 29734 29739 29737 29741 29741 29747 29756 29759 29756 29753
25 29747 29742 29733 29724 29722 29723 29718 29717 29717 29716 29717 29715 29717 29722 29721 29719 29723 29728 29731 29748 29758 29763 29765 29765
26 29757 29758 29757 29752 29751 29758 29757 29763 29762 29762 29762 29775 29762 29767 29764 29767 29762 29764 29763 29768 29768 29766 29753 29749
27 29733 29714 29702 29681 29656 29645 29627 29618 29595 29556 29528 29498 29477 29468 29462 29463 29463 29487 29499 29512 29527 29541 29545 29544
28 29551 29548 29549 29565 29583 29599 29620 29638 29652 29662 29673 29689 29697 29698 29697 29698 29708 29712 29712 29727 29727 29727 29731 29740
29 29733 29728 29729 29729 29729 29737 29743 29756 29761 29768 29780 29778 29785 29796 29795 29803 29814 29827 29836 29844 29857 29862 29865 29872
30 29873 29873 29875 29878 29884 29890 29892 29902 29897 29889 29888 29885 29883 29870 29853 29824 29809 29790 29769 29760 29739 29703 29673 29649
