01 29932 29948 29963 29969 29982 30000 30016 30032 30038 30044 30056 30054 30053 30059 30046 30043 30049 30049 30054 30045 30023 30013 30014 29996
02 29978 29946 29919 29917 29896 29886 29862 29858 29836 29832 29813 29793 29775 29780 29750 29745 29747 29756 29772 29777 29778 29790 29800 29810
03 29835 29868 29903 29926 29960 29983 30012 30029 30046 30070 30079 30087 30092 30091 30089 30091 30081 30086 30091 30102 30093 30090 30066 30036
04 30011 30001 29991 29976 29972 29967 29968 29975 29971 29971 29978 29978 29975 29980 29979 29983 29990 30000 30009 30016 30020 30022 30018 30006
05 29996 29990 29984 29982 29977 29982 30003 30036 30062 30072 30091 30111 30140 30159 30176 30188 30210 30233 30258 30290 30315 30331 30349 30366
06 30385 30396 30408 30426 30442 30470 30466 30478 30498 30522 30528 30526 30524 30526 30525 30532 30532 30531 30538 30552 30558 30555 30552 30544
07 30539 30527 30522 30502 30489 30483 30475 30469 30458 30446 30443 30434 30427 30419 30412 30414 30414 30418 30417 30418 30416 30415 30416 30409
08 30416 30408 30407 30403 30397 30399 30408 30410 30402 30396 30395 30394 30386 30379 30378 30378 30377 30379 30383 30387 30382 30369 30359 30359
09 30342 30329 30315 30309 30311 30312 30314 30314 30316 30315 30307 30306 30298 30306 30307 30319 30333 30341 30348 30357 30360 30366 30370 30375
10 30374 30370 30366 30363 30360 30360 30364 30367 30357 30357 30343 30331 30317 30303 30282 30268 30250 30255 30260 30270 30257 30255 30247 30236
11 30219 30203 30202 30200 30193 30199 30195 30197 30200 30198 30196 30190 30199 30200 30199 30199 30214 30230 30231 30236 30233 30227 30214 30205
12 30195 30183 30173 30160 30144 30139 30128 30120 30110 30102 30092 30068 30048 30023 30005 29978 29960 29941 29918 29898 29872 29840 29818 29792
13 29763 29738 29722 29701 29685 29674 29655 29646 29628 29621 29614 29613 29608 29608 29611 29624 29634 29649 29663 29680 29688 29693 29695 29701
14 29701 29700 29700 29701 29697 29704 29700 29693 29685 29678 29669 29647 29635 29626 29608 29595 29587 29586 29586 29581 29568 29555 29533 29515
15 29501 29465 29449 29424 29412 29411 29388 29390 29391 29378 29365 29362 29371 29371 29374 29372 29392 29393 29417 29431 29437 29438 29447 29455
16 29462 29478 29480 29472 29484 29495 29489 29495 29488 29490 29497 29496 29514 29511 29521 29547 29561 29579 29602 29621 29627 29641 29647 29650
17 29643 29639 29631 29624 29618 29616 29612 29603 29600 29572 29552 29539 29520 29508 29489 29475 29452 29435 29425 29444 29439 29419 29390 29375
18 29357 29348 29343 29332 29321 29316 29309 29290 29278 29263 29242 29243 29253 29243 29245 29229 29227 29226 29272 29306 29322 29346 29354 29372
19 29380 29403 29430 29438 29473 29497 29528 29550 29568 29588 29594 29594 29602 29604 29609 29615 29616 29649 29679 29719 29743 29779 29808 29823
20 29843 29873 29878 29894 29923 29939 29959 29986 30006 30046 30063 30086 30099 30119 30127 30150 30170 30193 30216 30237 30254 30270 30281 30290
21 30297 30303 30313 30320 30330 30343 30362 30370 30378 30384 30382 30379 30377 30373 30370 30367 30363 30364 30365 30370 30370 30366 30367 30369
22 30370 30372 30367 30360 30360 30361 30362 30364 30367 30364 30371 30376 30376 30371 30367 30365 30364 30361 30355 30356 30345 30332 30314 30298
23 30277 30259 30236 30220 30199 30194 30186 30183 30176 30162 30147 30134 30111 30088 30068 30038 30011 29988 29961 29941 29925 29907 29885 29871
24 29841 29820 29797 29780 29772 29762 29765 29773 29772 29782 29787 29780 29767 29762 29739 29718 29698 29689 29683 29673 29668 29656 29643 29630
25 29618 29605 29596 29590 29586 29573 29560 29550 29540 29536 29526 29516 29503 29496 29493 29488 29479 29481 29491 29500 29507 29515 29524 29529
26 29538 29546 29558 29575 29583 29598 29613 29635 29647 29655 29656 29655 29653 29650 29649 29646 29652 29660 29671 29676 29686 29700 29702 29706
27 29715 29703 29690 29683 29688 29695 29683 29681 29677 29666 29658 29654 29637 29623 29622 29617 29609 29601 29591 29593 29592 29590 29581 29575
28 29565 29548 29548 29543 29548 29569 29575 29580 29584 29585 29590 29587 29590 29587 29593 29588 29587 29583 29568 29575 29577 29575 29578 29579
29 29580 29580 29580 29587 29598 29607 29627 29648 29663 29681 29690 29700 29711 29713 29717 29721 29729 29743 29748 29757 29761 29763 29762 29759
30 29757 29756 29750 29750 29749 29753 29763 29779 29794 29807 29814 29815 29824 29825 29830 29835 29840 29854 29863 29882 29892 29900 29910 29916
