01 30079 30084 30104 30114 30126 30140 30146 30168 30168 30180 30177 30169 30163 30140 30119 30113 30103 30087 30067 30043 30031 29997 29987 29993
02 29994 30016 30015 30008 30003 30007 29989 29993 29989 29976 29965 29953 29939 29927 29920 29915 29898 29883 29876 29854 29834 29800 29762 29731
03 29683 29647 29610 29576 29540 29495 29461 29447 29428 29410 29406 29379 29354 29344 29334 29318 29320 29322 29334 29344 29355 29372 29395 29416
04 29406 29418 29442 29475 29512 29545 29566 29605 29636 29679 29728 29746 29756 29774 29789 29826 29854 29879 29900 29918 29950 29973 29990 29997
05 30002 30014 30029 30038 30035 30044 30051 30053 30055 30067 30052 30042 30036 30030 30037 30036 30031 30042 30043 30045 30056 30063 30078 30082
06 30078 30090 30087 30093 30100 30113 30119 30155 30182 30205 30224 30238 30244 30268 30285 30315 30332 30351 30354 30372 30391 30397 30402 30400
07 30405 30404 30406 30404 30408 30400 30401 30401 30405 30408 30403 30381 30367 30349 30345 30349 30335 30331 30323 30310 30306 30300 30285 30276
08 30259 30249 30237 30218 30202 30192 30174 30166 30168 30155 30138 30119 30102 30086 30080 30072 30067 30055 30030 30009 29999 29975 29964 29940
09 29903 29886 29864 29821 29789 29781 29762 29751 29747 29751 29753 29755 29747 29748 29749 29751 29751 29753 29750 29744 29745 29736 29719 29702
10 29673 29663 29634 29599 29571 29540 29509 29479 29429 29391 29340 29293 29253 29217 29191 29176 29151 29127 29104 29075 29057 29056 29049 29061
11 29066 29079 29083 29103 29119 29163 29197 29228 29275 29310 29328 29337 29322 29311 29292 29263 29191 29082 28929 28758 28673 28593 28492 28507
12 28615 28811 28933 29046 29127 29199 29262 29313 29363 29415 29473 29507 29524 29563 29585 29607 29621 29633 29647 29637 29630 29619 29580 29531
13 29478 29431 29370 29344 29315 29306 29279 29265 29265 29261 29246 29242 29244 29254 29268 29288 29275 29304 29318 29281 29256 29266 29250 29250
14 29253 29233 29217 29187 29173 29162 29154 29156 29143 29158 29144 29125 29128 29122 29121 29144 29167 29184 29185 29189 29168 29154 29185 29221
15 29252 29302 29312 29317 29306 29304 29300 29315 29306 29304 29277 29249 29213 29187 29165 29163 29157 29165 29178 29207 29239 29278 29327 29368
16 29411 29465 29507 29527 29580 29621 29671 29719 29772 29814 29852 29887 29905 29938 29991 30045 30079 30121 30149 30181 30193 30217 30233 30262
17 30276 30281 30301 30299 30315 30325 30339 30353 30365 30380 30378 30368 30358 30349 30352 30355 30345 30340 30338 30312 30300 30282 30256 30240
18 30228 30213 30196 30167 30152 30132 30122 30106 30098 30078 30054 30026 29998 29996 29980 29978 29992 30030 30034 30062 30058 30060 30056 30038
19 30054 30044 30044 30044 30050 30040 30025 30028 30050 30030 30017 30012 29990 29975 29949 29944 29903 29872 29849 29812 29782 29727 29693 29670
20 29662 29648 29624 29633 29621 29574 29585 29617 29637 29631 29628 29604 29582 29556 29545 29543 29544 29542 29530 29520 29526 29535 29526 29524
21 29526 29510 29502 29486 29463 29446 29420 29391 29366 29348 29334 29307 29304 29309 29308 29313 29324 29334 29320 29347 29340 29337 29326 29299
22 29278 29280 29275 29262 29251 29245 29246 29245 29278 29276 29286 29270 29239 29210 29177 29170 29213 29235 29254 29293 29320 29329 29377 29427
23 29464 29526 29569 29614 29651 29719 29762 29800 29849 29906 29925 29956 29968 29994 29998 30020 30029 30032 30043 30058 30031 30020 30011 29998
24 29992 29987 29980 29978 29973 29975 29985 30066 30021 30034 30055 30055 30064 30076 30101 30119 30139 30163 30175 30183 30185 30188 30197 30207
25 30213 30216 30221 30230 30232 30239 30255 30271 30289 30296 30293 30293 30277 30280 30282 30276 30280 30280 30286 30288 30285 30290 30280 30280
26 30269 30272 30266 30254 30256 30253 30250 30261 30270 30269 30265 30264 30256 30254 30257 30257 30261 30267 30271 30272 30270 30262 30257 30252
27 30243 30238 30228 30211 30196 30190 30177 30182 30176 30165 30149 30131 30109 30092 30087 30087 30077 30071 30067 30068 30060 30053 30039 30028
28 30027 30029 30014 29998 29995 29985 29985 29991 29993 29991 29974 29958 29954 29944 29945 29946 29944 29944 29944 29952 29950 29947 29940 29935
29 29936 29934 29927 29925 29917 29919 29922 29924 29924 29920 29915 29903 29890 29887 29889 29889 29887 29897 29902 29915 29935 29952 29969 29992
30 30013 30047 30069 30093 30111 30138 30167 30197 30231 30253 30277 30285 30282 30295 30304 30317 30327 30339 30346 30361 30357 30366 30369 30371
31 30376 30382 30384 30390 30379 30385 30386 30389 30395 30411 30406 30395 30390 30378 30374 30373 30370 30372 30368 30356 30356 30346 30342 30320
