1862 05 01 08 00  57.20   -2.20 1013.9         ABERDEEN
1862 05 02 08 00  57.20   -2.20 1020.3         ABERDEEN
1862 05 03 08 00  57.20   -2.20 1024.4         ABERDEEN
1862 05 05 08 00  57.20   -2.20 1013.9         ABERDEEN
1862 05 06 08 00  57.20   -2.20 1018.6         ABERDEEN
1862 05 07 08 00  57.20   -2.20 1013.5         ABERDEEN
1862 05 08 08 00  57.20   -2.20  999.0         ABERDEEN
1862 05 09 08 00  57.20   -2.20  998.0         ABERDEEN
1862 05 10 08 00  57.20   -2.20  995.6         ABERDEEN
1862 05 12 08 00  57.20   -2.20 1001.7         ABERDEEN
1862 05 13 08 00  57.20   -2.20 1015.6         ABERDEEN
1862 05 14 08 00  57.20   -2.20 1015.6         ABERDEEN
1862 05 15 08 00  57.20   -2.20 1022.0         ABERDEEN
1862 05 16 08 00  57.20   -2.20 1015.9         ABERDEEN
1862 05 17 08 00  57.20   -2.20 1017.3         ABERDEEN
1862 05 19 08 00  57.20   -2.20 1014.2         ABERDEEN
1862 05 20 08 00  57.20   -2.20 1005.8         ABERDEEN
1862 05 21 08 00  57.20   -2.20  996.3         ABERDEEN
1862 05 22 08 00  57.20   -2.20  995.6         ABERDEEN
1862 05 23 08 00  57.20   -2.20  999.3         ABERDEEN
1862 05 24 08 00  57.20   -2.20 1003.4         ABERDEEN
1862 05 26 08 00  57.20   -2.20 1007.5         ABERDEEN
1862 05 27 08 00  57.20   -2.20 1007.1         ABERDEEN
1862 05 28 08 00  57.20   -2.20 1008.1         ABERDEEN
1862 05 29 08 00  57.20   -2.20 1011.2         ABERDEEN
1862 05 30 08 00  57.20   -2.20 1006.8         ABERDEEN
1862 05 31 08 00  57.20   -2.20 1009.8         ABERDEEN
1862 05 01 08 00  53.27   -9.06 1015.6           GALWAY
1862 05 02 08 00  53.27   -9.06 1027.1           GALWAY
1862 05 03 08 00  53.27   -9.06 1017.6           GALWAY
1862 05 05 08 00  53.27   -9.06 1010.2           GALWAY
1862 05 06 08 00  53.27   -9.06 1011.5           GALWAY
1862 05 07 08 00  53.27   -9.06 1008.1           GALWAY
1862 05 08 08 00  53.27   -9.06 1002.4           GALWAY
1862 05 09 08 00  53.27   -9.06 1000.0           GALWAY
1862 05 10 08 00  53.27   -9.06 1005.4           GALWAY
1862 05 12 08 00  53.27   -9.06 1007.8           GALWAY
1862 05 13 08 00  53.27   -9.06 1017.6           GALWAY
1862 05 14 08 00  53.27   -9.06 1011.2           GALWAY
1862 05 15 08 00  53.27   -9.06 1018.6           GALWAY
1862 05 16 08 00  53.27   -9.06 1014.6           GALWAY
1862 05 17 08 00  53.27   -9.06 1018.6           GALWAY
1862 05 19 08 00  53.27   -9.06 1012.9           GALWAY
1862 05 20 08 00  53.27   -9.06 1003.7           GALWAY
1862 05 21 08 00  53.27   -9.06  997.6           GALWAY
1862 05 22 08 00  53.27   -9.06 1006.4           GALWAY
1862 05 23 08 00  53.27   -9.06 1003.0           GALWAY
1862 05 24 08 00  53.27   -9.06 1008.8           GALWAY
1862 05 26 08 00  53.27   -9.06 1016.3           GALWAY
1862 05 27 08 00  53.27   -9.06 1011.2           GALWAY
1862 05 28 08 00  53.27   -9.06 1012.9           GALWAY
1862 05 29 08 00  53.27   -9.06 1005.4           GALWAY
1862 05 30 08 00  53.27   -9.06 1005.1           GALWAY
1862 05 31 08 00  53.27   -9.06 1015.9           GALWAY
1862 05 01 08 00  50.38   -4.14 1009.8         PLYMOUTH
1862 05 02 08 00  50.38   -4.14 1024.4         PLYMOUTH
1862 05 03 08 00  50.38   -4.14 1016.9         PLYMOUTH
1862 05 05 08 00  50.38   -4.14 1011.9         PLYMOUTH
1862 05 06 08 00  50.38   -4.14 1016.3         PLYMOUTH
1862 05 07 08 00  50.38   -4.14 1010.8         PLYMOUTH
1862 05 08 08 00  50.38   -4.14 1011.5         PLYMOUTH
1862 05 09 08 00  50.38   -4.14 1003.7         PLYMOUTH
1862 05 10 08 00  50.38   -4.14 1004.7         PLYMOUTH
1862 05 12 08 00  50.38   -4.14 1003.0         PLYMOUTH
1862 05 13 08 00  50.38   -4.14 1011.5         PLYMOUTH
1862 05 14 08 00  50.38   -4.14 1011.5         PLYMOUTH
1862 05 15 08 00  50.38   -4.14 1014.6         PLYMOUTH
1862 05 16 08 00  50.38   -4.14 1013.5         PLYMOUTH
1862 05 17 08 00  50.38   -4.14 1021.0         PLYMOUTH
1862 05 19 08 00  50.38   -4.14 1019.0         PLYMOUTH
1862 05 20 08 00  50.38   -4.14 1008.1         PLYMOUTH
1862 05 21 08 00  50.38   -4.14 1000.3         PLYMOUTH
1862 05 22 08 00  50.38   -4.14 1006.1         PLYMOUTH
1862 05 23 08 00  50.38   -4.14 1010.8         PLYMOUTH
1862 05 24 08 00  50.38   -4.14 1013.9         PLYMOUTH
1862 05 26 08 00  50.38   -4.14 1022.4         PLYMOUTH
1862 05 27 08 00  50.38   -4.14 1015.9         PLYMOUTH
1862 05 28 08 00  50.38   -4.14 1013.2         PLYMOUTH
1862 05 29 08 00  50.38   -4.14 1009.5         PLYMOUTH
1862 05 30 08 00  50.38   -4.14  996.6         PLYMOUTH
1862 05 31 08 00  50.38   -4.14 1013.9         PLYMOUTH
1862 05 01 08 00  48.39   -4.49 1011.5            BREST
1862 05 02 08 00  48.39   -4.49 1025.7            BREST
1862 05 03 08 00  48.39   -4.49 1025.7            BREST
1862 05 05 08 00  48.39   -4.49 1011.9            BREST
1862 05 06 08 00  48.39   -4.49 1016.9            BREST
1862 05 07 08 00  48.39   -4.49 1013.2            BREST
1862 05 08 08 00  48.39   -4.49 1014.2            BREST
1862 05 09 08 00  48.39   -4.49 1009.8            BREST
1862 05 10 08 00  48.39   -4.49 1008.1            BREST
1862 05 12 08 00  48.39   -4.49 1002.7            BREST
1862 05 13 08 00  48.39   -4.49 1010.2            BREST
1862 05 17 08 00  48.39   -4.49 1022.4            BREST
1862 05 19 08 00  48.39   -4.49 1020.3            BREST
1862 05 20 08 00  48.39   -4.49 1011.9            BREST
1862 05 21 08 00  48.39   -4.49 1005.1            BREST
1862 05 22 08 00  48.39   -4.49 1007.1            BREST
1862 05 23 08 00  48.39   -4.49 1012.5            BREST
1862 05 24 08 00  48.39   -4.49 1015.6            BREST
1862 05 26 08 00  48.39   -4.49 1024.0            BREST
1862 05 27 08 00  48.39   -4.49 1021.7            BREST
1862 05 28 08 00  48.39   -4.49 1017.6            BREST
1862 05 29 08 00  48.39   -4.49 1009.1            BREST
1862 05 30 08 00  48.39   -4.49  999.3            BREST
1862 05 31 08 00  48.39   -4.49 1015.6            BREST
