01 29401 29417 29406 29441 29437 29459 29473 29489 29495 29489 29495 29507 29505 29512 29528 29535 29545 29565 29579 29605 29620 29635 29645 29653
02 29651 29667 29672 29673 29681 29695 29705 29713 29728 29717 29732 29737 29733 29729 29721 29723 29722 29723 29731 29740 29730 29746 29749 29748
03 29734 29732 29733 29742 29738 29749 29758 29770 29788 29788 29788 29793 29792 29791 29783 29780 29797 29816 29821 29835 29865 29851 29883 29909
04 29931 29941 29948 29961 29997 30005 30011 30011 30035 30048 30058 30059 30062 30064 30055 30047 30059 30063 30071 30075 30079 30080 30081 30088
05 30090 30093 30096 30096 30104 30006 30108 30116 30117 30127 30126 30116 30121 30123 30120 30115 30110 30126 30130 30144 30152 30154 30160 30164
06 30162 30168 30171 30173 30177 30195 30202 30205 30212 30221 30220 30220 30218 30210 30209 30202 30196 30188 30194 30193 30199 30193 30190 30184
07 30172 30163 30148 30143 30132 30136 30136 30132 30128 30124 30121 30100 30071 30050 30028 30024 30016 29998 29984 29984 29986 29972 29956 29938
08 29926 29896 29876 29852 29840 29816 29808 29796 29776 29746 29720 29682 29652 29625 29604 29580 29562 29550 29530 29523 29504 29484 29471 29452
09 29440 29412 29385 29366 29347 29340 29337 29328 29325 29309 29297 29290 29291 29294 29282 29283 29270 29250 29247 29244 29234 29230 29234 29247
10 29240 29242 29238 29235 29237 29230 29228 29213 29202 29184 29186 29154 29130 29109 29088 29056 29060 29072 29064 29074 29074 29076 29074 29072
11 29060 29060 29062 29072 29098 29162 29232 29254 29316 29347 29363 29383 29400 29411 29415 29430 29435 29455 29470 29475 29489 29495 29505 29515
12 29533 29546 29567 29579 29587 29591 29613 29621 29635 29641 29647 29643 29642 29639 29636 29629 29629 29620 29622 29619 29622 29612 29607 29605
13 29603 29600 29598 29596 29593 29595 29593 29600 29614 29616 29629 29643 29657 29670 29697 29701 29722 29745 29772 29797 29820 29835 29858 29880
14 29891 29901 29915 29922 29935 29948 29975 29991 30000 30003 30023 30030 30029 30029 30031 30021 30025 30030 30035 30045 30053 30066 30076 30086
15 30082 30072 30068 30059 30052 30054 30050 30056 30046 30021 30017 30002 30004 29984 29977 29968 29954 29946 29950 29948 29948 29940 29941 29937
16 29932 29928 29920 29912 29904 29912 29928 29931 29928 29921 29928 29916 29915 29895 29878 29854 29849 29834 29831 29820 29816 29806 29798 29793
17 29773 29737 29713 29683 29665 29640 29609 29581 29540 29496 29461 29402 29386 29348 29313 29288 29264 29241 29222 29215 29212 29189 29178 29164
18 29147 29121 29101 29082 29075 29077 29081 29071 29066 29061 29051 29033 29028 29012 29003 28989 28977 28961 28959 28946 28939 28926 28909 28885
19 28881 28845 28836 28825 28813 28813 28806 28804 28801 28785 28778 28770 28760 28758 28758 28742 28745 28750 28756 28768 28786 28786 28798 28796
20 28798 28806 28794 28794 28802 28818 28832 28844 28853 28862 28868 28873 28884 28886 28892 28900 28916 28922 28940 28966 28987 29002 29020 29033
21 29053 29057 29079 29102 29116 29136 29160 29191 29206 29222 29241 29257 29275 29297 29309 29329 29341 29373 29411 29448 29485 29515 29541 29569
22 29590 29607 29618 29629 29642 29669 29701 29715 29723 29733 29742 29742 29749 29750 29746 29758 29754 29751 29763 29783 29782 29783 29779 29790
23 29790 29777 29770 29763 29760 29757 29762 29764 29765 29752 29748 29742 29735 29733 29730 29736 29736 29735 29746 29752 29756 29772 29776 29766
24 29756 29748 29746 29726 29724 29717 29718 29710 29697 29698 29687 29674 29661 29651 29633 29611 29593 29566 29553 29549 29553 29551 29551 29555
25 29560 29563 29563 29563 29575 29593 29599 29605 29607 29620 29631 29635 29638 29639 29644 29647 29655 29662 29680 29693 29702 29706 29705 29708
26 29710 29711 29719 29720 29725 29740 29756 29766 29772 29776 29785 29789 29793 29794 29798 29802 29806 29800 29803 29805 29805 29800 29796 29790
27 29774 29776 29742 29730 29725 29720 29702 29680 29666 29641 29631 29606 29584 29555 29539 29520 29483 29460 29444 29428 29418 29404 29393 29373
28 29346 29329 29301 29279 29258 29253 29247 29243 29240 29231 29240 29242 29247 29241 29235 29238 29245 29263 29279 29299 29312 29330 29337 29349
29 29350 29357 29357 29367 29383 29403 29415 29436 29455 29465 29483 29488 29505 29520 29535 29538 29546 29562 29571 29596 29610 29610 29618 29636
30 29637 29638 29642 29642 29642 29664 29669 29678 29679 29686 29689 29706 29688 29722 29741 29744 29735 29730 29755 29775 29800 29815 29825 29835
