01 29475 29463 29479 29476 29487 29513 29530 29553 29563 29563 29568 29573 29579 29583 29589 29597 29610 29633 29659 29675 29689 29703 29715 29725
02 29727 29739 29747 29759 29773 29782 29803 29817 29820 29824 29825 29828 29828 29825 29827 29828 29841 29849 29856 29868 29866 29873 29866 29858
03 29850 29840 29852 29873 29863 29872 29876 29890 29898 29905 29893 29893 29886 29892 29883 29886 29891 29890 29920 29925 29933 29938 29943 29971
04 29993 30016 30018 30046 30068 30083 30097 30110 30103 30115 30120 30107 30101 30110 30097 30094 30098 30098 30098 30118 30121 30123 30121 30124
05 30117 30116 30122 30107 30093 30113 30132 30138 30143 30132 30121 30121 30125 30113 30126 30125 30125 30146 30168 30181 30191 30207 30214 30231
06 30237 30243 30253 30261 30268 30292 30297 30307 30318 30328 30327 30327 30325 30319 30305 30290 30283 30274 30274 30279 30281 30282 30278 30270
07 30265 30262 30255 30255 30250 30238 30238 30238       30213 30189 30169 30145 30132 30112 30104 30098 30090 30085 30086 30075 30065 30052 30035
08 30012 29991 29972 29949 29931 29919 29907 29892 29871 29847 29818 29777 29748 29720 29692 29669 29641 29608 29588 29570 29548 29530 29515 29496
09 29473 29455 29440 29414 29397 29388 29378 29364 29363 29352 29342 29340 29344 29345 29372 29373 29395 29398 29396 29385 29385 29379 29380 29378
10 29368 29355 29350 29343 29324 29318 29324 29324 29322 29302 29284 29266 29250 29229 29203 29174 29154 29139 29129 29120 29101 29078 29061 29051
11 29051 29075 29101 29150 29174 29218 29246 29281 29321 29341 29380 29390 29396 29400 29407 29419 29420 29420 29424 29423 29430 29444 29476 29497
12 29516 29537 29557 29560 29569 29589 29615 29634 29654 29669 29683 29683 29687 29684 29686 29686 29698 29698 29706 29704 29700 29697 29696 29688
13 29681 29691 29681 29679 29684 29701 29709 29724 29736 29738 29746 29760 29773 29798 29806 29818 29830 29845 29870 29890 29902 29913 29929 29942
14 29966 29986 30006 30012 30026 30045 30063 30098 30098 30118 30122 30135 30142 30151 30155 30154 30158 30169 30177 30186 30195 30201 30205 30205
15 30202 30195 30188 30181 30179 30182 30187 30181 30175 30177 30158 30139 30126 30106 30082 30058 30050 30046 30052 30052 30053 30042 30029 30040
16 30033 30033 30042 30040 30043 30043 30050 30061 30063 30070 30063 30049 30062 30044 30043 30031 30030 30032 30039 30043 30029 30024 30014 30002
17 29978 29962 29934 29915 29888 29865 29848 29824 29794 29748 29705 29668 29625 29588 29550 29522 29485 29463 29440 29438 29422 29408 29402 29388
18 29371 29362 29348 29335 29322 29313 29312 29308 29303 29290 29275 29255 29244 29228 29213 29203 29188 29170 29152 29138 29118 29092 29068 29037
19 29010 28982 28964 28965 28965 28980 28989 28990 28981 28975 28970 28967 28959 28956 28949 28954 28954 28949 28944 28949 28942 28932 28926 28918
20 28912 28896 28892 28887 28884 28895 28906 28922 28934 28954 28970 28981 28998 29004 29006 29018 29025 29037 29051 29071 29084 29085 29098 29110
21 29119 29129 29141 29159 29177 29201 29225 29253 29274 29297 29321 29351 29373 29395 29423 29457 29486 29525 29565 29598 29631 29666 29685 29710
22 29721 29731 29745 29753 29767 29783 29803 29830 29850 29851 29854 29858 29865 29869 29866 29883 29895 29908 29915 29924 29926 29927 29921 29918
23 29908 29911 29910 29908 29904 29906 29913 29914 29917 29916 29918 29928 29933 29938 29938 29944 29953 29961 29970 29980 29986 29993 30001 30001
24 29995 29991 29980 29976 29968 29969 29970 29971 29973 29976 29967 29957 29941 29918 29895 29886 29858 29843 29832 29821 29811 29786 29764 29749
25 29726 29718 29709 29693 29688 29699 29701 29705 29702 29702 29700 29703 29703 29700 29684 29696 29699 29698 29697 29713 29716 29723 29727 29733
26 29730 29739 29742 29740 29753 29763 29773 29783 29798 29812 29817 29824 29827 29837 29841 29848 29852 29860 29867 29885 29890 29882 29884 29880
27 29873 29872 29867 29861 29857 29852 29841 29834 29827 29817 29805 29789 29782 29765 29745 29735 29720 29708 29698 29692 29689 29684 29670 29655
28 29640 29627 29610 29594 29585 29582 29575 29575 29581 29582 29580 29576 29576 29578 29576 29572 29576 29583 29596 29612 29615 29628 29628 29636
29 29632 29632 29636 29640 29649 29663 29677 29688 29696 29708 29711 29712 29717 29720 29724 29729 29731 29731 29737 29737 29744 29743 29742 29741
30 29740 29737 29741 29744 29756 29767 29769 29777 29781 29792 29802 29817 29825 29840 29842 29850 29854 29855 29865 29885 29900 29909 29920 29918
