01 29697 29669 29654 29643 29633 29619 29609 29598 29587 29570 29560 29540 29518 29509 29506 29503 29493 29495 29490 29507 29515 29517 29528 29547
02 29557 29565 29583 29602 29616 29634 29653 29667 29684 29700 29717 29728 29752 29765 29782 29805 29815 29836 29865 29883 29922                  
03                                                       29949       29933 29921 29910 29889 29865 29840 29825 29783 29756 29736 29705 29672 29638
04 29626 29623 29608 29623 29648 29651 29663 29688 29691 29692 29717 29735 29739 29739 29751 29754 29751 29769 29780 29775 29780 29787 29769 29745
05 29722 29702 29677 29647 29622 29607 29567 29542 29531 29514 29505 29484 29474 29489 29477 29498 29501 29530 29559 29582 29605 29627 29636 29658
06 29664 29664 29679 29690 29692 29704 29710 29719 29721 29720 29725 29735 29737 29752 29756 29758 29753 29763 29766 29786 29786 29790 29780 29773
07 29763 29750 29720 29711 29708 29683 29668 29668 29661 29652 29653 29631 29623 29621 29605 29593 29569 29570 29571 29556 29546 29550 29532 29538
08 29516 29500 29495 29483 29483 29486 29486 29490 29492 29500 29501 29503 29507 29524 29537 29546 29560 29568 29579 29593 29607 29611 29616 29609
09 29608 29601 29589 29573 29560 29563 29547 29541 29529 29509 29483 29484 29464 29474 29430 29421 29437 29469 29497 29537 29550 29567 29562 29559
10 29544 29527 29499 29484 29478 29467 29479 29474 29487 29504 29505 29509 29510 29506 29508 29543 29559 29586 29616 29646 29671 29691 29713 29746
11 29783 29823 29843 29869 29904 29935 29966 29995 30020 30044 30070 30091 30103 30123 30140 30159 30167 30186 30195 30211 30234 30240 30240 30236
12 30225 30210 30204 30191 30184 30167 30166 30147 30129 30122 30086 30052 30018 29996 29982 29979 29976 29994 29999 30013 30023 30036 30049 30072
13 30076 30084 30104 30108 30124 30142 30155 30166 30173 30175 30182 30187 30189 30197 30202 30209 30211 30214 30218 30216 30212 30208 30202 30203
14 30191 30189 30186 30191 30197 30202 30204 30209 30206 30205 30214 30219 30225 30225 30228 30255 30255 30268 30275 30289 30295 30305 30313 30321
15 30321 30323 30321 30323 30320 30332 30338 30338 30339 30345 30337 30338 30332 30333 30326 30324 30321 30316 30313 30308 30308 30304 30294 30279
16 30262 30242 30224 30217 30209 30199 30188 30174 30148 30129 30108 30096 30072 30049 30032 30017 29999 29982 29979 29977 29996 30021 30029 30046
17 30068 30075 30077 30089 30099 30108 30134 30142 30142 30145 30147 30144 30141 30143 30142 30151 30147 30154 30151 30154 30160 30161 30154 30141
18 30128 30107 30101 30088 30090 30086 30076 30061 30024 29986 29944 29913 29870 29838 29827 29805 29797 29794 29797 29803 29814 29823 29824 29838
19 29850 29854 29867 29901 29928 29953 29971 29981 29994 29998 30009 30021 30023 30033 30034 30037 30037 30036 30046 30049 30057 30061 30064 30071
20 30074 30081 30080 30090 30087 30097 30112 30114 30109 30113 30120 30113 30112 30103 30099 30093 30091 30099 30099 30096 30097 30089 30081 30073
21 30059 30056 30049 30050 30047 30063 30065 30063 30077 30065 30063 30064 30064 30064 30060 30051 30051 30046 30044 30046 30034 30026 30026 30011
22 29994 29983 29966 29956 29951 29938 29931 29926 29919 29901 29879 29862 29843 29853 29849 29832 29818 29826 29831 29852 29858 29872 29873 29881
23 29880 29886 29889 29900 29910 29925 29936 29946 29962 29973 29970 29974 29985 29975 29975 29979 29975 29980 29986 29999 29999 30004 29992 29992
24 29985 29975 29957 29960 29960 29956 29970 29972 29971 29974 29982 29990 29987 30005 30005 30007 30014 30039 30059 30074 30091 30097 30092 30092
25 30080 30061 30067 30074 30064 30055 30035 30012 29996 29981 29977 29987 29972 29961 29947 29928 29912 29911 29886 29859 29837 29819 29795 29777
26 29759 29747 29732 29725 29727 29729 29729 29723 29716 29705 29701 29698 29683 29681 29672 29673 29686 29703 29716 29715 29736 29745 29749 29758
27 29772 29781 29783 29798 29813 29826 29843 29846 29849 29850 29848 29845 29839 29830 29813 29793 29773 29761 29749 29749 29734 29719 29697 29661
28 29633 29607 29570 29541 29504 29484 29440 29404 29364 29338 29301 29283 29263 29248 29230 29212 29213 29219 29234 29245 29257 29270 29278 29287
29 29293 29308 29323 29328 29337 29359 29380 29388 29400 29426 29450 29472 29493 29525 29539 29556 29577 29583 29580 29588 29597 29588 29583 29570
30 29562 29550 29520 29529 29516 29506 29480 29488 29480 29440 29451 29453 29465 29462 29473 29481 29487 29503 29512 29523 29523 29528 29516 29490
31 29473 29473 29461 29448 29448 29446 29440 29432 29432 29433 29427 29419 29404 29395 29379 29379 29382 29387 29385 29386 29402 29402 29404 29415
