01 29497 29475 29455 29413 29390 29390 29385 29395 29393 29390 29417 29430 29431 29443 29457 29475 29489 29509 29541 29563 29599 29627 29652 29683
02 29688 29693 29675 29661 29655 29631 29598 29581 29593 29607 29625 29637 29629 29615 29603 29587 29589 29603 29621 29648 29657 29669 29665 29659
03 29663 29659 29627 29617 29603 29603 29588 29588 29579 29567 29555 29539 29511 29493 29493 29496 29508 29535 29544 29555 29561 29566 29565 29565
04 29571 29571 29575 29578 29589 29601 29606 29623 29636 29641 29660 29678 29674 29668 29676 29690 29714 29734 29758 29758 29772 29782 29766 29738
05 29688 29637 29597 29574 29574 29598 29612 29626 29640 29666 29666 29690 29673 29678 29672 29668 29668 29666 29666 29676 29680 29674 29675 29658
06 29648 29633 29612 29578 29572 29574 29595 29606 29632 29654 29676 29691 29702 29710 29708 29728 29730 29724 29720 29718 29706 29701 29674 29656
07 29641 29624 29616 29616 29643 29674 29703 29742 29766 29802 29822 29829 29841 29840 29834 29836 29838 29850 29858 29850 29848 29850 29838 29816
08 29791 29770 29734 29712 29678 29652 29622 29584 29534 29481 29407 29347 29257 29199 29143 29101 29045 29013 28973 28929 28882 28877 28851 28847
09 28849 28849 28817 28805 28784 28765 28761 28757 28752 28757 28771 28731 28729 28683 28660 28615 28599 28575 28575 28600 28627 28655 28635 28635
10 28615 28580 28545 28499 28472 28431 28391 28361 28373 28441 28512 28571 28628 28692 28718 28744 28766 28791 28824 28842 28866 28872 28906 28930
11 28942 28958 28968 28982 28989 29008 29024 29042 29061 29074 29099 29115 29110 29104 29096 29092 29088 29080 29070 29047 29009 28964 28882 28812
12 28697 28634 28569 28520 28492 28467 28432 28414 28472 28604 28692 28807 28890 28950 28982 29004 29034 29069 29097 29126 29160 29194 29222 29257
13 29290 29332 29364 29384 29427 29470 29506 29542 29547 29562 29567 29571 29571 29563 29560 29555 29545 29537 29533 29527 29521 29520 29507 29493
14 29483 29490 29490 29485 29513 29521 29530 29547 29553 29589 29593 29593 29595 29594 29581 29577 29563 29563 29546 29533 29506 29481 29448 29421
15 29388 29355 29331 29301 29276 29245 29223 29235 29236 29251 29268 29288 29292 29310 29328 29348 29356 29388 29428 29462 29484 29512 29513 29514
16 29518 29528 29530 29526 29528 29534 29534 29546 29563 29576 29583 29591 29581 29575 29575 29575 29581 29587 29595 29601 29603 29605 29606 29609
17 29609 29615 29623 29629 29635 29643 29651 29666 29671 29681 29698 29705 29717 29715 29720 29733 29741 29765 29781 29815 29829 29855 29861 29867
18 29888 29916 29928 29945 29953 29968 29977 29985 29988 29993 29985 29983 29963 29946 29935 29923 29909 29896 29875 29846 29843 29853 29856 29875
19 29891 29924 29941 29949 29967 29959 29961 29959 29963 29965 29961 29954 29956 29934 29941 29947 29949 29966 29971 29991 29991 29993 29994 29991
20 29984 29975 29957 29951 29941 29944 29963 29967 29973 29971 29965 29962 29955 29945 29930 29926 29934 29935 29927 29922 29910 29898 29880 29858
21 29832 29795 29765 29738 29712 29680 29658 29632 29602 29570 29553 29513 29483 29445 29416 29391 29385 29389 29403 29421 29433 29451 29465 29477
22 29493 29506 29525 29545 29571 29599 29621 29641 29661 29679 29686 29697 29707 29707 29710 29717 29726 29740 29749 29764 29774 29784 29796 29792
23 29792 29789 29782 29778 29776 29784 29786 29794 29797 29794 29789 29779 29761 29737 29721 29711 29699 29687 29687 29681 29663 29651 29637 29607
24 29584 29565 29534 29507 29482 29451 29443 29417 29403 29377 29370 29358 29336 29320 29302 29287 29282 29282 29282 29287 29297 29300 29305 29309
25 29312 29306 29294 29292 29296 29307 29320 29332 29337 29342 29364 29364 29360 29354 29360 29360 29360 29366 29364 29364 29366 29370 29384 29384
26 29370 29356 29356 29348 29342 29346 29346 29334 29330 29328 29324 29312 29296 29286 29274 29260 29251 29246 29238 29240 29232 29226 29222 29211
27 29190 29170 29142 29130 29118 29118 29120 29110 29108 29106 29101 29095 29077 29067 29048 29033 29025 29013 28996 28985 28961 28953 28931 28923
28 28909 28896 28875 28859 28851 28849 28849 28858 28871 28885 28899 28907 28907 28905 28905 28911 28927 28945 28961 28981 28989 29002 29007 29009
29 29015 29019 29017 29011 29017 29023 29033 29045 29057 29065 29077 29099 29114 29131 29144 29159 29183 29204 29227 29257 29269 29284 29292 29297
30 29299 29309 29304 29303 29303 29309 29307 29307 29307 29301 29297 29289 29273 29265 29251 29229 29225 29227 29227 29229 29223 29225 29228 29237
31 29251 29251 29241 29261 29290 29301 29316 29326 29343 29345 29355 29360 29372 29386 29395 29402 29412 29424 29438 29452 29458 29470 29476 29476
