1865 05 01 08 00  57.20   -2.20 1006.8         ABERDEEN
1865 05 02 08 00  57.20   -2.20 1003.4         ABERDEEN
1865 05 03 08 00  57.20   -2.20 1004.7         ABERDEEN
1865 05 04 08 00  57.20   -2.20 1002.0         ABERDEEN
1865 05 05 08 00  57.20   -2.20 1009.1         ABERDEEN
1865 05 06 08 00  57.20   -2.20 1010.2         ABERDEEN
1865 05 08 08 00  57.20   -2.20 1016.6         ABERDEEN
1865 05 09 08 00  57.20   -2.20 1013.9         ABERDEEN
1865 05 10 08 00  57.20   -2.20 1003.7         ABERDEEN
1865 05 11 08 00  57.20   -2.20 1005.8         ABERDEEN
1865 05 12 08 00  57.20   -2.20 1011.9         ABERDEEN
1865 05 13 08 00  57.20   -2.20 1014.2         ABERDEEN
1865 05 15 08 00  57.20   -2.20  997.6         ABERDEEN
1865 05 16 08 00  57.20   -2.20  998.3         ABERDEEN
1865 05 17 08 00  57.20   -2.20 1000.3         ABERDEEN
1865 05 18 08 00  57.20   -2.20 1010.5         ABERDEEN
1865 05 19 08 00  57.20   -2.20 1014.6         ABERDEEN
1865 05 20 08 00  57.20   -2.20 1023.0         ABERDEEN
1865 05 22 08 00  57.20   -2.20 1014.6         ABERDEEN
1865 05 23 08 00  57.20   -2.20 1015.9         ABERDEEN
1865 05 25 08 00  57.20   -2.20 1015.9         ABERDEEN
1865 05 26 08 00  57.20   -2.20 1014.9         ABERDEEN
1865 05 27 08 00  57.20   -2.20 1005.8         ABERDEEN
1865 05 29 08 00  57.20   -2.20 1004.7         ABERDEEN
1865 05 30 08 00  57.20   -2.20  996.6         ABERDEEN
1865 05 31 08 00  57.20   -2.20 1012.9         ABERDEEN
1865 05 01 08 00  45.94   -0.96 1017.3        ROCHEFORT
1865 05 02 08 00  45.94   -0.96 1021.3        ROCHEFORT
1865 05 03 08 00  45.94   -0.96 1015.9        ROCHEFORT
1865 05 04 08 00  45.94   -0.96 1011.9        ROCHEFORT
1865 05 05 08 00  45.94   -0.96 1006.8        ROCHEFORT
1865 05 06 08 00  45.94   -0.96 1015.9        ROCHEFORT
1865 05 08 08 00  45.94   -0.96 1006.8        ROCHEFORT
1865 05 09 08 00  45.94   -0.96 1004.1        ROCHEFORT
1865 05 10 08 00  45.94   -0.96 1005.4        ROCHEFORT
1865 05 11 08 00  45.94   -0.96 1009.1        ROCHEFORT
1865 05 12 08 00  45.94   -0.96 1017.3        ROCHEFORT
1865 05 13 08 00  45.94   -0.96 1013.2        ROCHEFORT
1865 05 15 08 00  45.94   -0.96 1009.1        ROCHEFORT
1865 05 16 08 00  45.94   -0.96 1013.2        ROCHEFORT
1865 05 17 08 00  45.94   -0.96 1017.3        ROCHEFORT
1865 05 18 08 00  45.94   -0.96 1010.5        ROCHEFORT
1865 05 19 08 00  45.94   -0.96 1026.8        ROCHEFORT
1865 05 20 08 00  45.94   -0.96 1024.0        ROCHEFORT
1865 05 22 08 00  45.94   -0.96 1014.6        ROCHEFORT
1865 05 23 08 00  45.94   -0.96 1018.6        ROCHEFORT
1865 05 25 08 00  45.94   -0.96 1021.3        ROCHEFORT
1865 05 26 08 00  45.94   -0.96 1013.2        ROCHEFORT
1865 05 27 08 00  45.94   -0.96 1015.9        ROCHEFORT
1865 05 29 08 00  45.94   -0.96 1015.9        ROCHEFORT
1865 05 30 08 00  45.94   -0.96 1017.3        ROCHEFORT
1865 05 31 08 00  45.94   -0.96 1011.9        ROCHEFORT
1865 05 01 08 00  50.38   -4.14 1014.6         PLYMOUTH
1865 05 02 08 00  50.38   -4.14 1013.5         PLYMOUTH
1865 05 03 08 00  50.38   -4.14 1009.8         PLYMOUTH
1865 05 04 08 00  50.38   -4.14 1010.8         PLYMOUTH
1865 05 05 08 00  50.38   -4.14 1001.4         PLYMOUTH
1865 05 06 08 00  50.38   -4.14 1014.6         PLYMOUTH
1865 05 08 08 00  50.38   -4.14 1015.9         PLYMOUTH
1865 05 09 08 00  50.38   -4.14 1003.0         PLYMOUTH
1865 05 10 08 00  50.38   -4.14 1000.0         PLYMOUTH
1865 05 11 08 00  50.38   -4.14 1003.0         PLYMOUTH
1865 05 12 08 00  50.38   -4.14 1012.9         PLYMOUTH
1865 05 13 08 00  50.38   -4.14 1016.9         PLYMOUTH
1865 05 15 08 00  50.38   -4.14 1006.4         PLYMOUTH
1865 05 16 08 00  50.38   -4.14 1010.8         PLYMOUTH
1865 05 17 08 00  50.38   -4.14 1011.9         PLYMOUTH
1865 05 18 08 00  50.38   -4.14 1020.7         PLYMOUTH
1865 05 19 08 00  50.38   -4.14 1029.1         PLYMOUTH
1865 05 20 08 00  50.38   -4.14 1029.8         PLYMOUTH
1865 05 22 08 00  50.38   -4.14 1013.9         PLYMOUTH
1865 05 23 08 00  50.38   -4.14 1015.9         PLYMOUTH
1865 05 25 08 00  50.38   -4.14 1020.7         PLYMOUTH
1865 05 26 08 00  50.38   -4.14 1014.2         PLYMOUTH
1865 05 27 08 00  50.38   -4.14 1012.9         PLYMOUTH
1865 05 29 08 00  50.38   -4.14 1013.5         PLYMOUTH
1865 05 30 08 00  50.38   -4.14 1012.5         PLYMOUTH
1865 05 31 08 00  50.38   -4.14 1015.6         PLYMOUTH
1865 05 01 08 00  48.39   -4.49 1015.9            BREST
1865 05 02 08 00  48.39   -4.49 1017.3            BREST
1865 05 03 08 00  48.39   -4.49 1011.9            BREST
1865 05 04 08 00  48.39   -4.49 1010.5            BREST
1865 05 05 08 00  48.39   -4.49 1001.4            BREST
1865 05 06 08 00  48.39   -4.49 1015.9            BREST
1865 05 08 08 00  48.39   -4.49 1013.2            BREST
1865 05 09 08 00  48.39   -4.49 1001.4            BREST
1865 05 10 08 00  48.39   -4.49 1001.4            BREST
1865 05 11 08 00  48.39   -4.49 1007.8            BREST
1865 05 12 08 00  48.39   -4.49 1014.6            BREST
1865 05 13 08 00  48.39   -4.49 1015.9            BREST
1865 05 15 08 00  48.39   -4.49 1007.8            BREST
1865 05 16 08 00  48.39   -4.49 1013.2            BREST
1865 05 17 08 00  48.39   -4.49 1014.6            BREST
1865 05 18 08 00  48.39   -4.49 1021.3            BREST
1865 05 19 08 00  48.39   -4.49 1029.1            BREST
1865 05 20 08 00  48.39   -4.49 1028.1            BREST
1865 05 22 08 00  48.39   -4.49 1015.9            BREST
1865 05 23 08 00  48.39   -4.49 1017.3            BREST
1865 05 25 08 00  48.39   -4.49 1020.0            BREST
1865 05 26 08 00  48.39   -4.49 1013.2            BREST
1865 05 27 08 00  48.39   -4.49 1014.6            BREST
1865 05 29 08 00  48.39   -4.49 1014.6            BREST
1865 05 30 08 00  48.39   -4.49 1015.9            BREST
1865 05 31 08 00  48.39   -4.49 1014.6            BREST
1865 05 01 08 00  55.20   -6.99 1007.1      GREENCASTLE
1865 05 02 08 00  55.20   -6.99 1001.0      GREENCASTLE
1865 05 03 08 00  55.20   -6.99  997.3      GREENCASTLE
1865 05 04 08 00  55.20   -6.99 1003.4      GREENCASTLE
1865 05 05 08 00  55.20   -6.99 1007.1      GREENCASTLE
1865 05 06 08 00  55.20   -6.99 1006.4      GREENCASTLE
1865 05 08 08 00  55.20   -6.99 1017.3      GREENCASTLE
1865 05 09 08 00  55.20   -6.99 1011.9      GREENCASTLE
1865 05 10 08 00  55.20   -6.99 1008.1      GREENCASTLE
1865 05 11 08 00  55.20   -6.99 1008.8      GREENCASTLE
1865 05 12 08 00  55.20   -6.99 1013.2      GREENCASTLE
1865 05 13 08 00  55.20   -6.99 1015.9      GREENCASTLE
1865 05 15 08 00  55.20   -6.99  998.3      GREENCASTLE
1865 05 16 08 00  55.20   -6.99 1000.3      GREENCASTLE
1865 05 17 08 00  55.20   -6.99 1002.7      GREENCASTLE
1865 05 18 08 00  55.20   -6.99 1014.6      GREENCASTLE
1865 05 19 08 00  55.20   -6.99 1014.9      GREENCASTLE
1865 05 20 08 00  55.20   -6.99 1023.7      GREENCASTLE
1865 05 22 08 00  55.20   -6.99 1012.9      GREENCASTLE
1865 05 23 08 00  55.20   -6.99 1016.3      GREENCASTLE
1865 05 25 08 00  55.20   -6.99 1017.3      GREENCASTLE
1865 05 26 08 00  55.20   -6.99 1012.2      GREENCASTLE
1865 05 27 08 00  55.20   -6.99 1006.8      GREENCASTLE
1865 05 29 08 00  55.20   -6.99 1005.4      GREENCASTLE
1865 05 30 08 00  55.20   -6.99 1003.7      GREENCASTLE
1865 05 31 08 00  55.20   -6.99 1015.2      GREENCASTLE
