1881 10 01 08 00  36.75    3.06 1008.9          ALGIERS
1881 10 02 08 00  36.75    3.06 1008.1          ALGIERS
1881 10 03 08 00  36.75    3.06 1006.3          ALGIERS
1881 10 04 08 00  36.75    3.06 1004.8          ALGIERS
1881 10 05 08 00  36.75    3.06 1005.3          ALGIERS
1881 10 06 08 00  36.75    3.06 1009.6          ALGIERS
1881 10 07 08 00  36.75    3.06 1006.3          ALGIERS
1881 10 08 08 00  36.75    3.06 1005.5          ALGIERS
1881 10 09 08 00  36.75    3.06 1010.4          ALGIERS
1881 10 10 08 00  36.75    3.06 1003.9          ALGIERS
1881 10 11 08 00  36.75    3.06 1014.0          ALGIERS
1881 10 12 08 00  36.75    3.06 1015.5          ALGIERS
1881 10 13 08 00  36.75    3.06 1018.2          ALGIERS
1881 10 14 08 00  36.75    3.06 1016.7          ALGIERS
1881 10 15 08 00  36.75    3.06 1015.5          ALGIERS
1881 10 16 08 00  36.75    3.06 1016.1          ALGIERS
1881 10 17 08 00  36.75    3.06 1016.5          ALGIERS
1881 10 18 08 00  36.75    3.06 1012.1          ALGIERS
1881 10 19 08 00  36.75    3.06 1009.5          ALGIERS
1881 10 20 08 00  36.75    3.06 1008.0          ALGIERS
1881 10 21 08 00  36.75    3.06 1011.7          ALGIERS
1881 10 22 08 00  36.75    3.06 1002.3          ALGIERS
1881 10 23 08 00  36.75    3.06 1005.3          ALGIERS
1881 10 24 08 00  36.75    3.06 1007.2          ALGIERS
1881 10 25 08 00  36.75    3.06 1006.5          ALGIERS
1881 10 26 08 00  36.75    3.06 1008.3          ALGIERS
1881 10 27 08 00  36.75    3.06 1010.0          ALGIERS
1881 10 28 08 00  36.75    3.06 1010.5          ALGIERS
1881 10 29 08 00  36.75    3.06 1004.4          ALGIERS
1881 10 30 08 00  36.75    3.06 1001.9          ALGIERS
1881 10 31 08 00  36.75    3.06 1004.0          ALGIERS
1881 10 01 08 00  45.80   24.13 1021.6            SIBIU
1881 10 02 08 00  45.80   24.13 1015.2            SIBIU
1881 10 03 08 00  45.80   24.13 1007.7            SIBIU
1881 10 05 08 00  45.80   24.13 1019.4            SIBIU
1881 10 06 08 00  45.80   24.13 1022.6            SIBIU
1881 10 07 08 00  45.80   24.13 1029.0            SIBIU
1881 10 08 08 00  45.80   24.13 1033.1            SIBIU
1881 10 09 08 00  45.80   24.13 1022.9            SIBIU
1881 10 10 08 00  45.80   24.13 1015.7            SIBIU
1881 10 11 08 00  45.80   24.13 1012.8            SIBIU
1881 10 13 08 00  45.80   24.13 1007.1            SIBIU
1881 10 14 08 00  45.80   24.13 1009.9            SIBIU
1881 10 15 08 00  45.80   24.13 1009.9            SIBIU
1881 10 16 08 00  45.80   24.13 1010.0            SIBIU
1881 10 18 08 00  45.80   24.13 1013.5            SIBIU
1881 10 19 08 00  45.80   24.13 1014.7            SIBIU
1881 10 20 08 00  45.80   24.13 1011.6            SIBIU
1881 10 21 08 00  45.80   24.13 1013.5            SIBIU
1881 10 22 08 00  45.80   24.13 1005.3            SIBIU
1881 10 23 08 00  45.80   24.13 1008.9            SIBIU
1881 10 24 08 00  45.80   24.13 1006.4            SIBIU
1881 10 25 08 00  45.80   24.13  993.6            SIBIU
1881 10 26 08 00  45.80   24.13 1000.3            SIBIU
1881 10 27 08 00  45.80   24.13 1004.8            SIBIU
1881 10 28 08 00  45.80   24.13 1016.8            SIBIU
1881 10 29 08 00  45.80   24.13 1011.6            SIBIU
1881 10 30 08 00  45.80   24.13 1002.6            SIBIU
1881 10 31 08 00  45.80   24.13 1006.9            SIBIU
1881 10 01 08 00  38.72   -9.14 1013.5           LISBON
1881 10 03 08 00  38.72   -9.14 1012.3           LISBON
1881 10 04 08 00  38.72   -9.14 1009.7           LISBON
1881 10 05 08 00  38.72   -9.14 1015.7           LISBON
1881 10 06 08 00  38.72   -9.14 1015.3           LISBON
1881 10 07 08 00  38.72   -9.14 1013.3           LISBON
1881 10 08 08 00  38.72   -9.14 1011.5           LISBON
1881 10 09 08 00  38.72   -9.14 1017.1           LISBON
1881 10 11 08 00  38.72   -9.14 1021.4           LISBON
1881 10 12 08 00  38.72   -9.14 1023.8           LISBON
1881 10 13 08 00  38.72   -9.14 1023.8           LISBON
1881 10 14 08 00  38.72   -9.14 1023.0           LISBON
1881 10 15 08 00  38.72   -9.14 1022.9           LISBON
1881 10 16 08 00  38.72   -9.14 1019.8           LISBON
1881 10 17 08 00  38.72   -9.14 1015.7           LISBON
1881 10 18 08 00  38.72   -9.14 1013.7           LISBON
1881 10 19 08 00  38.72   -9.14 1010.1           LISBON
1881 10 20 08 00  38.72   -9.14 1007.9           LISBON
1881 10 21 08 00  38.72   -9.14 1007.9           LISBON
1881 10 22 08 00  38.72   -9.14  999.5           LISBON
1881 10 23 08 00  38.72   -9.14 1004.5           LISBON
1881 10 24 08 00  38.72   -9.14 1014.7           LISBON
1881 10 25 08 00  38.72   -9.14 1011.6           LISBON
1881 10 26 08 00  38.72   -9.14 1018.6           LISBON
1881 10 27 08 00  38.72   -9.14 1015.9           LISBON
1881 10 28 08 00  38.72   -9.14 1015.9           LISBON
1881 10 29 08 00  38.72   -9.14 1011.7           LISBON
1881 10 30 08 00  38.72   -9.14 1015.9           LISBON
1881 10 01 08 00  45.94   -0.96 1022.0        ROCHEFORT
1881 10 02 08 00  45.94   -0.96 1017.9        ROCHEFORT
1881 10 03 08 00  45.94   -0.96 1015.6        ROCHEFORT
1881 10 04 08 00  45.94   -0.96 1014.2        ROCHEFORT
1881 10 05 08 00  45.94   -0.96 1014.2        ROCHEFORT
1881 10 06 08 00  45.94   -0.96 1020.0        ROCHEFORT
1881 10 07 08 00  45.94   -0.96 1028.1        ROCHEFORT
1881 10 08 08 00  45.94   -0.96 1025.1        ROCHEFORT
1881 10 09 08 00  45.94   -0.96 1018.6        ROCHEFORT
1881 10 10 08 00  45.94   -0.96 1017.3        ROCHEFORT
1881 10 11 08 00  45.94   -0.96 1024.0        ROCHEFORT
1881 10 12 08 00  45.94   -0.96 1018.3        ROCHEFORT
1881 10 13 08 00  45.94   -0.96 1022.4        ROCHEFORT
1881 10 14 08 00  45.94   -0.96 1016.3        ROCHEFORT
1881 10 15 08 00  45.94   -0.96 1011.2        ROCHEFORT
1881 10 16 08 00  45.94   -0.96 1023.4        ROCHEFORT
1881 10 17 08 00  45.94   -0.96 1027.8        ROCHEFORT
1881 10 18 08 00  45.94   -0.96 1022.4        ROCHEFORT
1881 10 19 08 00  45.94   -0.96 1014.9        ROCHEFORT
1881 10 20 08 00  45.94   -0.96 1005.4        ROCHEFORT
1881 10 21 08 00  45.94   -0.96  999.7        ROCHEFORT
1881 10 22 08 00  45.94   -0.96 1001.4        ROCHEFORT
1881 10 23 08 00  45.94   -0.96  992.2        ROCHEFORT
1881 10 24 08 00  45.94   -0.96 1001.0        ROCHEFORT
1881 10 25 08 00  45.94   -0.96 1006.4        ROCHEFORT
1881 10 26 08 00  45.94   -0.96 1004.7        ROCHEFORT
1881 10 27 08 00  45.94   -0.96 1012.2        ROCHEFORT
1881 10 28 08 00  45.94   -0.96 1013.9        ROCHEFORT
1881 10 29 08 00  45.94   -0.96 1019.3        ROCHEFORT
1881 10 30 08 00  45.94   -0.96 1014.9        ROCHEFORT
1881 10 31 08 00  45.94   -0.96 1019.6        ROCHEFORT
1881 10 01 08 00  50.38   -4.14 1025.1         PLYMOUTH
1881 10 02 08 00  50.38   -4.14 1021.0         PLYMOUTH
1881 10 03 08 00  50.38   -4.14 1019.3         PLYMOUTH
1881 10 04 08 00  50.38   -4.14 1020.7         PLYMOUTH
1881 10 05 08 00  50.38   -4.14 1022.7         PLYMOUTH
1881 10 06 08 00  50.38   -4.14 1029.8         PLYMOUTH
1881 10 07 08 00  50.38   -4.14 1033.9         PLYMOUTH
1881 10 08 08 00  50.38   -4.14 1022.4         PLYMOUTH
1881 10 09 08 00  50.38   -4.14 1013.5         PLYMOUTH
1881 10 10 08 00  50.38   -4.14 1020.7         PLYMOUTH
1881 10 11 08 00  50.38   -4.14 1010.8         PLYMOUTH
1881 10 12 08 00  50.38   -4.14 1015.2         PLYMOUTH
1881 10 13 08 00  50.38   -4.14 1014.2         PLYMOUTH
1881 10 15 08 00  50.38   -4.14 1019.3         PLYMOUTH
1881 10 16 08 00  50.38   -4.14 1029.1         PLYMOUTH
1881 10 17 08 00  50.38   -4.14 1027.1         PLYMOUTH
1881 10 18 08 00  50.38   -4.14 1021.3         PLYMOUTH
1881 10 19 08 00  50.38   -4.14 1015.6         PLYMOUTH
1881 10 20 08 00  50.38   -4.14 1003.0         PLYMOUTH
1881 10 21 08 00  50.38   -4.14  999.7         PLYMOUTH
1881 10 22 08 00  50.38   -4.14  987.8         PLYMOUTH
1881 10 23 08 00  50.38   -4.14  990.5         PLYMOUTH
1881 10 24 08 00  50.38   -4.14  998.6         PLYMOUTH
1881 10 25 08 00  50.38   -4.14 1006.1         PLYMOUTH
1881 10 26 08 00  50.38   -4.14 1017.3         PLYMOUTH
1881 10 27 08 00  50.38   -4.14 1022.0         PLYMOUTH
1881 10 28 08 00  50.38   -4.14 1024.7         PLYMOUTH
1881 10 29 08 00  50.38   -4.14 1021.0         PLYMOUTH
1881 10 30 08 00  50.38   -4.14 1026.4         PLYMOUTH
1881 10 31 08 00  50.38   -4.14 1023.4         PLYMOUTH
1881 10 01 08 00  41.90   12.50 1007.5             ROME
1881 10 02 08 00  41.90   12.50 1010.7             ROME
1881 10 03 08 00  41.90   12.50 1007.7             ROME
1881 10 04 08 00  41.90   12.50 1005.9             ROME
1881 10 05 08 00  41.90   12.50 1010.3             ROME
1881 10 06 08 00  41.90   12.50 1013.1             ROME
1881 10 07 08 00  41.90   12.50 1015.1             ROME
1881 10 08 08 00  41.90   12.50 1015.5             ROME
1881 10 09 08 00  41.90   12.50 1009.3             ROME
1881 10 10 08 00  41.90   12.50 1006.7             ROME
1881 10 11 08 00  41.90   12.50 1006.4             ROME
1881 10 12 08 00  41.90   12.50 1009.1             ROME
1881 10 13 08 00  41.90   12.50 1013.9             ROME
1881 10 14 08 00  41.90   12.50 1013.2             ROME
1881 10 15 08 00  41.90   12.50 1012.1             ROME
1881 10 16 08 00  41.90   12.50 1009.1             ROME
1881 10 17 08 00  41.90   12.50 1017.1             ROME
1881 10 18 08 00  41.90   12.50 1016.8             ROME
1881 10 19 08 00  41.90   12.50 1015.5             ROME
1881 10 20 08 00  41.90   12.50 1013.5             ROME
1881 10 21 08 00  41.90   12.50 1004.3             ROME
1881 10 22 08 00  41.90   12.50 1008.8             ROME
1881 10 23 08 00  41.90   12.50 1006.9             ROME
1881 10 24 08 00  41.90   12.50  999.5             ROME
1881 10 25 08 00  41.90   12.50 1000.7             ROME
1881 10 26 08 00  41.90   12.50 1000.6             ROME
1881 10 27 08 00  41.90   12.50 1009.6             ROME
1881 10 28 08 00  41.90   12.50 1009.7             ROME
1881 10 29 08 00  41.90   12.50 1006.5             ROME
1881 10 30 08 00  41.90   12.50 1003.4             ROME
1881 10 31 08 00  41.90   12.50  995.8             ROME
1881 10 01 08 00  48.39   -4.49 1024.4            BREST
1881 10 02 08 00  48.39   -4.49 1020.3            BREST
1881 10 03 08 00  48.39   -4.49 1017.3            BREST
1881 10 04 08 00  48.39   -4.49 1016.6            BREST
1881 10 05 08 00  48.39   -4.49 1018.6            BREST
1881 10 06 08 00  48.39   -4.49 1024.4            BREST
1881 10 07 08 00  48.39   -4.49 1030.5            BREST
1881 10 08 08 00  48.39   -4.49 1031.2            BREST
1881 10 09 08 00  48.39   -4.49 1017.6            BREST
1881 10 10 08 00  48.39   -4.49 1017.9            BREST
1881 10 11 08 00  48.39   -4.49 1022.7            BREST
1881 10 12 08 00  48.39   -4.49 1017.3            BREST
1881 10 13 08 00  48.39   -4.49 1018.3            BREST
1881 10 14 08 00  48.39   -4.49 1012.5            BREST
1881 10 15 08 00  48.39   -4.49 1015.2            BREST
1881 10 16 08 00  48.39   -4.49 1025.7            BREST
1881 10 17 08 00  48.39   -4.49 1028.1            BREST
1881 10 18 08 00  48.39   -4.49 1022.4            BREST
1881 10 19 08 00  48.39   -4.49 1014.9            BREST
1881 10 20 08 00  48.39   -4.49 1006.8            BREST
1881 10 21 08 00  48.39   -4.49  997.0            BREST
1881 10 22 08 00  48.39   -4.49  994.2            BREST
1881 10 23 08 00  48.39   -4.49  982.1            BREST
1881 10 24 08 00  48.39   -4.49  994.6            BREST
1881 10 25 08 00  48.39   -4.49 1002.0            BREST
1881 10 26 08 00  48.39   -4.49 1009.8            BREST
1881 10 27 08 00  48.39   -4.49 1015.2            BREST
1881 10 28 08 00  48.39   -4.49 1020.7            BREST
1881 10 29 08 00  48.39   -4.49 1023.0            BREST
1881 10 30 08 00  48.39   -4.49 1017.6            BREST
1881 10 31 08 00  48.39   -4.49 1020.2            BREST
1881 10 01 08 00  31.20   29.91 1013.3       ALEXANDRIA
1881 10 02 08 00  31.20   29.91 1011.5       ALEXANDRIA
1881 10 03 08 00  31.20   29.91 1010.3       ALEXANDRIA
1881 10 04 08 00  31.20   29.91 1011.6       ALEXANDRIA
1881 10 05 08 00  31.20   29.91 1013.3       ALEXANDRIA
1881 10 06 08 00  31.20   29.91 1012.5       ALEXANDRIA
1881 10 07 08 00  31.20   29.91 1011.2       ALEXANDRIA
1881 10 08 08 00  31.20   29.91 1012.5       ALEXANDRIA
1881 10 09 08 00  31.20   29.91 1011.3       ALEXANDRIA
1881 10 10 08 00  31.20   29.91 1011.1       ALEXANDRIA
1881 10 11 08 00  31.20   29.91 1012.9       ALEXANDRIA
1881 10 12 08 00  31.20   29.91 1010.4       ALEXANDRIA
1881 10 13 08 00  31.20   29.91 1008.5       ALEXANDRIA
1881 10 14 08 00  31.20   29.91 1010.0       ALEXANDRIA
1881 10 15 08 00  31.20   29.91 1014.1       ALEXANDRIA
1881 10 16 08 00  31.20   29.91 1015.9       ALEXANDRIA
1881 10 17 08 00  31.20   29.91 1014.5       ALEXANDRIA
1881 10 18 08 00  31.20   29.91 1013.7       ALEXANDRIA
1881 10 19 08 00  31.20   29.91 1015.1       ALEXANDRIA
1881 10 20 08 00  31.20   29.91 1015.3       ALEXANDRIA
1881 10 21 08 00  31.20   29.91 1014.3       ALEXANDRIA
1881 10 22 08 00  31.20   29.91 1012.9       ALEXANDRIA
1881 10 23 08 00  31.20   29.91 1011.3       ALEXANDRIA
1881 10 24 08 00  31.20   29.91 1010.3       ALEXANDRIA
1881 10 25 08 00  31.20   29.91 1011.2       ALEXANDRIA
1881 10 26 08 00  31.20   29.91 1012.9       ALEXANDRIA
1881 10 27 08 00  31.20   29.91 1011.6       ALEXANDRIA
1881 10 28 08 00  31.20   29.91 1012.3       ALEXANDRIA
1881 10 29 08 00  31.20   29.91 1013.9       ALEXANDRIA
1881 10 30 08 00  31.20   29.91 1013.9       ALEXANDRIA
1881 10 31 08 00  31.20   29.91 1012.7       ALEXANDRIA
1881 10 01 08 00  34.84    5.75  999.0           BISKRA
1881 10 02 08 00  34.84    5.75  997.0           BISKRA
1881 10 03 08 00  34.84    5.75  993.0           BISKRA
1881 10 04 08 00  34.84    5.75  994.0           BISKRA
1881 10 05 08 00  34.84    5.75  994.7           BISKRA
1881 10 06 08 00  34.84    5.75  996.3           BISKRA
1881 10 07 08 00  34.84    5.75  993.8           BISKRA
1881 10 08 08 00  34.84    5.75  996.6           BISKRA
1881 10 09 08 00  34.84    5.75  997.2           BISKRA
1881 10 10 08 00  34.84    5.75  994.0           BISKRA
1881 10 11 08 00  34.84    5.75  998.2           BISKRA
1881 10 12 08 00  34.84    5.75 1001.5           BISKRA
1881 10 13 08 00  34.84    5.75 1004.8           BISKRA
1881 10 14 08 00  34.84    5.75 1005.6           BISKRA
1881 10 15 08 00  34.84    5.75 1004.4           BISKRA
1881 10 16 08 00  34.84    5.75 1003.0           BISKRA
1881 10 17 08 00  34.84    5.75 1005.6           BISKRA
1881 10 18 08 00  34.84    5.75 1003.2           BISKRA
1881 10 19 08 00  34.84    5.75  997.9           BISKRA
1881 10 20 08 00  34.84    5.75 1000.3           BISKRA
1881 10 21 08 00  34.84    5.75  999.6           BISKRA
1881 10 22 08 00  34.84    5.75  998.2           BISKRA
1881 10 23 08 00  34.84    5.75  995.0           BISKRA
1881 10 24 08 00  34.84    5.75  993.4           BISKRA
1881 10 25 08 00  34.84    5.75  998.3           BISKRA
1881 10 26 08 00  34.84    5.75  997.8           BISKRA
1881 10 28 08 00  34.84    5.75  998.2           BISKRA
1881 10 29 08 00  34.84    5.75  990.1           BISKRA
1881 10 30 08 00  34.84    5.75  986.2           BISKRA
1881 10 31 08 00  34.84    5.75  987.7           BISKRA
1881 10 01 08 00  45.76    4.84 1014.7            LYONS
1881 10 02 08 00  45.76    4.84 1014.1            LYONS
1881 10 03 08 00  45.76    4.84 1011.9            LYONS
1881 10 04 08 00  45.76    4.84 1011.3            LYONS
1881 10 05 08 00  45.76    4.84 1015.3            LYONS
1881 10 06 08 00  45.76    4.84 1023.0            LYONS
1881 10 07 08 00  45.76    4.84 1026.6            LYONS
1881 10 08 08 00  45.76    4.84 1020.6            LYONS
1881 10 09 08 00  45.76    4.84 1011.1            LYONS
1881 10 10 08 00  45.76    4.84 1016.7            LYONS
1881 10 11 08 00  45.76    4.84 1019.6            LYONS
1881 10 12 08 00  45.76    4.84 1016.9            LYONS
1881 10 13 08 00  45.76    4.84 1016.7            LYONS
1881 10 14 08 00  45.76    4.84 1012.7            LYONS
1881 10 15 08 00  45.76    4.84 1020.0            LYONS
1881 10 16 08 00  45.76    4.84 1025.2            LYONS
1881 10 19 08 00  45.76    4.84 1014.7            LYONS
1881 10 20 08 00  45.76    4.84 1006.8            LYONS
1881 10 21 08 00  45.76    4.84 1004.5            LYONS
1881 10 22 08 00  45.76    4.84 1001.2            LYONS
1881 10 23 08 00  45.76    4.84  999.9            LYONS
1881 10 24 08 00  45.76    4.84 1003.5            LYONS
1881 10 25 08 00  45.76    4.84  999.8            LYONS
1881 10 26 08 00  45.76    4.84 1010.4            LYONS
1881 10 27 08 00  45.76    4.84 1013.2            LYONS
1881 10 28 08 00  45.76    4.84 1013.5            LYONS
1881 10 29 08 00  45.76    4.84 1014.0            LYONS
1881 10 30 08 00  45.76    4.84 1010.3            LYONS
1881 10 31 08 00  45.76    4.84 1010.0            LYONS
1881 10 01 08 00  43.12    5.93 1010.8           TOULON
1881 10 03 08 00  43.12    5.93 1013.5           TOULON
1881 10 04 08 00  43.12    5.93 1010.2           TOULON
1881 10 05 08 00  43.12    5.93 1008.5           TOULON
1881 10 06 08 00  43.12    5.93 1014.2           TOULON
1881 10 07 08 00  43.12    5.93 1019.3           TOULON
1881 10 08 08 00  43.12    5.93 1017.9           TOULON
1881 10 09 08 00  43.12    5.93 1016.6           TOULON
1881 10 10 08 00  43.12    5.93 1012.2           TOULON
1881 10 11 08 00  43.12    5.93 1010.8           TOULON
1881 10 12 08 00  43.12    5.93 1012.9           TOULON
1881 10 13 08 00  43.12    5.93 1014.2           TOULON
1881 10 14 08 00  43.12    5.93 1014.9           TOULON
1881 10 15 08 00  43.12    5.93 1014.9           TOULON
1881 10 16 08 00  43.12    5.93 1021.3           TOULON
1881 10 17 08 00  43.12    5.93 1019.0           TOULON
1881 10 18 08 00  43.12    5.93 1022.7           TOULON
1881 10 19 08 00  43.12    5.93 1015.9           TOULON
1881 10 20 08 00  43.12    5.93 1012.9           TOULON
1881 10 21 08 00  43.12    5.93 1009.8           TOULON
1881 10 22 08 00  43.12    5.93 1007.8           TOULON
1881 10 23 08 00  43.12    5.93 1006.1           TOULON
1881 10 24 08 00  43.12    5.93 1002.4           TOULON
1881 10 25 08 00  43.12    5.93 1004.1           TOULON
1881 10 26 08 00  43.12    5.93 1001.7           TOULON
1881 10 27 08 00  43.12    5.93 1007.8           TOULON
1881 10 28 08 00  43.12    5.93 1013.2           TOULON
1881 10 29 08 00  43.12    5.93 1012.5           TOULON
1881 10 30 08 00  43.12    5.93 1006.1           TOULON
1881 10 31 08 00  43.12    5.93 1005.8           TOULON
1881 10 01 08 00  58.20   -6.30 1022.7        STORNOWAY
1881 10 02 08 00  58.20   -6.30 1022.4        STORNOWAY
1881 10 03 08 00  58.20   -6.30 1020.7        STORNOWAY
1881 10 04 08 00  58.20   -6.30 1023.7        STORNOWAY
1881 10 05 08 00  58.20   -6.30 1027.1        STORNOWAY
1881 10 06 08 00  58.20   -6.30 1030.1        STORNOWAY
1881 10 07 08 00  58.20   -6.30 1019.0        STORNOWAY
1881 10 08 08 00  58.20   -6.30 1022.4        STORNOWAY
1881 10 09 08 00  58.20   -6.30 1002.7        STORNOWAY
1881 10 10 08 00  58.20   -6.30  998.6        STORNOWAY
1881 10 11 08 00  58.20   -6.30  984.1        STORNOWAY
1881 10 12 08 00  58.20   -6.30  990.2        STORNOWAY
1881 10 13 08 00  58.20   -6.30  999.3        STORNOWAY
1881 10 14 08 00  58.20   -6.30  982.1        STORNOWAY
1881 10 15 08 00  58.20   -6.30 1011.2        STORNOWAY
1881 10 16 08 00  58.20   -6.30 1025.4        STORNOWAY
1881 10 17 08 00  58.20   -6.30 1014.6        STORNOWAY
1881 10 18 08 00  58.20   -6.30 1017.3        STORNOWAY
1881 10 19 08 00  58.20   -6.30 1020.7        STORNOWAY
1881 10 20 08 00  58.20   -6.30 1022.7        STORNOWAY
1881 10 21 08 00  58.20   -6.30 1014.9        STORNOWAY
1881 10 22 08 00  58.20   -6.30 1010.8        STORNOWAY
1881 10 23 08 00  58.20   -6.30 1004.7        STORNOWAY
1881 10 24 08 00  58.20   -6.30 1014.6        STORNOWAY
1881 10 25 08 00  58.20   -6.30 1018.3        STORNOWAY
1881 10 26 08 00  58.20   -6.30 1024.4        STORNOWAY
1881 10 27 08 00  58.20   -6.30 1029.1        STORNOWAY
1881 10 28 08 00  58.20   -6.30 1026.4        STORNOWAY
1881 10 29 08 00  58.20   -6.30 1030.1        STORNOWAY
1881 10 30 08 00  58.20   -6.30 1026.8        STORNOWAY
1881 10 31 08 00  58.20   -6.30 1017.6        STORNOWAY
1881 10 01 08 00  32.67  -16.92 1014.8          FUNCHAL
1881 10 02 08 00  32.67  -16.92 1013.7          FUNCHAL
1881 10 03 08 00  32.67  -16.92 1013.6          FUNCHAL
1881 10 04 08 00  32.67  -16.92 1013.7          FUNCHAL
1881 10 05 08 00  32.67  -16.92 1018.4          FUNCHAL
1881 10 06 08 00  32.67  -16.92 1022.6          FUNCHAL
1881 10 07 08 00  32.67  -16.92 1017.8          FUNCHAL
1881 10 08 08 00  32.67  -16.92 1011.3          FUNCHAL
1881 10 09 08 00  32.67  -16.92 1017.7          FUNCHAL
1881 10 11 08 00  32.67  -16.92 1021.6          FUNCHAL
1881 10 12 08 00  32.67  -16.92 1022.0          FUNCHAL
1881 10 13 08 00  32.67  -16.92 1018.8          FUNCHAL
1881 10 14 08 00  32.67  -16.92 1021.4          FUNCHAL
1881 10 15 08 00  32.67  -16.92 1022.4          FUNCHAL
1881 10 16 08 00  32.67  -16.92 1019.2          FUNCHAL
1881 10 17 08 00  32.67  -16.92 1012.7          FUNCHAL
1881 10 18 08 00  32.67  -16.92 1013.1          FUNCHAL
1881 10 19 08 00  32.67  -16.92 1012.5          FUNCHAL
1881 10 20 08 00  32.67  -16.92 1014.8          FUNCHAL
1881 10 21 08 00  32.67  -16.92 1014.0          FUNCHAL
1881 10 22 08 00  32.67  -16.92 1004.3          FUNCHAL
1881 10 23 08 00  32.67  -16.92 1014.0          FUNCHAL
1881 10 24 08 00  32.67  -16.92 1016.9          FUNCHAL
1881 10 25 08 00  32.67  -16.92 1016.1          FUNCHAL
1881 10 26 08 00  32.67  -16.92 1015.9          FUNCHAL
1881 10 27 08 00  32.67  -16.92 1020.2          FUNCHAL
1881 10 28 08 00  32.67  -16.92 1020.1          FUNCHAL
1881 10 29 08 00  32.67  -16.92 1013.6          FUNCHAL
1881 10 30 08 00  32.67  -16.92 1017.2          FUNCHAL
