    1844 -888.00    8.56   13.28    9.43    8.70
    1845    3.80    7.18   13.10    9.16    8.40
    1846    5.90    7.95   15.78   10.47    9.83
    1847    3.46    7.87   14.61    9.60    9.14
    1848    4.06    8.35   13.14    8.80    8.60
    1849    5.32    7.71   13.70    9.41    8.89
    1850    4.43    7.98   14.21    9.23    9.26
    1851    5.67    7.60   13.92    9.29    9.10
    1852    5.02    8.28   14.68    8.69    9.25
    1853    4.02    7.61   14.02    9.02    8.54
    1854    3.82    8.58   13.26    9.60    9.07
    1855    3.00    6.66   14.80    9.08    8.38
    1856    4.06    7.24   14.31    9.83    8.98
    1857    4.48    7.62   15.52   10.75    9.88
    1858    6.07    7.90   14.22    8.74    9.08
    1859    5.71    8.41   15.15    8.72    9.23
    1860    2.81    7.40   12.99    8.23    8.02
    1861    4.20    8.32   14.88    8.86    9.28
    1862    5.10    8.29   13.00    8.58    8.97
    1863    5.69    8.29   13.76    9.21    9.25
    1864    3.95    8.70   13.40    8.87    8.57
    1865    3.15    8.17   15.23   10.44    9.54
    1866    5.20    7.50   14.29    9.23    9.03
    1867    5.37    7.56   14.57    9.32    9.27
    1868    5.20    9.32   15.56    8.75    9.82
    1869    6.49    7.02   14.66    9.95    9.22
    1870    3.15    8.63   15.48    9.13    9.07
    1871    3.55    8.99   14.58    8.76    9.19
    1872    4.97    7.95   14.84    8.62    9.11
    1873    3.76    7.83   14.87    8.39    8.96
    1874    5.73    8.82   14.88    9.50    9.29
    1875    3.91    8.94   14.38    9.56    9.45
    1876    4.29    7.11   14.77    9.94    9.18
    1877    5.45    6.85   14.24    9.20    8.86
    1878    5.34    8.61   15.53    8.83    9.36
    1879    1.29    6.46   13.35    8.58    7.70
    1880    4.11    7.70 -888.00    8.42  -888.0
    1881    2.35    7.35   13.03    9.51    8.00
    1882    5.23    8.27   13.51    8.57   11.28
    1883    4.54    6.67   12.95    8.74    8.46
    1884    5.52    7.77   14.08    9.06    9.03
    1885    4.39    6.47   13.19    8.31    8.16
    1886    3.59    6.79   13.68    9.97    8.31
    1887    3.84    6.83   15.49    8.04    8.70
    1888    4.06    6.68   13.13    9.53    8.56
    1889    5.03    8.13   13.70    9.52    9.11
    1890    5.43    8.32   13.23   10.48    9.17
    1891    4.44    6.50   13.99    9.25    8.74
    1892    4.33    7.19   13.24    8.57    8.19
    1893    4.25   10.05   15.21    9.00    9.81
    1894    5.17    8.05   13.53    9.28    9.04
    1895    2.14    8.69   14.07    9.20    8.45
    1896    5.71    9.41   14.17    8.04    9.30
    1897    4.35    7.39   14.57   10.17    9.29
    1898    6.27    7.91   14.38   10.99   10.07
    1899    5.97    7.89   15.69   10.46    9.74
    1900    3.66    7.57   14.62    9.18    9.00
    1901    4.82    7.94   14.18    9.48    8.84
    1902    3.34    7.46   13.23    9.75    8.63
    1903    5.31    7.43   12.97    9.12    8.62
    1904    3.92    7.28   13.67    9.34    8.66
    1905    5.24    8.06   14.27    7.64    8.99
    1906    4.92    6.90   14.02    9.77    8.72
    1907    4.11    7.57   12.58    9.06    8.38
    1908    4.80    7.26   13.55   10.37    9.08
    1909    4.97    7.03   12.96    8.18    8.16
    1910    3.90    7.65   13.65    8.61    8.68
    1911    5.16    8.07   14.83    8.87    9.22
    1912    4.93    8.74   12.55    8.55    8.79
    1913    5.56    7.49   13.44   10.41    9.10
    1914    5.39    8.14   14.36    9.83    9.29
    1915    3.26    8.01   13.61    8.54    8.50
    1916    5.05    7.00   13.54   10.18    8.84
    1917    2.62    6.49   13.75    9.42    8.17
    1918    5.08    7.97   13.56    8.19    8.97
    1919    4.55    7.63   13.33    7.82    8.24
    1920    5.58    7.78   12.91   10.57    9.13
    1921    5.72    8.17   14.44   10.82   10.10
    1922    5.86    6.97   12.36    8.97    8.38
    1923    5.98    7.16   13.36    8.10    8.65
    1924    5.21    6.91   13.05    9.64    8.87
    1925    5.68    7.22   14.16    8.55    8.66
    1926    5.48    8.13   14.54    8.78    9.35
    1927    5.02    8.11   13.37    9.36    8.88
    1928    5.07    7.88   13.34    9.77    9.14
    1929    4.07    7.83   13.60    9.77    8.87
    1930    3.86    7.65   13.89    9.57    8.79
    1931    4.47    7.57   13.59    9.45    8.95
    1932    6.15    7.19   14.64    8.99    9.21
    1933    4.67    9.09   15.31    9.93    9.60
    1934    5.03    7.30   14.99    9.73    9.63
    1935    6.48    8.27   14.51    9.05    9.15
    1936    3.07    7.82   14.34    9.35    8.92
    1937    5.43    7.78   14.39    9.14    8.98
    1938    4.90    9.04   13.66   10.86    9.73
    1939    4.78    8.70   14.22    9.81    9.37
    1940    3.47    8.62   14.68    9.26    9.04
    1941    2.90    6.88   14.31   10.65    8.89
    1942    4.52    8.69   14.40    9.13    9.29
    1943    6.68    9.33   14.31   10.06    9.95
    1944    5.86    9.08   14.52    8.88    9.57
    1945    4.70    9.96   14.75   11.25   10.33
    1946    5.81    8.57   13.48   10.42    9.34
    1947    2.90    7.77   15.25   10.85    9.37
    1948    4.99    9.43   13.68   10.76    9.79
    1949    6.72    8.93   15.28   11.10   10.48
    1950    5.77    9.12   14.54    8.95    9.31
    1951    3.08    6.90   14.05   10.86    9.04
    1952    4.19    9.61   14.52    8.37    9.06
    1953    4.95    8.49   14.21   10.96    9.97
    1954    5.52    8.53   13.09    9.99    9.29
    1955    4.28    7.96   15.41   10.35    9.47
    1956    4.36    8.84   13.25   10.05    9.19
    1957    6.15    9.71   14.58    9.78    9.98
    1958    5.09    7.41   14.14   11.11    9.37
    1959    4.32    9.66   15.19   11.01   10.17
    1960    4.63    9.81   14.38    9.89    9.46
    1961    4.83    9.70   13.80    9.94    9.58
    1962    4.52    7.20   13.56    9.96    8.96
    1963    2.20    8.29   13.93   10.14    8.60
    1964    4.91    8.64   13.96    9.81    9.37
    1965    3.50 -591.54 -888.00 -888.00    2.99
