1874 01 01 08 00  36.75    3.06 1016.7          ALGIERS
1874 01 02 08 00  36.75    3.06 1022.1          ALGIERS
1874 01 03 08 00  36.75    3.06 1020.8          ALGIERS
1874 01 04 08 00  36.75    3.06 1018.4          ALGIERS
1874 01 05 08 00  36.75    3.06 1022.1          ALGIERS
1874 01 06 08 00  36.75    3.06 1024.1          ALGIERS
1874 01 07 08 00  36.75    3.06 1022.2          ALGIERS
1874 01 08 08 00  36.75    3.06 1023.0          ALGIERS
1874 01 11 08 00  36.75    3.06 1016.1          ALGIERS
1874 01 12 08 00  36.75    3.06 1015.7          ALGIERS
1874 01 13 08 00  36.75    3.06 1018.4          ALGIERS
1874 01 14 08 00  36.75    3.06 1021.6          ALGIERS
1874 01 15 08 00  36.75    3.06 1019.7          ALGIERS
1874 01 16 08 00  36.75    3.06 1017.2          ALGIERS
1874 01 17 08 00  36.75    3.06 1011.2          ALGIERS
1874 01 18 08 00  36.75    3.06 1015.1          ALGIERS
1874 01 19 08 00  36.75    3.06 1017.5          ALGIERS
1874 01 20 08 00  36.75    3.06 1022.4          ALGIERS
1874 01 21 08 00  36.75    3.06 1023.0          ALGIERS
1874 01 22 08 00  36.75    3.06 1025.7          ALGIERS
1874 01 23 08 00  36.75    3.06 1026.5          ALGIERS
1874 01 24 08 00  36.75    3.06 1026.5          ALGIERS
1874 01 25 08 00  36.75    3.06 1021.7          ALGIERS
1874 01 26 08 00  36.75    3.06 1020.8          ALGIERS
1874 01 27 08 00  36.75    3.06 1033.4          ALGIERS
1874 01 28 08 00  36.75    3.06 1021.0          ALGIERS
1874 01 29 08 00  36.75    3.06 1017.2          ALGIERS
1874 01 30 08 00  36.75    3.06 1021.0          ALGIERS
1874 01 31 08 00  36.75    3.06 1016.8          ALGIERS
1874 01 01 08 00  30.51   47.78 1028.1            BASRA
1874 01 02 08 00  30.51   47.78 1028.4            BASRA
1874 01 03 08 00  30.51   47.78 1026.8            BASRA
1874 01 04 08 00  30.51   47.78 1025.4            BASRA
1874 01 05 08 00  30.51   47.78 1027.4            BASRA
1874 01 06 08 00  30.51   47.78 1025.4            BASRA
1874 01 07 08 00  30.51   47.78 1032.5            BASRA
1874 01 08 08 00  30.51   47.78 1029.4            BASRA
1874 01 09 08 00  30.51   47.78 1029.7            BASRA
1874 01 10 08 00  30.51   47.78 1027.8            BASRA
1874 01 11 08 00  30.51   47.78 1020.8            BASRA
1874 01 12 08 00  30.51   47.78 1029.4            BASRA
1874 01 13 08 00  30.51   47.78 1030.0            BASRA
1874 01 14 08 00  30.51   47.78 1029.4            BASRA
1874 01 15 08 00  30.51   47.78 1028.4            BASRA
1874 01 16 08 00  30.51   47.78 1032.1            BASRA
1874 01 17 08 00  30.51   47.78 1025.4            BASRA
1874 01 18 08 00  30.51   47.78 1032.3            BASRA
1874 01 19 08 00  30.51   47.78 1034.1            BASRA
1874 01 20 08 00  30.51   47.78 1032.1            BASRA
1874 01 21 08 00  30.51   47.78 1032.1            BASRA
1874 01 22 08 00  30.51   47.78 1032.7            BASRA
1874 01 23 08 00  30.51   47.78 1028.1            BASRA
1874 01 24 08 00  30.51   47.78 1028.1            BASRA
1874 01 25 08 00  30.51   47.78 1022.5            BASRA
1874 01 26 08 00  30.51   47.78 1025.2            BASRA
1874 01 27 08 00  30.51   47.78 1026.4            BASRA
1874 01 28 08 00  30.51   47.78 1025.4            BASRA
1874 01 29 08 00  30.51   47.78 1024.1            BASRA
1874 01 30 08 00  30.51   47.78 1026.8            BASRA
1874 01 31 08 00  30.51   47.78 1020.1            BASRA
1874 01 01 08 00  31.51   -9.76 1021.4          MOGADOR
1874 01 02 08 00  31.51   -9.76 1018.8          MOGADOR
1874 01 03 08 00  31.51   -9.76 1021.4          MOGADOR
1874 01 04 08 00  31.51   -9.76 1025.4          MOGADOR
1874 01 05 08 00  31.51   -9.76 1024.1          MOGADOR
1874 01 06 08 00  31.51   -9.76 1025.4          MOGADOR
1874 01 07 08 00  31.51   -9.76 1021.4          MOGADOR
1874 01 08 08 00  31.51   -9.76 1017.5          MOGADOR
1874 01 09 08 00  31.51   -9.76 1006.8          MOGADOR
1874 01 10 08 00  31.51   -9.76 1004.2          MOGADOR
1874 01 11 08 00  31.51   -9.76 1013.5          MOGADOR
1874 01 12 08 00  31.51   -9.76 1014.8          MOGADOR
1874 01 13 08 00  31.51   -9.76 1013.5          MOGADOR
1874 01 14 08 00  31.51   -9.76 1013.5          MOGADOR
1874 01 15 08 00  31.51   -9.76 1016.1          MOGADOR
1874 01 16 08 00  31.51   -9.76 1018.8          MOGADOR
1874 01 17 08 00  31.51   -9.76 1024.1          MOGADOR
1874 01 18 08 00  31.51   -9.76 1025.4          MOGADOR
1874 01 19 08 00  31.51   -9.76 1022.8          MOGADOR
1874 01 20 08 00  31.51   -9.76 1022.8          MOGADOR
1874 01 21 08 00  31.51   -9.76 1021.4          MOGADOR
1874 01 22 08 00  31.51   -9.76 1021.4          MOGADOR
1874 01 23 08 00  31.51   -9.76 1024.1          MOGADOR
1874 01 24 08 00  31.51   -9.76 1024.1          MOGADOR
1874 01 25 08 00  31.51   -9.76 1020.1          MOGADOR
1874 01 26 08 00  31.51   -9.76 1013.5          MOGADOR
1874 01 27 08 00  31.51   -9.76 1014.8          MOGADOR
1874 01 28 08 00  31.51   -9.76 1014.8          MOGADOR
1874 01 29 08 00  31.51   -9.76 1013.5          MOGADOR
1874 01 30 08 00  31.51   -9.76 1013.5          MOGADOR
1874 01 31 08 00  31.51   -9.76 1020.1          MOGADOR
1874 01 01 08 00  38.66  -27.23 1034.7            ANGRA
1874 01 02 08 00  38.66  -27.23 1032.1            ANGRA
1874 01 03 08 00  38.66  -27.23 1029.4            ANGRA
1874 01 04 08 00  38.66  -27.23 1022.8            ANGRA
1874 01 05 08 00  38.66  -27.23 1012.1            ANGRA
1874 01 06 08 00  38.66  -27.23 1016.1            ANGRA
1874 01 07 08 00  38.66  -27.23 1010.8            ANGRA
1874 01 08 08 00  38.66  -27.23 1013.5            ANGRA
1874 01 09 08 00  38.66  -27.23  998.8            ANGRA
1874 01 10 08 00  38.66  -27.23 1004.2            ANGRA
1874 01 11 08 00  38.66  -27.23 1014.8            ANGRA
1874 01 12 08 00  38.66  -27.23 1022.8            ANGRA
1874 01 13 08 00  38.66  -27.23 1025.4            ANGRA
1874 01 14 08 00  38.66  -27.23 1024.1            ANGRA
1874 01 15 08 00  38.66  -27.23 1022.8            ANGRA
1874 01 16 08 00  38.66  -27.23 1032.1            ANGRA
1874 01 17 08 00  38.66  -27.23 1029.4            ANGRA
1874 01 18 08 00  38.66  -27.23 1028.1            ANGRA
1874 01 19 08 00  38.66  -27.23 1016.1            ANGRA
1874 01 20 08 00  38.66  -27.23 1026.8            ANGRA
1874 01 21 08 00  38.66  -27.23 1026.8            ANGRA
1874 01 22 08 00  38.66  -27.23 1021.4            ANGRA
1874 01 23 08 00  38.66  -27.23 1025.4            ANGRA
1874 01 24 08 00  38.66  -27.23 1034.7            ANGRA
1874 01 25 08 00  38.66  -27.23 1036.1            ANGRA
1874 01 26 08 00  38.66  -27.23 1030.8            ANGRA
1874 01 27 08 00  38.66  -27.23 1028.1            ANGRA
1874 01 28 08 00  38.66  -27.23 1025.4            ANGRA
1874 01 29 08 00  38.66  -27.23 1024.1            ANGRA
1874 01 30 08 00  38.66  -27.23 1024.1            ANGRA
1874 01 31 08 00  38.66  -27.23 1022.8            ANGRA
1874 01 01 08 00  38.72   -9.14 1022.8           LISBON
1874 01 02 08 00  38.72   -9.14 1027.2           LISBON
1874 01 03 08 00  38.72   -9.14 1025.8           LISBON
1874 01 04 08 00  38.72   -9.14 1026.9           LISBON
1874 01 05 08 00  38.72   -9.14 1027.0           LISBON
1874 01 06 08 00  38.72   -9.14 1024.4           LISBON
1874 01 07 08 00  38.72   -9.14 1023.4           LISBON
1874 01 08 08 00  38.72   -9.14 1016.0           LISBON
1874 01 09 08 00  38.72   -9.14 1011.5           LISBON
1874 01 10 08 00  38.72   -9.14 1013.2           LISBON
1874 01 11 08 00  38.72   -9.14 1013.1           LISBON
1874 01 12 08 00  38.72   -9.14 1015.9           LISBON
1874 01 13 08 00  38.72   -9.14 1019.4           LISBON
1874 01 14 08 00  38.72   -9.14 1018.8           LISBON
1874 01 15 08 00  38.72   -9.14 1019.0           LISBON
1874 01 16 08 00  38.72   -9.14 1012.1           LISBON
1874 01 17 08 00  38.72   -9.14 1021.2           LISBON
1874 01 18 08 00  38.72   -9.14 1025.8           LISBON
1874 01 19 08 00  38.72   -9.14 1024.8           LISBON
1874 01 20 08 00  38.72   -9.14 1024.1           LISBON
1874 01 21 08 00  38.72   -9.14 1025.4           LISBON
1874 01 22 08 00  38.72   -9.14 1026.6           LISBON
1874 01 23 08 00  38.72   -9.14 1027.3           LISBON
1874 01 24 08 00  38.72   -9.14 1028.1           LISBON
1874 01 25 08 00  38.72   -9.14 1026.6           LISBON
1874 01 26 08 00  38.72   -9.14 1022.5           LISBON
1874 01 27 08 00  38.72   -9.14 1026.4           LISBON
1874 01 28 08 00  38.72   -9.14 1024.1           LISBON
1874 01 29 08 00  38.72   -9.14 1019.4           LISBON
1874 01 30 08 00  38.72   -9.14 1020.5           LISBON
1874 01 31 08 00  38.72   -9.14 1018.2           LISBON
1874 01 01 08 00  57.20   -2.20 1007.1         ABERDEEN
1874 01 02 08 00  57.20   -2.20  991.9         ABERDEEN
1874 01 03 08 00  57.20   -2.20  992.6         ABERDEEN
1874 01 04 08 00  57.20   -2.20  989.2         ABERDEEN
1874 01 05 08 00  57.20   -2.20 1007.5         ABERDEEN
1874 01 06 08 00  57.20   -2.20 1008.1         ABERDEEN
1874 01 07 08 00  57.20   -2.20 1011.9         ABERDEEN
1874 01 08 08 00  57.20   -2.20 1001.7         ABERDEEN
1874 01 09 08 00  57.20   -2.20  998.6         ABERDEEN
1874 01 10 08 00  57.20   -2.20 1012.9         ABERDEEN
1874 01 11 08 00  57.20   -2.20 1005.8         ABERDEEN
1874 01 12 08 00  57.20   -2.20  997.3         ABERDEEN
1874 01 13 08 00  57.20   -2.20 1008.1         ABERDEEN
1874 01 14 08 00  57.20   -2.20  998.6         ABERDEEN
1874 01 15 08 00  57.20   -2.20  994.6         ABERDEEN
1874 01 16 08 00  57.20   -2.20  986.8         ABERDEEN
1874 01 17 08 00  57.20   -2.20  988.5         ABERDEEN
1874 01 18 08 00  57.20   -2.20  987.5         ABERDEEN
1874 01 19 08 00  57.20   -2.20  985.4         ABERDEEN
1874 01 20 08 00  57.20   -2.20  986.1         ABERDEEN
1874 01 21 08 00  57.20   -2.20 1003.0         ABERDEEN
1874 01 22 08 00  57.20   -2.20 1015.6         ABERDEEN
1874 01 23 08 00  57.20   -2.20 1010.2         ABERDEEN
1874 01 24 08 00  57.20   -2.20 1011.9         ABERDEEN
1874 01 25 08 00  57.20   -2.20 1021.7         ABERDEEN
1874 01 26 08 00  57.20   -2.20 1010.5         ABERDEEN
1874 01 27 08 00  57.20   -2.20 1026.1         ABERDEEN
1874 01 28 08 00  57.20   -2.20 1029.8         ABERDEEN
1874 01 29 08 00  57.20   -2.20 1017.6         ABERDEEN
1874 01 30 08 00  57.20   -2.20 1021.0         ABERDEEN
1874 01 31 08 00  57.20   -2.20 1024.7         ABERDEEN
1874 01 01 08 00  45.94   -0.96 1025.4        ROCHEFORT
1874 01 02 08 00  45.94   -0.96 1029.5        ROCHEFORT
1874 01 03 08 00  45.94   -0.96 1013.9        ROCHEFORT
1874 01 04 08 00  45.94   -0.96 1015.2        ROCHEFORT
1874 01 05 08 00  45.94   -0.96 1023.4        ROCHEFORT
1874 01 06 08 00  45.94   -0.96 1030.1        ROCHEFORT
1874 01 07 08 00  45.94   -0.96 1026.4        ROCHEFORT
1874 01 08 08 00  45.94   -0.96 1017.3        ROCHEFORT
1874 01 09 08 00  45.94   -0.96 1015.2        ROCHEFORT
1874 01 10 08 00  45.94   -0.96 1019.6        ROCHEFORT
1874 01 11 08 00  45.94   -0.96 1020.7        ROCHEFORT
1874 01 12 08 00  45.94   -0.96 1021.3        ROCHEFORT
1874 01 13 08 00  45.94   -0.96 1024.7        ROCHEFORT
1874 01 14 08 00  45.94   -0.96 1025.1        ROCHEFORT
1874 01 15 08 00  45.94   -0.96 1022.0        ROCHEFORT
1874 01 16 08 00  45.94   -0.96 1011.5        ROCHEFORT
1874 01 17 08 00  45.94   -0.96 1012.5        ROCHEFORT
1874 01 18 08 00  45.94   -0.96 1020.7        ROCHEFORT
1874 01 19 08 00  45.94   -0.96 1017.6        ROCHEFORT
1874 01 20 08 00  45.94   -0.96 1021.7        ROCHEFORT
1874 01 21 08 00  45.94   -0.96 1023.7        ROCHEFORT
1874 01 22 08 00  45.94   -0.96 1026.8        ROCHEFORT
1874 01 23 08 00  45.94   -0.96 1032.5        ROCHEFORT
1874 01 24 08 00  45.94   -0.96 1033.5        ROCHEFORT
1874 01 25 08 00  45.94   -0.96 1029.8        ROCHEFORT
1874 01 26 08 00  45.94   -0.96 1037.6        ROCHEFORT
1874 01 27 08 00  45.94   -0.96 1038.6        ROCHEFORT
1874 01 28 08 00  45.94   -0.96 1030.0        ROCHEFORT
1874 01 29 08 00  45.94   -0.96 1032.5        ROCHEFORT
1874 01 30 08 00  45.94   -0.96 1030.1        ROCHEFORT
1874 01 31 08 00  45.94   -0.96 1032.2        ROCHEFORT
1874 01 01 08 00  51.80   -8.30 1020.0      ROCHESPOINT
1874 01 02 08 00  51.80   -8.30 1009.8      ROCHESPOINT
1874 01 03 08 00  51.80   -8.30  995.9      ROCHESPOINT
1874 01 04 08 00  51.80   -8.30 1006.8      ROCHESPOINT
1874 01 05 08 00  51.80   -8.30 1019.0      ROCHESPOINT
1874 01 06 08 00  51.80   -8.30 1026.4      ROCHESPOINT
1874 01 07 08 00  51.80   -8.30 1011.2      ROCHESPOINT
1874 01 08 08 00  51.80   -8.30  997.3      ROCHESPOINT
1874 01 09 08 00  51.80   -8.30 1004.1      ROCHESPOINT
1874 01 10 08 00  51.80   -8.30 1017.6      ROCHESPOINT
1874 01 11 08 00  51.80   -8.30 1020.0      ROCHESPOINT
1874 01 12 08 00  51.80   -8.30 1012.9      ROCHESPOINT
1874 01 13 08 00  51.80   -8.30 1019.0      ROCHESPOINT
1874 01 14 08 00  51.80   -8.30 1014.2      ROCHESPOINT
1874 01 15 08 00  51.80   -8.30 1006.8      ROCHESPOINT
1874 01 16 08 00  51.80   -8.30  993.6      ROCHESPOINT
1874 01 17 08 00  51.80   -8.30 1004.7      ROCHESPOINT
1874 01 18 08 00  51.80   -8.30  998.6      ROCHESPOINT
1874 01 19 08 00  51.80   -8.30 1000.7      ROCHESPOINT
1874 01 20 08 00  51.80   -8.30  993.9      ROCHESPOINT
1874 01 21 08 00  51.80   -8.30 1017.3      ROCHESPOINT
1874 01 22 08 00  51.80   -8.30 1027.1      ROCHESPOINT
1874 01 23 08 00  51.80   -8.30 1022.4      ROCHESPOINT
1874 01 24 08 00  51.80   -8.30 1025.7      ROCHESPOINT
1874 01 25 08 00  51.80   -8.30 1035.9      ROCHESPOINT
1874 01 26 08 00  51.80   -8.30 1033.2      ROCHESPOINT
1874 01 27 08 00  51.80   -8.30 1036.6      ROCHESPOINT
1874 01 28 08 00  51.80   -8.30 1038.3      ROCHESPOINT
1874 01 29 08 00  51.80   -8.30 1031.2      ROCHESPOINT
1874 01 30 08 00  51.80   -8.30 1034.9      ROCHESPOINT
1874 01 31 08 00  51.80   -8.30 1037.9      ROCHESPOINT
1874 01 01 08 00  50.38   -4.14 1023.0         PLYMOUTH
1874 01 02 08 00  50.38   -4.14 1014.9         PLYMOUTH
1874 01 03 08 00  50.38   -4.14  995.6         PLYMOUTH
1874 01 04 08 00  50.38   -4.14 1003.0         PLYMOUTH
1874 01 05 08 00  50.38   -4.14 1018.3         PLYMOUTH
1874 01 06 08 00  50.38   -4.14 1028.4         PLYMOUTH
1874 01 07 08 00  50.38   -4.14 1022.0         PLYMOUTH
1874 01 08 08 00  50.38   -4.14 1005.8         PLYMOUTH
1874 01 09 08 00  50.38   -4.14 1004.4         PLYMOUTH
1874 01 10 08 00  50.38   -4.14 1015.9         PLYMOUTH
1874 01 11 08 00  50.38   -4.14 1021.0         PLYMOUTH
1874 01 12 08 00  50.38   -4.14 1014.6         PLYMOUTH
1874 01 13 08 00  50.38   -4.14 1021.3         PLYMOUTH
1874 01 14 08 00  50.38   -4.14 1017.9         PLYMOUTH
1874 01 15 08 00  50.38   -4.14 1014.2         PLYMOUTH
1874 01 16 08 00  50.38   -4.14  995.3         PLYMOUTH
1874 01 17 08 00  50.38   -4.14 1003.0         PLYMOUTH
1874 01 18 08 00  50.38   -4.14 1006.8         PLYMOUTH
1874 01 19 08 00  50.38   -4.14 1003.7         PLYMOUTH
1874 01 20 08 00  50.38   -4.14 1005.8         PLYMOUTH
1874 01 21 08 00  50.38   -4.14 1020.3         PLYMOUTH
1874 01 22 08 00  50.38   -4.14 1028.8         PLYMOUTH
1874 01 23 08 00  50.38   -4.14 1026.4         PLYMOUTH
1874 01 24 08 00  50.38   -4.14 1024.0         PLYMOUTH
1874 01 25 08 00  50.38   -4.14 1035.2         PLYMOUTH
1874 01 26 08 00  50.38   -4.14 1035.9         PLYMOUTH
1874 01 27 08 00  50.38   -4.14 1033.9         PLYMOUTH
1874 01 28 08 00  50.38   -4.14 1036.6         PLYMOUTH
1874 01 29 08 00  50.38   -4.14 1032.2         PLYMOUTH
1874 01 30 08 00  50.38   -4.14 1031.5         PLYMOUTH
1874 01 31 08 00  50.38   -4.14 1035.9         PLYMOUTH
1874 01 01 08 00  41.90   12.50 1022.9             ROME
1874 01 02 08 00  41.90   12.50 1026.1             ROME
1874 01 03 08 00  41.90   12.50 1026.1             ROME
1874 01 04 08 00  41.90   12.50 1021.6             ROME
1874 01 05 08 00  41.90   12.50 1014.7             ROME
1874 01 06 08 00  41.90   12.50 1016.4             ROME
1874 01 07 08 00  41.90   12.50 1016.8             ROME
1874 01 08 08 00  41.90   12.50 1017.3             ROME
1874 01 09 08 00  41.90   12.50 1022.4             ROME
1874 01 10 08 00  41.90   12.50 1025.4             ROME
1874 01 11 08 00  41.90   12.50 1021.3             ROME
1874 01 12 08 00  41.90   12.50 1018.0             ROME
1874 01 13 08 00  41.90   12.50 1016.3             ROME
1874 01 14 08 00  41.90   12.50 1022.2             ROME
1874 01 15 08 00  41.90   12.50 1027.0             ROME
1874 01 16 08 00  41.90   12.50 1025.3             ROME
1874 01 17 08 00  41.90   12.50 1015.3             ROME
1874 01 18 08 00  41.90   12.50 1003.5             ROME
1874 01 19 08 00  41.90   12.50 1013.1             ROME
1874 01 20 08 00  41.90   12.50 1019.8             ROME
1874 01 21 08 00  41.90   12.50 1023.0             ROME
1874 01 22 08 00  41.90   12.50 1025.3             ROME
1874 01 23 08 00  41.90   12.50 1026.0             ROME
1874 01 24 08 00  41.90   12.50 1023.6             ROME
1874 01 25 08 00  41.90   12.50 1018.6             ROME
1874 01 26 08 00  41.90   12.50 1023.0             ROME
1874 01 27 08 00  41.90   12.50 1023.8             ROME
1874 01 28 08 00  41.90   12.50 1008.5             ROME
1874 01 29 08 00  41.90   12.50 1019.3             ROME
1874 01 30 08 00  41.90   12.50 1018.0             ROME
1874 01 31 08 00  41.90   12.50 1016.1             ROME
1874 01 01 08 00  48.39   -4.49 1025.4            BREST
1874 01 02 08 00  48.39   -4.49 1021.7            BREST
1874 01 03 08 00  48.39   -4.49 1005.1            BREST
1874 01 04 08 00  48.39   -4.49 1012.2            BREST
1874 01 05 08 00  48.39   -4.49 1021.0            BREST
1874 01 06 08 00  48.39   -4.49 1030.5            BREST
1874 01 07 08 00  48.39   -4.49 1022.7            BREST
1874 01 08 08 00  48.39   -4.49 1010.2            BREST
1874 01 09 08 00  48.39   -4.49 1006.8            BREST
1874 01 10 08 00  48.39   -4.49 1017.9            BREST
1874 01 11 08 00  48.39   -4.49 1021.7            BREST
1874 01 12 08 00  48.39   -4.49 1018.6            BREST
1874 01 13 08 00  48.39   -4.49 1021.3            BREST
1874 01 14 08 00  48.39   -4.49 1022.4            BREST
1874 01 15 08 00  48.39   -4.49 1017.6            BREST
1874 01 16 08 00  48.39   -4.49 1001.4            BREST
1874 01 17 08 00  48.39   -4.49 1007.5            BREST
1874 01 18 08 00  48.39   -4.49 1013.2            BREST
1874 01 19 08 00  48.39   -4.49 1009.1            BREST
1874 01 20 08 00  48.39   -4.49 1012.2            BREST
1874 01 21 08 00  48.39   -4.49 1021.3            BREST
1874 01 22 08 00  48.39   -4.49 1026.4            BREST
1874 01 23 08 00  48.39   -4.49 1029.1            BREST
1874 01 24 08 00  48.39   -4.49 1030.5            BREST
1874 01 25 08 00  48.39   -4.49 1035.9            BREST
1874 01 26 08 00  48.39   -4.49 1039.3            BREST
1874 01 27 08 00  48.39   -4.49 1036.9            BREST
1874 01 28 08 00  48.39   -4.49 1036.9            BREST
1874 01 29 08 00  48.39   -4.49 1032.5            BREST
1874 01 30 08 00  48.39   -4.49 1031.5            BREST
1874 01 31 08 00  48.39   -4.49 1035.6            BREST
1874 01 01 08 00  45.76    4.84 1017.5            LYONS
1874 01 02 08 00  45.76    4.84 1023.8            LYONS
1874 01 03 08 00  45.76    4.84 1020.1            LYONS
1874 01 04 08 00  45.76    4.84 1008.1            LYONS
1874 01 05 08 00  45.76    4.84 1016.1            LYONS
1874 01 06 08 00  45.76    4.84 1022.8            LYONS
1874 01 07 08 00  45.76    4.84 1022.1            LYONS
1874 01 08 08 00  45.76    4.84 1017.5            LYONS
1874 01 09 08 00  45.76    4.84 1013.5            LYONS
1874 01 10 08 00  45.76    4.84 1015.7            LYONS
1874 01 11 08 00  45.76    4.84 1013.5            LYONS
1874 01 12 08 00  45.76    4.84 1012.7            LYONS
1874 01 13 08 00  45.76    4.84 1016.8            LYONS
1874 01 14 08 00  45.76    4.84 1018.8            LYONS
1874 01 15 08 00  45.76    4.84 1018.5            LYONS
1874 01 16 08 00  45.76    4.84 1008.1            LYONS
1874 01 17 08 00  45.76    4.84 1002.8            LYONS
1874 01 18 08 00  45.76    4.84 1011.9            LYONS
1874 01 19 08 00  45.76    4.84 1011.2            LYONS
1874 01 20 08 00  45.76    4.84 1016.8            LYONS
1874 01 21 08 00  45.76    4.84 1018.1            LYONS
1874 01 22 08 00  45.76    4.84 1024.1            LYONS
1874 01 23 08 00  45.76    4.84 1025.4            LYONS
1874 01 24 08 00  45.76    4.84 1024.1            LYONS
1874 01 25 08 00  45.76    4.84 1020.1            LYONS
1874 01 26 08 00  45.76    4.84 1028.4            LYONS
1874 01 27 08 00  45.76    4.84 1028.1            LYONS
1874 01 28 08 00  45.76    4.84 1024.1            LYONS
1874 01 29 08 00  45.76    4.84 1023.4            LYONS
1874 01 30 08 00  45.76    4.84 1020.1            LYONS
1874 01 31 08 00  45.76    4.84 1021.4            LYONS
1874 01 01 08 00  43.12    5.93 1021.7           TOULON
1874 01 02 08 00  43.12    5.93 1026.1           TOULON
1874 01 03 08 00  43.12    5.93 1025.4           TOULON
1874 01 05 08 00  43.12    5.93 1020.3           TOULON
1874 01 06 08 00  43.12    5.93 1021.3           TOULON
1874 01 07 08 00  43.12    5.93 1024.4           TOULON
1874 01 08 08 00  43.12    5.93 1024.4           TOULON
1874 01 09 08 00  43.12    5.93 1023.4           TOULON
1874 01 10 08 00  43.12    5.93 1024.0           TOULON
1874 01 12 08 00  43.12    5.93 1017.5           TOULON
1874 01 13 08 00  43.12    5.93 1018.6           TOULON
1874 01 15 08 00  43.12    5.93 1025.7           TOULON
1874 01 16 08 00  43.12    5.93 1019.3           TOULON
1874 01 17 08 00  43.12    5.93 1012.2           TOULON
1874 01 18 08 00  43.12    5.93 1008.5           TOULON
1874 01 19 08 00  43.12    5.93 1016.3           TOULON
1874 01 20 08 00  43.12    5.93 1022.4           TOULON
1874 01 21 08 00  43.12    5.93 1023.0           TOULON
1874 01 22 08 00  43.12    5.93 1029.8           TOULON
1874 01 24 08 00  43.12    5.93 1024.7           TOULON
1874 01 25 08 00  43.12    5.93 1017.9           TOULON
1874 01 26 08 00  43.12    5.93 1026.8           TOULON
1874 01 27 08 00  43.12    5.93 1023.0           TOULON
1874 01 28 08 00  43.12    5.93 1010.8           TOULON
1874 01 29 08 00  43.12    5.93 1021.7           TOULON
1874 01 30 08 00  43.12    5.93 1020.3           TOULON
1874 01 31 08 00  43.12    5.93 1015.2           TOULON
1874 01 01 08 00  33.31   44.36 1032.1          BAGHDAD
1874 01 02 08 00  33.31   44.36 1030.8          BAGHDAD
1874 01 03 08 00  33.31   44.36 1032.1          BAGHDAD
1874 01 04 08 00  33.31   44.36 1026.8          BAGHDAD
1874 01 05 08 00  33.31   44.36 1029.4          BAGHDAD
1874 01 06 08 00  33.31   44.36 1024.1          BAGHDAD
1874 01 07 08 00  33.31   44.36 1036.1          BAGHDAD
1874 01 08 08 00  33.31   44.36 1033.4          BAGHDAD
1874 01 09 08 00  33.31   44.36 1036.1          BAGHDAD
1874 01 10 08 00  33.31   44.36 1032.1          BAGHDAD
1874 01 11 08 00  33.31   44.36 1024.1          BAGHDAD
1874 01 12 08 00  33.31   44.36 1026.8          BAGHDAD
1874 01 13 08 00  33.31   44.36 1032.1          BAGHDAD
1874 01 14 08 00  33.31   44.36 1033.4          BAGHDAD
1874 01 15 08 00  33.31   44.36 1030.8          BAGHDAD
1874 01 16 08 00  33.31   44.36 1025.4          BAGHDAD
1874 01 17 08 00  33.31   44.36 1026.8          BAGHDAD
1874 01 18 08 00  33.31   44.36 1028.1          BAGHDAD
1874 01 19 08 00  33.31   44.36 1024.1          BAGHDAD
1874 01 20 08 00  33.31   44.36 1038.7          BAGHDAD
1874 01 21 08 00  33.31   44.36 1036.1          BAGHDAD
1874 01 22 08 00  33.31   44.36 1034.7          BAGHDAD
1874 01 23 08 00  33.31   44.36 1033.4          BAGHDAD
1874 01 24 08 00  33.31   44.36 1036.1          BAGHDAD
1874 01 25 08 00  33.31   44.36 1020.1          BAGHDAD
1874 01 26 08 00  33.31   44.36 1021.4          BAGHDAD
1874 01 27 08 00  33.31   44.36 1025.4          BAGHDAD
1874 01 28 08 00  33.31   44.36 1025.4          BAGHDAD
1874 01 29 08 00  33.31   44.36 1025.4          BAGHDAD
1874 01 30 08 00  33.31   44.36 1026.8          BAGHDAD
1874 01 31 08 00  33.31   44.36 1017.5          BAGHDAD
1874 01 01 08 00  58.20   -6.30 1000.0        STORNOWAY
1874 01 02 08 00  58.20   -6.30  982.1        STORNOWAY
1874 01 03 08 00  58.20   -6.30  987.5        STORNOWAY
1874 01 04 08 00  58.20   -6.30  986.5        STORNOWAY
1874 01 05 08 00  58.20   -6.30 1002.7        STORNOWAY
1874 01 06 08 00  58.20   -6.30 1004.1        STORNOWAY
1874 01 07 08 00  58.20   -6.30 1003.0        STORNOWAY
1874 01 08 08 00  58.20   -6.30  992.9        STORNOWAY
1874 01 09 08 00  58.20   -6.30  994.6        STORNOWAY
1874 01 10 08 00  58.20   -6.30 1010.5        STORNOWAY
1874 01 11 08 00  58.20   -6.30  996.6        STORNOWAY
1874 01 12 08 00  58.20   -6.30  996.6        STORNOWAY
1874 01 13 08 00  58.20   -6.30 1006.8        STORNOWAY
1874 01 14 08 00  58.20   -6.30  996.6        STORNOWAY
1874 01 15 08 00  58.20   -6.30  990.9        STORNOWAY
1874 01 16 08 00  58.20   -6.30  985.8        STORNOWAY
1874 01 17 08 00  58.20   -6.30  989.2        STORNOWAY
1874 01 18 08 00  58.20   -6.30  973.9        STORNOWAY
1874 01 19 08 00  58.20   -6.30  986.1        STORNOWAY
1874 01 20 08 00  58.20   -6.30  982.1        STORNOWAY
1874 01 21 08 00  58.20   -6.30  997.6        STORNOWAY
1874 01 22 08 00  58.20   -6.30 1008.5        STORNOWAY
1874 01 23 08 00  58.20   -6.30 1008.8        STORNOWAY
1874 01 24 08 00  58.20   -6.30 1011.9        STORNOWAY
1874 01 25 08 00  58.20   -6.30 1018.3        STORNOWAY
1874 01 26 08 00  58.20   -6.30 1011.9        STORNOWAY
1874 01 27 08 00  58.20   -6.30 1027.1        STORNOWAY
1874 01 28 08 00  58.20   -6.30 1029.1        STORNOWAY
1874 01 29 08 00  58.20   -6.30 1014.6        STORNOWAY
1874 01 30 08 00  58.20   -6.30 1020.7        STORNOWAY
1874 01 31 08 00  58.20   -6.30 1026.1        STORNOWAY
1874 01 01 08 00  37.93   40.21 1021.4       DIYARBAKIR
1874 01 02 08 00  37.93   40.21 1017.5       DIYARBAKIR
1874 01 03 08 00  37.93   40.21 1016.1       DIYARBAKIR
1874 01 04 08 00  37.93   40.21 1018.8       DIYARBAKIR
1874 01 05 08 00  37.93   40.21 1021.4       DIYARBAKIR
1874 01 06 08 00  37.93   40.21 1028.1       DIYARBAKIR
1874 01 07 08 00  37.93   40.21 1028.1       DIYARBAKIR
1874 01 08 08 00  37.93   40.21 1026.8       DIYARBAKIR
1874 01 09 08 00  37.93   40.21 1028.1       DIYARBAKIR
1874 01 10 08 00  37.93   40.21 1025.4       DIYARBAKIR
1874 01 11 08 00  37.93   40.21 1029.4       DIYARBAKIR
1874 01 12 08 00  37.93   40.21 1030.8       DIYARBAKIR
1874 01 13 08 00  37.93   40.21 1021.4       DIYARBAKIR
1874 01 14 08 00  37.93   40.21 1018.8       DIYARBAKIR
1874 01 15 08 00  37.93   40.21 1022.8       DIYARBAKIR
1874 01 16 08 00  37.93   40.21 1022.8       DIYARBAKIR
1874 01 17 08 00  37.93   40.21 1017.5       DIYARBAKIR
1874 01 18 08 00  37.93   40.21 1025.4       DIYARBAKIR
1874 01 20 08 00  37.93   40.21 1026.8       DIYARBAKIR
1874 01 21 08 00  37.93   40.21 1025.4       DIYARBAKIR
1874 01 22 08 00  37.93   40.21 1025.4       DIYARBAKIR
1874 01 23 08 00  37.93   40.21 1022.8       DIYARBAKIR
1874 01 24 08 00  37.93   40.21 1014.8       DIYARBAKIR
1874 01 25 08 00  37.93   40.21 1016.1       DIYARBAKIR
1874 01 26 08 00  37.93   40.21 1018.8       DIYARBAKIR
1874 01 27 08 00  37.93   40.21 1017.5       DIYARBAKIR
1874 01 28 08 00  37.93   40.21 1012.1       DIYARBAKIR
1874 01 29 08 00  37.93   40.21 1010.8       DIYARBAKIR
1874 01 01 08 00  32.67  -16.92 1028.1          FUNCHAL
1874 01 02 08 00  32.67  -16.92 1025.4          FUNCHAL
1874 01 03 08 00  32.67  -16.92 1025.4          FUNCHAL
1874 01 04 08 00  32.67  -16.92 1028.1          FUNCHAL
1874 01 05 08 00  32.67  -16.92 1025.4          FUNCHAL
1874 01 06 08 00  32.67  -16.92 1025.4          FUNCHAL
1874 01 09 08 00  32.67  -16.92 1000.2          FUNCHAL
1874 01 10 08 00  32.67  -16.92  994.8          FUNCHAL
1874 01 11 08 00  32.67  -16.92 1002.8          FUNCHAL
1874 01 12 08 00  32.67  -16.92 1005.5          FUNCHAL
1874 01 13 08 00  32.67  -16.92 1010.8          FUNCHAL
1874 01 14 08 00  32.67  -16.92 1013.5          FUNCHAL
1874 01 15 08 00  32.67  -16.92 1016.1          FUNCHAL
1874 01 16 08 00  32.67  -16.92 1022.8          FUNCHAL
1874 01 17 08 00  32.67  -16.92 1029.4          FUNCHAL
1874 01 18 08 00  32.67  -16.92 1030.8          FUNCHAL
1874 01 19 08 00  32.67  -16.92 1026.8          FUNCHAL
1874 01 20 08 00  32.67  -16.92 1022.8          FUNCHAL
1874 01 21 08 00  32.67  -16.92 1021.4          FUNCHAL
1874 01 22 08 00  32.67  -16.92 1018.8          FUNCHAL
1874 01 23 08 00  32.67  -16.92 1021.4          FUNCHAL
1874 01 24 08 00  32.67  -16.92 1026.8          FUNCHAL
1874 01 25 08 00  32.67  -16.92 1025.4          FUNCHAL
1874 01 26 08 00  32.67  -16.92 1017.5          FUNCHAL
1874 01 27 08 00  32.67  -16.92 1014.8          FUNCHAL
1874 01 28 08 00  32.67  -16.92 1016.1          FUNCHAL
1874 01 29 08 00  32.67  -16.92 1016.1          FUNCHAL
1874 01 30 08 00  32.67  -16.92 1016.1          FUNCHAL
1874 01 31 08 00  32.67  -16.92 1016.1          FUNCHAL
1874 01 01 08 00  55.20   -6.99 1011.9      GREENCASTLE
1874 01 01 14 00  55.20   -6.99  993.2      GREENCASTLE
1874 01 02 08 00  55.20   -6.99  998.6      GREENCASTLE
1874 01 02 14 00  55.20   -6.99 1005.8      GREENCASTLE
1874 01 03 08 00  55.20   -6.99  993.6      GREENCASTLE
1874 01 03 14 00  55.20   -6.99  998.6      GREENCASTLE
1874 01 04 08 00  55.20   -6.99  997.0      GREENCASTLE
1874 01 04 14 00  55.20   -6.99  990.9      GREENCASTLE
1874 01 05 08 00  55.20   -6.99 1013.2      GREENCASTLE
1874 01 06 08 00  55.20   -6.99 1017.3      GREENCASTLE
1874 01 06 14 00  55.20   -6.99 1014.9      GREENCASTLE
1874 01 07 08 00  55.20   -6.99 1010.2      GREENCASTLE
1874 01 07 14 00  55.20   -6.99 1018.3      GREENCASTLE
1874 01 08 08 00  55.20   -6.99  996.6      GREENCASTLE
1874 01 08 14 00  55.20   -6.99 1004.1      GREENCASTLE
1874 01 09 08 00  55.20   -6.99 1001.0      GREENCASTLE
1874 01 09 14 00  55.20   -6.99  993.9      GREENCASTLE
1874 01 10 08 00  55.20   -6.99 1016.6      GREENCASTLE
1874 01 10 14 00  55.20   -6.99 1004.7      GREENCASTLE
1874 01 11 08 00  55.20   -6.99 1010.8      GREENCASTLE
1874 01 11 14 00  55.20   -6.99 1018.3      GREENCASTLE
1874 01 12 08 00  55.20   -6.99 1008.1      GREENCASTLE
1874 01 13 08 00  55.20   -6.99 1013.2      GREENCASTLE
1874 01 13 14 00  55.20   -6.99 1011.2      GREENCASTLE
1874 01 14 08 00  55.20   -6.99 1007.1      GREENCASTLE
1874 01 14 14 00  55.20   -6.99 1008.5      GREENCASTLE
1874 01 15 08 00  55.20   -6.99  998.0      GREENCASTLE
1874 01 15 14 00  55.20   -6.99 1007.8      GREENCASTLE
1874 01 16 08 00  55.20   -6.99  990.9      GREENCASTLE
1874 01 16 14 00  55.20   -6.99  995.9      GREENCASTLE
1874 01 17 08 00  55.20   -6.99  995.9      GREENCASTLE
1874 01 17 14 00  55.20   -6.99  988.5      GREENCASTLE
1874 01 18 08 00  55.20   -6.99  987.1      GREENCASTLE
1874 01 18 14 00  55.20   -6.99 1002.0      GREENCASTLE
1874 01 19 08 00  55.20   -6.99  996.6      GREENCASTLE
1874 01 20 08 00  55.20   -6.99  986.5      GREENCASTLE
1874 01 20 14 00  55.20   -6.99 1001.0      GREENCASTLE
1874 01 21 08 00  55.20   -6.99 1009.8      GREENCASTLE
1874 01 21 14 00  55.20   -6.99  988.5      GREENCASTLE
1874 01 22 08 00  55.20   -6.99 1021.3      GREENCASTLE
1874 01 22 14 00  55.20   -6.99 1011.5      GREENCASTLE
1874 01 23 08 00  55.20   -6.99 1016.6      GREENCASTLE
1874 01 23 14 00  55.20   -6.99 1020.3      GREENCASTLE
1874 01 24 08 00  55.20   -6.99 1020.7      GREENCASTLE
1874 01 24 14 00  55.20   -6.99 1017.6      GREENCASTLE
1874 01 25 08 00  55.20   -6.99 1028.1      GREENCASTLE
1874 01 25 14 00  55.20   -6.99 1024.7      GREENCASTLE
1874 01 26 08 00  55.20   -6.99 1024.7      GREENCASTLE
1874 01 27 08 00  55.20   -6.99 1033.2      GREENCASTLE
1874 01 27 14 00  55.20   -6.99 1025.1      GREENCASTLE
1874 01 28 08 00  55.20   -6.99 1035.6      GREENCASTLE
1874 01 28 14 00  55.20   -6.99 1034.5      GREENCASTLE
1874 01 29 08 00  55.20   -6.99 1024.7      GREENCASTLE
1874 01 29 14 00  55.20   -6.99 1033.9      GREENCASTLE
1874 01 30 08 00  55.20   -6.99 1029.8      GREENCASTLE
1874 01 30 14 00  55.20   -6.99 1021.0      GREENCASTLE
1874 01 31 08 00  55.20   -6.99 1034.2      GREENCASTLE
1874 01 31 14 00  55.20   -6.99 1033.2      GREENCASTLE
