01 29865 29865 29850 29845 29846 29840 29828 29816 29814 29804 29795 29805 29792 29783 29779 29753 29754 29743 29747 29755 29743 29746 29743 29735
02 29739 29735 29719 29713 29711 29723 29743 29769 29793 29822 29843 29856 29875 29886 29895 29900 29894 29901 29904 29905 29898 29886 29881 29866
03 29847 29818 29796 29746 29714 29676 29657 29614 29611 29606 29603 29621 29633 29659 29657 29673 29679 29697 29698 29686 29664 29657 29658 29653
04 29663 29671 29666 29683 29699 29719 29740 29755 29781 29794 29786 29787 29794 29795 29800 29787 29791 29795 29793 29783 29777 29777 29784 29780
05 29801 29825 29828 29839 29867 29889 29915 29936 29959 29990 30013 30031 30050 30083 30100 30127 30156 30184 30206 30237 30261 30283 30301 30318
06 30333 30341 30356 30369 30384 30405 30425 30450 30463 30483 30481 30487 30481 30478 30473 30469 30470 30472 30471 30472 30465 30456 30457 30445
07 30433 30427 30414 30409 30403 30396 30400 30402 30404 30403 30393 30381 30359 30339 30329 30303 30280 30250 30233 30225 30203 30173 30132 30101
08 30058 30018 29978 29937 29893 29855 29811 29789 29771 29745 29765 29779 29775 29771 29776 29767 29763 29771 29771 29773 29778 29773 29759 29756
09 29747 29735 29732 29745 29754 29773 29788 29814 29845 29869 29887 29909 29909 29918 29925 29932 29944 29959 29963 29965 29969 29959 29951 29935
10 29922 29899 29863 29838 29821 29794 29775 29757 29747 29699 29680 29631 29613 29598 29583 29573 29560 29553 29539 29535 29519 29509 29499 29490
11 29481 29470 29446 29423 29423 29425 29388 29381 29371 29365 29381 29376 29380 29373 29370 29372 29381 29388 29406 29398 29406 29408 29408 29409
12 29408 29410 29408 29410 29406 29411 29428 29438 29449 29456 29460 29459 29441 29435 29415 29385 29365 29335 29304 29261 29228 29195 29171 29151
13 29158 29163 29175 29199 29227 29243 29272 29284 29291 29312 29321 29334 29337 29343 29354 29353 29363 29381 29395 29407 29414 29407 29394 29387
14 29390 29401 29441 29487 29509 29536 29557 29575 29593 29608 29611 29614 29621 29625 29629 29629 29637 29651 29664 29670 29677 29665 29671 29679
15 29677 29672 29665 29673 29669 29673 29677 29683 29688 29683 29706 29706 29697 29692 29694 29690 29692 29707 29710 29715 29711 29707 29700 29696
16 29690 29675 29650 29635 29616 29606 29582 29581 29581 29559 29545 29537 29526 29517 29510 29511 29512 29520 29528 29535 29535 29537 29541 29539
17 29538 29534 29522 29516 29516 29516 29507 29516 29522 29514 29521 29533 29526 29526 29527 29540 29542 29552 29558 29568 29566 29566 29568 29558
18 29547 29518 29507 29498 29474 29466 29452 29439 29419 29404 29383 29355 29341 29318 29294 29274 29289 29317 29341 29346 29366 29375 29380 29379
19 29381 29376 29369 29365 29362 29361 29356 29378 29377 29382 29386 29380 29383 29380 29370 29358 29366 29367 29371 29370 29375 29384 29386 29382
20 29371 29362 29342 29326 29304 29299 29292 29287 29285 29274 29247 29235 29231 29217 29196 29191 29175 29185 29171 29155 29138 29117 29096 29071
21 29052 29040 29031 29039 29050 29067 29090 29111 29128 29137 29159 29167 29171 29187 29201 29215 29226 29235 29237 29224 29202 29176 29158 29122
22 29084 29056 29071 29097 29105 29123 29135 29154 29165 29187 29199 29208 29213 29204 29206 29209 29221 29242 29261 29275 29283 29299 29326 29341
23 29355 29369 29381 29396 29421 29445 29465 29511 29527 29570 29599 29609 29617 29657 29657 29675 29712 29746 29767 29782 29796 29817 29825 29841
24 29849 29849 29856 29857 29866 29873 29879 29893 29901 29916 29912 29915 29905 29912 29908 29898 29903 29904 29912 29903 29896 29899 29898 29876
25 29864 29845 29837 29819 29792 29784 29775 29779 29776 29755 29744 29731 29699 29682 29668 29666 29658 29663 29655 29638 29641 29630 29618 29621
26 29618 29621 29611 29598 29590 29597 29581 29596 29587 29595 29596 29586 29582 29560 29544 29536 29535 29538 29535 29515 29516 29510 29507 29495
27 29502 29490 29486 29486 29487 29497 29511 29535 29556 29572 29598 29620 29620 29647 29664 29684 29707 29736 29744 29760 29772 29779 29794 29794
28 29801 29806 29812 29818 29828 29837 29845 29855 29872 29875 29887 29888 29884 29882 29888 29895 29898 29916 29919 29922 29921 29914 29913 29906
29 29908 29893 29879 29878 29869 29855 29846 29835 29824 29797 29782 29762 29751 29733 29688 29675 29663 29655 29645 29618 29605 29568 29556 29547
30 29556 29563 29565 29563 29559 29553 29541 29550 29558 29562 29561 29565 29565 29561 29558 29569 29569 29579 29589 29591 29598 29605 29604 29599
31 29599 29599 29595 29593 29596 29595 29596 29606 29613 29622 29629 29630 29635 29632 29638 29642 29643 29658 29637 29630 29634 29637 29598 29597
