01 29727 29721 29718 29718 29713 29716 29709 29718 29703 29701 29695 29680 29666 29652 29646 29636 29632 29640 29634 29627 29616 29604 29600 29595
02 29582 29573 29568 29547 29540 29528 29524 29528 29520 29519 29519 29499 29495 29459 29458 29443 29429 29425 29418 29410 29414 29414 29416 29413
03 29409 29406 29400 29396 29379 29384 29391 29399 29395 29384 29385 29385 29386 29387 29374 29373 29377 29385 29380 29369 29366 29362 29360 29355
04 29358 29357 29354 29354 29362 29366 29378 29408 29414 29433 29464 29470 29481 29494 29503 29528 29549 29563 29581 29580 29585 29601 29584 29593
05 29578 29562 29540 29510 29471 29414 29367 29329 29263 29219 29215 29201 29202 29199 29201 29201 29197 29191 29192 29165 29149 29126 29095 29074
06 29037 28997 28961 28936 28912 28896 28880 28875 28860 28843 28852 28834 28836 28818 28828 28841 28867 28894 28930 28948 28974 28992 29010 29030
07 29026 29034 29042 29040 29044 29036 29036 29057 29062 29070 29084 29085 29078 29081 29069 29066 29062 29066 29056 29038 29038 29038 29031 29044
08 29047 29058 29067 29080 29099 29108 29116 29131 29146 29160 29167 29175 29174 29179 29186 29194 29197 29215 29206 29208 29209 29215 29199 29188
09 29185 29184 29174 29153 29155 29153 29124 29125 29117 29122 29107 29106 29089 29073 29054 29048 29046 29054 29041 29028 29025 28991 28986 28959
10 28922 28903 28874 28873 28852 28840 28844 28847 28873 28893 28913 28927 28946 28948 28957 28962 28961 28954 28948 28943 28919 28916 28904 28898
11 28883 28865 28864 28866 28878 28891 28905 28929 28947 28970 28989 28999 29011 29039 29041 29049 29070 29099 29125 29165 29201 29237 29250 29280
12 29303 29348 29364 29397 29427 29465 29501 29550 29574 29603 29629 29639 29658 29682 29694 29702 29724 29741 29739 29752 29765 29766 29768 29750
13 29740 29733 29722 29698 29688 29667 29662 29638 29624 29604 29568 29545 29503 29439 29391 29343 29311 29284 29246 29180 29135 29089 29027 29000
14 28970 28949 28929 28924 28929 28931 28958 29019 29061 29124 29198 29264 29307 29357 29402 29460 29510 29544 29582 29605 29627 29657 29670 29680
15 29701 29722 29742 29760 29790 29802 29825 29850 29862 29878 29886 29893 29894 29893 29893 29901 29895 29898 29893 29878 29867 29855 29848 29825
16 29801 29776 29749 29720 29693 29668 29643 29620 29596 29568 29543 29497 29476 29428 29436 29414 29419 29442 29440 29442 29446 29450 29448 29464
17 29476 29497 29495 29507 29518 29519 29545 29554 29555 29560 29552 29546 29519 29499 29477 29447 29412 29392 29381 29399 29427 29459 29491 29517
18 29536 29555 29566 29584 29593 29608 29604 29604 29606 29613 29639 29634 29620 29634 29626 29610 29566 29531 29506 29478 29427 29396 29358 29322
19 29306 29266 29226 29151 29123 29131 29178 29239 29274 29340 29448 29518 29583 29637 29693 29747 29797 29829 29859 29892 29927 29937 29955 29952
20 29957 29973 29992 29990 30007 30002 30014 30038 30047 30055 30062 30059 30050 30040 30036 30042 30036 30035 30038 30034 30028 30015 30009 29978
21 29972 29962 29959 29964 29963 29969 29995 30015 30041 30065 30061 30074 30078 30087 30098 30107 30115 30138 30148 30160 30160 30157 30157 30160
22 30164 30170 30172 30167 30168 30174 30184 30193 30202 30210 30211 30202 30203 30198 30205 30202 30203 30216 30214 30214 30211 30214 30219 30230
23 30222 30214 30214 30208 30203 30207 30212 30218 30220 30219 30219 30219 30206 30198 30191 30197 30201 30197 30193 30189 30187 30191 30185 30184
24 30181 30182 30179 30179 30170 30169 30171 30181 30184 30186 30187 30176 30168 30159 30155 30147 30143 30141 30131 30119 30115 30105 30099 30091
25 30083 30085 30071 30059 30056 30049 30039 30037 30045 30039 30038 30023 30027 30015 30011 30013 30010 30014 30012 30010 30005 30000 29994 29986
26 29985 29980 29973 29962 29943 29942 29942 29938 29938 29938 29932 29916 29910 29906 29902 29898 29898 29922 29923 29938 29959 29974 29978 29991
27 30003 30015 30018 30031 30027 30033 30044 30056 30072 30074 30089 30094 30096 30105 30108 30119 30121 30136 30128 30148 30152 30156 30159 30158
28 30157 30166 30168 30164 30176 30177 30177 30180 30180 30188 30198 30199 30191 30178 30168 30165 30146 30141 30133 30119 30105 30103 30092 30079
29 30070 30069 30060 30053 30046 30039 30039 30045 30043 30047 30040 30037 30027 30015 30011 30013 30007 30009 30016 30027 30031 30029 30031 30032
30 30027 30028 30015 30010 30015 29995 30007 30005 30006 30004 30007 29996 29981 29969 29980 29974 29970 29971 29970 29969 29966 29970 29970 29962
