01 29503 29487 29475 29467 29461 29460 29450 29445 29435 29425 29429 29427 29421 29415 29417 29411 29407 29405 29417 29429 29452 29469 29471 29479
02 29487 29487 29489 29499 29499 29512 29519 29529 29539 29549 29561 29579 29589 29595 29607 29629 29645 29669 29682 29703 29717 29735 29747 29759
03 29767 29773 29779 29791 29799 29809 29823 29835 29837 29843 29854 29861 29872 29878 29894 29893 29891 29906 29908 29930 29958 29973 29974 29996
04 30001 30013 30018 30031 30044 30058 30068 30081 30090 30098 30108 30101 30110 30112 30114 30118 30124 30128 30136 30148 30164 30173 30174 30174
05 30174 30172 30163 30164 30171 30174 30176 30176 30170 30162 30166 30168 30158 30148 30140 30120 30120 30106 30106 30104 30114 30114 30110 30106
06 30101 30094 30091 30094 30088 30086 30094 30101 30100 30101 30111 30108 30104 30100 30091 30080 30068 30062 30066 30070 30078 30080 30080 30076
07 30068 30056 30046 30040 30040 30034 30031 30036 30031 30024 30014 30016 30007 30000 29992 29984 29968 29955 29962 29958 29959 29957 29942 29932
08 29912 29900 29882 29872 29863 29862 29850 29854 29846 29834 29818 29806 29798 29785 29788 29788 29775 29775 29782 29777 29774 29756 29742 29740
09 29722 29705 29677 29642 29623 29604 29585 29554 29516 29482 29440 29380 29343 29317 29309 29292 29287 29282 29283 29301 29327 29365 29413 29445
10 29470 29483 29499 29519 29545 29587 29607 29621 29627 29640 29651 29647 29647 29641 29624 29601 29573 29544 29511 29479 29445 29441 29435 29435
11 29425 29405 29382 29387 29397 29411 29439 29459 29477 29502 29530 29561 29576 29600 29618 29636 29648 29676 29694 29714 29740 29756 29774 29796
12 29808 29824 29834 29850 29870 29894 29918 29946 29963 29986 30001 30012 30022 30039 30041 30037 30037 30045 30047 30055 30061 30063 30063 30065
13 30057 30049 30039 30039 30035 30035 30041 30037 30029 30015 30009 30009 29997 29985 29977 29961 29935 29923 29913 29901 29890 29873 29853 29827
14 29789 29754 29715 29685 29657 29632 29611 29587 29555 29527 29483 29424 29384 29340 29320 29310 29298 29290 29280 29262 29254 29220 29213 29205
15 29197 29180 29162 29132 29118 29102 29112 29130 29150 29180 29239 29273 29310 29338 29366 29396 29414 29436 29454 29466 29478 29486 29494 29513
16 29518 29528 29536 29548 29564 29568 29578 29596 29614 29623 29634 29647 29663 29669 29671 29667 29671 29675 29684 29691 29717 29725 29725 29721
17 29717 29705 29699 29687 29687 29689 29696 29687 29684 29681 29687 29686 29687 29677 29657 29647 29641 29641 29655 29653 29647 29640 29642 29627
18 29605 29597 29577 29569 29553 29547 29537 29535 29532 29527 29515 29515 29515 29507 29507 29511 29511 29511 29509 29515 29527 29531 29535 29537
19 29532 29535 29535 29537 29547 29557 29565 29579 29585 29597 29612 29612 29617 29621 29623 29627 29641 29642 29651 29669 29677 29687 29695 29697
20 29699 29703 29702 29713 29727 29737 29749 29767 29773 29777 29785 29789 29802 29810 29813 29807 29809 29809 29817 29837 29839 29841 29839 29843
21 29837 29829 29829 29829 29827 29815 29807 29809 29807 29803 29799 29797 29789 29783 29771 29756 29761 29752 29756 29757 29750 29740 29738 29735
22 29730 29728 29704 29690 29688 29682 29681 29680 29668 29672 29668 29662 29658 29638 29620 29618 29617 29608 29606 29604 29604 29598 29582 29572
23 29566 29542 29542 29540 29538 29548 29544 29542 29530 29528 29531 29525 29515 29515 29516 29511 29510 29507 29501 29495 29491 29481 29480 29475
24 29475 29473 29471 29465 29475 29493 29511 29531 29545 29561 29580 29580 29598 29615 29617 29633 29634 29638 29646 29660 29677 29688 29688 29688
25 29692 29704 29705 29715 29716 29738 29750 29772 29792 29808 29821 29831 29851 29865 29883 29896 29911 29923 29941 29957 29989 30009 30019 30023
26 30031 30031 30033 30051 30061 30073 30089 30097 30105 30111 30120 30122 30130 30132 30130 30126 30126 30122 30126 30124 30138 30142 30140 30138
27 30132 30118 30114 30106 30104 30104 30105 30105 30105 30104 30097 30089 30085 30075 30065 30063 30052 30053 30050 30059 30063 30055 30053 30055
28 30055 30053 30047 30040 30043 30045 30055 30055 30063 30080 30077 30097 30081 30077 30089 30087 30087 30089 30085 30089 30099 30101 30099 30104
29 30097 30089 30082 30081 30082 30081 30087 30097 30104 30107 30102 30098 30093 30088 30078 30058 30060 30054 30040 30036 30035 30033 30030 30018
30 30006 29986 29978 29970 29970 29976 29978 29988 29998 30008 30021 30021 30027 30021 30019 30001 30009 30009 30011 30031 30032 30033 30031 30034
31 30019 30014 30004 29999 29999 29999 30003 30005 30003 29991 29993 29985 29975 29969 29961 29947 29937 29933 29933 29937 29943 29945 29951 29945
