01 30181 30187 30193 30203 30213 30232 30248 30257 30261 30262 30254 30246 30246 30232 30226 30218 30208 30212 30220 30222 30216 30215 30217 30212
02 30210 30208 30198 30188 30186 30192 30195 30190 30193 30193 30189 30184 30176 30157 30146 30134 30137 30136 30135 30135 30135 30121 30109 30100
03 30083 30064 30043 30021 30003 29996 29987 29983 29985 29981 29969 29961 29952 29955 29949 29964 29971 29985 30009 30035 30047 30053 30049 30051
04 30053 30058 30061 30063 30065 30072 30083 30095 30093 30097 30090 30089 30095 30089 30093 30095 30106 30113 30127 30147 30151 30149 30160 30166
05 30167 30165 30171 30171 30179 30191 30203 30214 30228 30233 30229 30233 30237 30236 30236 30239 30239 30242 30246 30257 30265 30273 30277 30282
06 30285 30280 30274 30273 30279 30291 30297 30303 30303 30295 30283 30272 30259 30247 30235 30219 30215 30220 30227 30229 30222 30211 30199 30195
07 30187 30173 30155 30145 30140 30139 30133 30125 30110 30097 30087 30067 30047 30031 30011 30000 29995 29990 29992 29987 29977 29965 29957 29955
08 29943 29941 29923 29925 29924 29909 29913 29905 29895 29867 29845 29876 29851 29833 29797 29763 29751 29729 29723 29723 29715 29720 29735 29745
09 29754 29763 29786 29803 29821 29839 29863 29886 29896 29899 29905 29901 29898 29900 29901 29895 29893 29895 29903 29912 29913 29918 29911 29912
10 29905 29893 29895 29887 29892 29908 29911 29911 29919 29918 29922 29918 29920 29921 29920 29919 29936 29947 29966 29992 30007 30031 30034 30057
11 30058 30079 30074 30097 30098 30119 30128 30151 30166 30166 30174 30179 30176 30186 30188 30196 30200 30211 30233 30250 30252 30272 30274 30276
12 30264 30274 30262 30267 30268 30277 30282 30288 30293 30282 30280 30269 30258 30248 30228 30225 30234 30232 30232 30244 30253 30264 30244 30242
13 30244 30244 30234 30226 30220 30224 30227 30231 30226 30215 30213 30199 30181 30161 30153 30146 30153 30161 30181 30189 30189 30196 30199 30195
14 30187 30183 30167 30159 30157 30169 30171 30181 30187 30179 30169 30159 30153 30149 30144 30141 30143 30149 30161 30161 30161 30161 30159 30155
15 30152 30145 30139 30133 30129 30139 30141 30147 30142 30137 30143 30131 30132 30118 30105 30097 30096 30098 30107 30112 30113 30110 30101 30091
16 30076 30067 30063 30059 30059 30065 30067 30068 30067 30061 30053 30048 30041 30031 30031 30021 30023 30039 30045 30045 30047 30049 30051 30044
17 30045 30047 30041 30039 30035 30043 30051 30061 30060 30055 30063 30057 30044 30030 30027 30027 30031 30035 30044 30053 30053 30059 30073 30059
18 30045 30055 30059 30045 30035 30039 30041 30045 30037 30030 30022 30008 29992 29968 29964 29962 29968 29983 29988 29998 30004 30006 29998 29992
19 29984 29984 29965 29962 29966 29960 29962 29960 29968 29962 29967 29957 29947 29945 29943 29953 29953 29953 29966 29969 29983 29989 29979 29975
20 29967 29965 29964 29965 29967 29969 29971 29973 29973 29967 29962 29952 29943 29934 29922 29916 29918 29924 29927 29932 29937 29937 29937 29934
21 29928 29920 29916 29908 29910 29909 29911 29916 29922 29920 29916 29910 29894 29873 29855 29844 29822 29826 29832 29819 29802 29776 29750 29724
22 29702 29664 29628 29604 29606 29620 29644 29658 29678 29688 29700 29718 29731 29740 29765 29786 29808 29846 29875 29910 29930 29962 29997 30010
23 30020 30026 30031 30040 30056 30070 30081 30094 30100 30105 30116 30108 30096 30087 30090 30082 30085 30092 30113 30112 30116 30112 30114 30118
24 30122 30112 30098 30088 30096 30100 30098 30108 30110 30103 30099 30096 30082 30037 30007 29997 29999 29988 29987 29995 29951 29949 29931 29923
25 29899 29877 29863 29849 29845 29845 29844 29851 29854 29861 29868 29870 29875 29882 29901 29916 29932 29958 29980 29998 30008 30016 30014 30013
26 30004 29992 29982 29962 29949 29936 29922 29916 29901 29876 29846 29820 29794 29766 29739 29719 29688 29660 29619 29585 29541 29504 29480 29478
27 29510 29544 29570 29590 29620 29648 29668 29690 29690 29691 29706 29728 29724 29740 29756 29775 29788 29810 29832 29844 29842 29840 29830 29811
28 29781 29770 29746 29724 29714 29712 29714 29718 29714 29708 29699 29681 29659 29654 29649 29649 29657 29667 29675 29679 29689 29694 29699 29707
29 29719 29727 29729 29743 29763 29781 29793 29815 29827 29824 29811 29805 29793 29785 29769 29771 29785 29811 29825 29839 29845 29851 29857 29863
30 29868 29875 29886 29905 29919 29935 29953 29980 29993 30012 30024 30031 30032 30029 30027 30028 30028 30032 30038 30048 30044 30038 30032 30032
