01 29741 29744 29738 29738 29746 29758 29762 29773 29783 29780 29796 29802 29796 29800 29797 29797 29808 29818 29822 29827 29834 29844 29852 29862
02 29866 29869 29864 29865 29872 29877 29877 29882 29882 29874 29870 29864 29860 29840 29830 29818 29818 29826 29822 29826 29822 29814 29814 29802
03 29790 29783 29772 29764 29766 29760 29768 29780 29788 29790 29802 29794 29794 29780 29776 29772 29774 29787 29804 29812 29814 29814 29804 29812
04 29804 29804 29794 29798 29797 29778 29778 29784 29786 29784 29790 29786 29766 29748 29740 29735 29736 29740 29750 29748 29742 29745 29740 29736
05 29734 29720 29705 29695 29686 29674 29662 29662 29657 29640 29612 29612 29597 29580 29552 29530 29510 29486 29484 29465 29432 29404 29385 29362
06 29335 29305 29260 29236 29230 29212 29214 29215 29217 29210 29212 29199 29187 29175 29159 29149 29139 29141 29137 29109 29097 29077 29073 29069
07 29084 29100 29103 29111 29129 29135 29149 29171 29219 29242 29276 29304 29324 29350 29364 29389 29396 29408 29404 29408 29422 29432 29452 29454
08 29482 29514 29532 29564 29582 29602 29632 29654 29670 29674 29675 29670 29653 29625 29597 29567 29540 29502 29452 29394 29333 29282 29228 29155
09 29163 29236 29248 29250 29356 29465 29548 29630 29715 29764 29809 29870 29895 29936 29977 30022 30050 30082 30098 30114 30124 30139 30152 30169
10 30169 30182 30176 30170 30174 30178 30172 30172 30164 30156 30136 30124 30119 30099 30089 30072 30054 30054 30056 30049 30046 30046 30041 30040
11 30036 30026 30022 30014 30010 30002 29994 29990 29992 29990 29991 29991 29977 29963 29951 29947 29945 29947 29955 29959 29965 29965 29969 29962
12 29957 29945 29945 29947 29939 29935 29921 29913 29909 29899 29882 29870 29860 29858 29841 29836 29828 29832 29836 29832 29834 29841 29846 29844
13 29848 29846 29842 29838 29839 29848 29858 29870 29876 29884 29885 29887 29882 29879 29877 29879 29885 29889 29897 29907 29907 29909 29919 29919
14 29919 29917 29917 29917 29921 29929 29937 29939 29944 29959 29959 29959 29950 29947 29942 29947 29943 29952 29962 29967 29971 29973 29975 29972
15 29959 29967 29972 29977 29987 29992 29999 30001 30009 30024 30019 30018 30016 30018 30008 30003 30006 30008 30013 30023 30026 30029 30030 30026
16 30019 30014 30006 30002 30000 29996 29996 30000 30008 30010 30017 30019 30017 30009 30007 30007 30019 30034 30061 30073 30094 30109 30123 30131
17 30141 30151 30161 30179 30209 30235 30261 30281 30307 30329 30348 30360 30368 30370 30384 30388 30396 30412 30432 30442 30452 30462 30461 30454
18 30454 30451 30438 30424 30428 30412 30413 30406 30404 30392 30369 30349 30321 30285 30273 30246 30221 30201 30201 30178 30154 30137 30115 30104
19 30087 30084 30065 30063 30053 30057 30061 30054 30053 30058 30053 30038 30023 30005 30001 29991 29989 29993 30005 29997 30010 30008 30016 30013
20 30010 30008 29998 30001 30015 30019 30025 30039 30045 30043 30047 30041 30022 30009 29999 29999 30002 30009 30017 30025 30018 30025 30019 30025
21 30019 30007 29997 29987 29982 29982 29981 29989 29984 29985 29986 29981 29977 29971 29976 29977 29987 29996 30004 30007 30016 30017 30016 30014
22 30008 30009 30002 29998 29999 29996 29998 30009 30014 30014 30020 30029 30020 30019 30021 30024 30031 30046 30050 30064 30068 30081 30086 30086
23 30094 30097 30096 30100 30106 30116 30122 30127 30134 30144 30141 30145 30136 30137 30127 30129 30128 30129 30129 30128 30131 30124 30119 30105
24 30093 30091 30084 30079 30074 30073 30076 30071 30077 30057 30077 30066 30040 30027 30024 30028 30036 30052 30061 30054 30054 30054 30054 30042
25 30024 30010 29992 29976 29949 29946 29916 29902 29884 29866 29856 29818 29832 29818 29819 29810 29801 29801 29796 29794 29806 29814 29814 29808
26 29811 29812 29806 29806 29806 29802 29798 29801 29806 29792 29787 29807 29799 29791 29799 29809 29811 29817 29817 29807 29814 29803 29802 29787
27 29787 29792 29781 29784 29782 29794 29809 29811 29817 29829 29836 29856 29860 29872 29894 29910 29920 29931 29944 29976 30003 30020 30043 30050
28 30070 30055 30093 30103 30120 30134 30154 30166 30160 30178 30182 30200 30198 30198 30206 30218 30234 30250 30260 30268 30280 30274 30280 30290
29 30294 30290 30298 30290 30300 30304 30310 30310 30312 30310 30293 30293 30289 30285 30283 30279 30282 30284 30293 30299 30303 30305 30309 30307
30 30314 30314 30311 30307 30317 30331 30341 30348 30361 30373 30389 30378 30376 30374 30381 30380 30387 30389 30400 30404 30416 30418 30426 30431
31 30434 30430 30430 30426 30424 30434 30438 30446 30449 30446 30438 30438 30432 30426 30422 30416 30416 30418 30421 30422 30428 30428 30434 30428
