01 29721 29703 29697 29685 29682 29673 29671 29671 29678 29682 29703 29703 29715 29723 29723 29729 29738 29745 29753 29766 29775 29778 29779 29781
02 29777 29769 29767 29759 29755 29761 29761 29756 29756 29756 29763 29747 29741 29735 29721 29717 29708 29697 29701 29698 29698 29690 29683 29673
03 29673 29673 29653 29638 29640 29651 29651 29658 29661 29663 29661 29653 29655 29647 29647 29647 29647 29653 29663 29619 29690 29698 29711 29717
04 29719 29723 29727 29729 29747 29769 29779 29797 29803 29813 29821 29823 29819 29821 29816 29816 29811 29813 29816 29821 29827 29823 29815 29816
05 29813 29801 29791 29781 29781 29781 29783 29783 29777 29775 29766 29748 29742 29716 29694 29686 29669 29654 29646 29628 29618 29602 29580 29566
06 29539 29530 29522 29509 29506 29506 29514 29516 29524 29522 29532 29527 29515 29495 29469 29452 29419 29385 29382 29352 29355 29355 29349 29351
07 29347 29335 29307 29301 29313 29327 29354 29382 29404 29429 29463 29477 29488 29491 29481 29471 29465 29468 29493 29511 29533 29551 29548 29555
08 29555 29547 29545 29543 29551 29553 29561 29563 29563 29567 29565 29566 29567 29576 29552 29570 29580 29572 29582 29594 29602 29610 29610 29605
09 29600 29595 29594 29598 29614 29620 29638 29650 29656 29668 29676 29692 29702 29706 29708 29716 29720 29735 29758 29778 29800 29808 29820 29834
10 29844 29856 29888 29910 29940 29967 29992 30018 30044 30067 30081 30095 30105 30111 30121 30139 30151 30169 30185 30199 30211 30216 30221 30221
11 30215 30208 30206 30207 30211 30225 30236 30238 30239 30249 30246 30255 30239 30236 30229 30223 30221 30219 30225 30229 30236 30236 30235 30231
12 30218 30209 30186 30181 30179 30191 30193 30205 30225 30217 30209 30203 30197 30182 30174 30167 30149 30143 30144 30145 30154 30155 30149 30146
13 30144 30133 30127 30116 30115 30123 30126 30133 30139 30143 30145 30141 30135 30123 30111 30103 30097 30095 30097 30100 30105 30105 30098 30093
14 30077 30065 30055 30053 30057 30063 30071 30085 30077 30077 30075 30061 30046 30031 30028 30023 30005 29999 29993 29993 29991 29989 29986 29986
15 29976 29959 29953 29948 29956 29966 29973 29978 29981 29985 29993 29983 29987 29991 29988 29983 29985 29988 29996 29993 30008 30008 30001 29993
16 29987 29978 29975 29978 29985 29997 30001 30005 29997 29988 29984 29979 29973 29967 29954 29944 29932 29923 29913 29914 29921 29909 29903 29893
17 29874 29859 29839 29831 29825 29807 29807 29801 29793 29784 29773 29743 29717 29713 29696 29685 29671 29655 29646 29633 29633 29607 29583 29571
18 29559 29546 29519 29513 29521 29521 29525 29525 29517 29521 29522 29516 29518 29513 29499 29488 29478 29472 29469 29469 29478 29464 29452 29448
19 29441 29441 29436 29439 29449 29469 29482 29504 29518 29524 29541 29552 29569 29579 29587 29602 29607 29609 29621 29634 29647 29642 29633 29627
20 29607 29595 29572 29545 29525 29491 29477 29479 29482 29492 29511 29525 29540 29538 29541 29553 29558 29553 29558 29565 29567 29567 29563 29553
21 29540 29529 29518 29503 29480 29451 29443 29410 29363 29343 29323 29287 29275 29291 29307 29319 29332 29342 29365 29385 29412 29419 29432 29449
22 29457 29471 29485 29502 29515 29527 29534 29555 29567 29587 29594 29604 29607 29613 29627 29629 29644 29671 29704 29727 29757 29773 29783 29803
23 29813 29823 29837 29854 29883 29904 29929 29953 29977 30004 30019 30037 30054 30069 30094 30104 30113 30124 30136 30163 30186 30194 30204 30214
24 30217 30215 30211 30211 30217 30227 30244 30261 30259 30263 30256 30248 30244 30239 30236 30228 30224 30218 30212 30212 30208 30209 30201 30199
25 30188 30178 30166 30159 30162 30171 30174 30179 30181 30179 30176 30174 30167 30164 30157 30150 30142 30139 30136 30140 30154 30152 30150 30150
26 30147 30144 30134 30132 30134 30134 30137 30147 30152 30142 30138 30133 30130 30128 30122 30108 30100 30096 30088 30093 30105 30105 30105 30106
27 30106 30098 30093 30098 30103 30103 30106 30104 30096 30092 30083 30080 30064 30060 30038 30022 30010 29996 29978 29974 29976 29960 29948 29938
28 29916 29890 29866 29848 29832 29812 29802 29786 29762 29748 29736 29711 29683 29666 29651 29625 29609 29601 29596 29595 29605 29596 29585 29577
29 29569 29553 29545 29535 29541 29549 29558 29573 29586 29604 29612 29622 29628 29628 29626 29628 29636 29639 29650 29660 29682 29692 29692 29694
30 29697 29697 29690 29698 29698 29708 29714 29718 29714 29718 29720 29709 29712 29712 29707 29702 29700 29700 29692 29700 29720 29736 29737 29734
31 29730 29730 29730 29728 29734 29746 29756 29764 29764 29772 29774 29774 29774 29784 29784 29784 29782 29790 29802 29822 29836 29842 29855 29864
