01 30151 30147 30141 30137 30133 30131 30133 30140 30138 30138 30125 30114 30089 30076 30068 30065 30057 30050 30041 30031 30021 30015 29991 29984
02 29967 29949 29939 29935 29932 29937 29933 29945 29948 29952 29960 29954 29951 29948 29947 29954 29950 29949 29946 29943 29939 29928 29914 29889
03 29870 29850 29834 29821 29801 29790 29780 29773 29769 29761 29741 29725 29713 29710 29700 29701 29718 29722 29715 29716 29722 29722 29713 29719
04 29733 29772 29791 29818 29843 29870 29888 29913 29929 29954 29983 29985 29996 30006 30028 30046 30054 30064 30075 30089 30104 30114 30121 30124
05 30126 30129 30138 30136 30145 30158 30174 30177 30183 30192 30195 30199 30199 30198 30200 30218 30225 30244 30248 30270 30281 30289 30293 30305
06 30314 30336 30339 30349 30359 30369 30376 30389 30405 30429 30445 30451 30461 30466 30472 30478 30482 30494 30493 30493 30494 30496 30490 30485
07 30476 30469 30449 30436 30432 30426 30420 30422 30418 30414 30412 30396 30384 30372 30364 30364 30363 30364 30367 30364 30363 30363 30363 30359
08 30348 30343 30332 30316 30314 30311 30304 30309 30307 30313 30307 30303 30296 30283 30283 30283 30294 30291 30291 30292 30297 30303 30306 30306
09 30303 30297 30294 30291 30280 30264 30261 30257 30254 30263 30261 30251 30248 30244 30234 30234 30234 30234 30231 30233 30234 30228 30211 30201
10 30179 30170 30146 30126 30115 30098 30080 30070 30064 30051 30038 30017 29992 29965 29950 29938 29923 29922 29910 29913 29915 29916 29923 29927
11 29937 29938 29937 29931 29931 29930 29933 29928 29923 29917 29904 29885 29870 29857 29855 29855 29851 29854 29855 29847 29825 29817 29815 29802
12 29805 29797 29792 29797 29811 29809 29821 29830 29839 29835 29846 29843 29838 29845 29855 29863 29864 29870 29879 29887 29888 29892 29897 29903
13 29894 29890 29897 29895 29889 29888 29888 29890 29889 29890 29888 29886 29876 29874 29882 29892 29898 29907 29912 29917 29921 29918 29919 29919
14 29907 29897 29893 29887 29874 29874 29881 29882 29887 29884 29884 29872 29866 29867 29871 29875 29883 29884 29878 29877 29872 29854 29849 29847
15 29844 29845 29844 29842 29842 29842 29846 29867 29874 29881 29878 29881 29884 29877 29877 29871 29871 29866 29875 29877 29886 29880 29879 29881
16 29874 29868 29856 29848 29841 29840 29843 29841 29840 29848 29846 29833 29829 29818 29821 29819 29815 29823 29829 29832 29820 29818 29803 29781
17 29781 29785 29794 29782 29769 29759 29751 29758 29749 29746 29736 29720 29716 29702 29677 29669 29664 29654 29644 29645 29640 29622 29603 29580
18 29557 29548 29520 29510 29484 29465 29447 29440 29439 29440 29441 29446 29468 29477 29476 29501 29525 29537 29545 29558 29570 29567 29553 29551
19 29541 29524 29505 29478 29444 29410 29362 29328 29307 29288 29277 29266 29225 29245 29248 29260 29268 29280 29271 29275 29261 29255 29248 29255
20 29255 29246 29231 29220 29206 29190 29171 29151 29145 29128 29090 29060 29002 28980 28945 28938 28921 28920 28929 28963 28984 29012 29035 29051
21 29049 29065 29079 29095 29120 29171 29229 29289 29316 29352 29385 29414 29402 29402 29374 29343 29290 29220 29169 29122 29042 29002 28958 28927
22 28942 28902 28938 28975 28985 29008 29012 29020 29028 29010 28967 28931 28906 28904 28918 28924 28959 28982 29052 29101 29121 29116 29163 29191
23 29194 29233 29246 29269 29277 29281 29280 29284 29291 29284 29306 29333 29362 29390 29425 29464 29473 29487 29503 29520 29523 29516 29501 29481
24 29441 29433 29413 29378 29340 29337 29311 29273 29257 29277 29298 29322 29329 29341 29342 29367 29366 29356 29326 29354 29395 29396 29424 29471
25 29498 29534 29554 29596 29642 29696 29789 29772 29814 29849 29851 29899 29919 29959 29982 30012 30023 30042 30056 30069 30074 30083 30064 30076
26 30079 30089 30086 30081 30074 30086 30094 30111 30122 30124 30128 30134 30116 30108 30096 30100 30101 30104 30111 30113 30104 30100 30096 30096
27 30101 30091 30091 30081 30076 30088 30096 30114 30126 30135 30136 30128 30121 30116 30104 30081 30078 30061 30050 30058 30051 30067 30078 30090
28 30113 30130 30139 30144 30158 30171 30185 30204 30208 30208 30202 30197 30194 30182 30174 30178 30174 30162 30146 30133 30126 30119 30112 30112
29 30105 30096 30086 30064 30059 30059 30051 30042 30032 30028 30021 30016 29997 30000 29996 29994 29993 29994 29989 29976 29984 29978 29971 29956
30 29946 29941 29936 29931 29926 29915 29906 29904 29896 29889 29880 29858 29842 29830 29828 29833 29837 29851 29850 29849 29842 29846 29835 29822
31 29803 29780 29749 29725 29695 29668 29623 29624 29563 29543 29507 29474 29440 29413 29388 29365 29348 29343 29345 29369 29405 29449 29485 29530
