1877 08 01 08 00  36.75    3.06 1017.6          ALGIERS
1877 08 02 08 00  36.75    3.06 1014.8          ALGIERS
1877 08 03 08 00  36.75    3.06 1012.9          ALGIERS
1877 08 04 08 00  36.75    3.06 1014.0          ALGIERS
1877 08 06 08 00  36.75    3.06 1017.5          ALGIERS
1877 08 07 08 00  36.75    3.06 1013.6          ALGIERS
1877 08 08 08 00  36.75    3.06 1011.6          ALGIERS
1877 08 09 08 00  36.75    3.06 1012.8          ALGIERS
1877 08 10 08 00  36.75    3.06 1017.7          ALGIERS
1877 08 11 08 00  36.75    3.06 1015.5          ALGIERS
1877 08 13 08 00  36.75    3.06 1009.5          ALGIERS
1877 08 14 08 00  36.75    3.06 1013.6          ALGIERS
1877 08 16 08 00  36.75    3.06 1012.8          ALGIERS
1877 08 17 08 00  36.75    3.06 1014.1          ALGIERS
1877 08 18 08 00  36.75    3.06 1014.8          ALGIERS
1877 08 20 08 00  36.75    3.06 1015.7          ALGIERS
1877 08 21 08 00  36.75    3.06 1013.5          ALGIERS
1877 08 22 08 00  36.75    3.06 1014.1          ALGIERS
1877 08 23 08 00  36.75    3.06 1012.1          ALGIERS
1877 08 24 08 00  36.75    3.06 1014.3          ALGIERS
1877 08 25 08 00  36.75    3.06 1014.9          ALGIERS
1877 08 27 08 00  36.75    3.06 1019.7          ALGIERS
1877 08 28 08 00  36.75    3.06 1019.6          ALGIERS
1877 08 29 08 00  36.75    3.06 1016.1          ALGIERS
1877 08 30 08 00  36.75    3.06 1013.3          ALGIERS
1877 08 31 08 00  36.75    3.06 1013.9          ALGIERS
1877 08 01 08 00  38.66  -27.23 1018.8            ANGRA
1877 08 02 08 00  38.66  -27.23 1014.8            ANGRA
1877 08 03 08 00  38.66  -27.23 1009.5            ANGRA
1877 08 04 08 00  38.66  -27.23 1006.8            ANGRA
1877 08 05 08 00  38.66  -27.23 1009.5            ANGRA
1877 08 06 08 00  38.66  -27.23 1002.8            ANGRA
1877 08 07 08 00  38.66  -27.23 1012.1            ANGRA
1877 08 08 08 00  38.66  -27.23 1014.8            ANGRA
1877 08 09 08 00  38.66  -27.23 1016.1            ANGRA
1877 08 10 08 00  38.66  -27.23 1017.5            ANGRA
1877 08 11 08 00  38.66  -27.23 1012.1            ANGRA
1877 08 12 08 00  38.66  -27.23 1000.2            ANGRA
1877 08 13 08 00  38.66  -27.23 1002.8            ANGRA
1877 08 14 08 00  38.66  -27.23 1004.2            ANGRA
1877 08 15 08 00  38.66  -27.23 1008.1            ANGRA
1877 08 16 08 00  38.66  -27.23 1004.2            ANGRA
1877 08 17 08 00  38.66  -27.23 1001.5            ANGRA
1877 08 18 08 00  38.66  -27.23  998.8            ANGRA
1877 08 19 08 00  38.66  -27.23 1002.8            ANGRA
1877 08 20 08 00  38.66  -27.23 1008.1            ANGRA
1877 08 21 08 00  38.66  -27.23 1009.5            ANGRA
1877 08 22 08 00  38.66  -27.23 1005.5            ANGRA
1877 08 23 08 00  38.66  -27.23  988.2            ANGRA
1877 08 24 08 00  38.66  -27.23 1008.1            ANGRA
1877 08 25 08 00  38.66  -27.23 1010.8            ANGRA
1877 08 26 08 00  38.66  -27.23 1009.5            ANGRA
1877 08 27 08 00  38.66  -27.23 1010.8            ANGRA
1877 08 28 08 00  38.66  -27.23 1012.1            ANGRA
1877 08 29 08 00  38.66  -27.23 1008.1            ANGRA
1877 08 30 08 00  38.66  -27.23 1006.8            ANGRA
1877 08 31 08 00  38.66  -27.23 1009.5            ANGRA
1877 08 01 08 00  38.72   -9.14 1005.5           LISBON
1877 08 02 08 00  38.72   -9.14 1004.2           LISBON
1877 08 03 08 00  38.72   -9.14 1001.5           LISBON
1877 08 04 08 00  38.72   -9.14 1002.8           LISBON
1877 08 05 08 00  38.72   -9.14 1005.5           LISBON
1877 08 06 08 00  38.72   -9.14 1005.5           LISBON
1877 08 07 08 00  38.72   -9.14 1002.8           LISBON
1877 08 08 08 00  38.72   -9.14 1002.8           LISBON
1877 08 09 08 00  38.72   -9.14 1005.5           LISBON
1877 08 10 08 00  38.72   -9.14 1006.8           LISBON
1877 08 11 08 00  38.72   -9.14 1004.2           LISBON
1877 08 12 08 00  38.72   -9.14  997.5           LISBON
1877 08 13 08 00  38.72   -9.14  998.8           LISBON
1877 08 14 08 00  38.72   -9.14 1002.8           LISBON
1877 08 15 08 00  38.72   -9.14 1002.8           LISBON
1877 08 16 08 00  38.72   -9.14 1004.2           LISBON
1877 08 17 08 00  38.72   -9.14 1002.8           LISBON
1877 08 18 08 00  38.72   -9.14 1002.8           LISBON
1877 08 19 08 00  38.72   -9.14 1002.8           LISBON
1877 08 20 08 00  38.72   -9.14 1001.5           LISBON
1877 08 21 08 00  38.72   -9.14 1004.2           LISBON
1877 08 22 08 00  38.72   -9.14 1004.2           LISBON
1877 08 23 08 00  38.72   -9.14 1005.5           LISBON
1877 08 24 08 00  38.72   -9.14 1000.2           LISBON
1877 08 25 08 00  38.72   -9.14 1002.8           LISBON
1877 08 26 08 00  38.72   -9.14 1008.1           LISBON
1877 08 27 08 00  38.72   -9.14 1006.8           LISBON
1877 08 28 08 00  38.72   -9.14 1005.5           LISBON
1877 08 29 08 00  38.72   -9.14 1004.2           LISBON
1877 08 30 08 00  38.72   -9.14 1002.8           LISBON
1877 08 31 08 00  38.72   -9.14 1006.8           LISBON
1877 08 01 08 00  57.20   -2.20 1009.8         ABERDEEN
1877 08 02 08 00  57.20   -2.20 1007.8         ABERDEEN
1877 08 03 08 00  57.20   -2.20 1007.8         ABERDEEN
1877 08 04 08 00  57.20   -2.20 1010.8         ABERDEEN
1877 08 05 08 00  57.20   -2.20 1015.2         ABERDEEN
1877 08 06 08 00  57.20   -2.20 1015.6         ABERDEEN
1877 08 07 08 00  57.20   -2.20 1008.8         ABERDEEN
1877 08 08 08 00  57.20   -2.20  997.6         ABERDEEN
1877 08 09 08 00  57.20   -2.20  997.0         ABERDEEN
1877 08 10 08 00  57.20   -2.20  997.3         ABERDEEN
1877 08 11 08 00  57.20   -2.20 1006.1         ABERDEEN
1877 08 12 08 00  57.20   -2.20 1018.3         ABERDEEN
1877 08 13 08 00  57.20   -2.20 1022.7         ABERDEEN
1877 08 14 08 00  57.20   -2.20 1021.7         ABERDEEN
1877 08 15 08 00  57.20   -2.20 1015.2         ABERDEEN
1877 08 16 08 00  57.20   -2.20 1010.5         ABERDEEN
1877 08 17 08 00  57.20   -2.20 1008.8         ABERDEEN
1877 08 18 08 00  57.20   -2.20 1013.5         ABERDEEN
1877 08 19 08 00  57.20   -2.20 1016.6         ABERDEEN
1877 08 20 08 00  57.20   -2.20 1009.5         ABERDEEN
1877 08 21 08 00  57.20   -2.20 1008.5         ABERDEEN
1877 08 22 08 00  57.20   -2.20  995.6         ABERDEEN
1877 08 23 08 00  57.20   -2.20 1004.1         ABERDEEN
1877 08 24 08 00  57.20   -2.20 1012.9         ABERDEEN
1877 08 25 08 00  57.20   -2.20 1014.9         ABERDEEN
1877 08 26 08 00  57.20   -2.20 1011.5         ABERDEEN
1877 08 27 08 00  57.20   -2.20 1010.8         ABERDEEN
1877 08 28 08 00  57.20   -2.20 1007.1         ABERDEEN
1877 08 29 08 00  57.20   -2.20  998.6         ABERDEEN
1877 08 30 08 00  57.20   -2.20 1007.5         ABERDEEN
1877 08 31 08 00  57.20   -2.20  997.6         ABERDEEN
1877 08 01 08 00  45.94   -0.96 1015.6        ROCHEFORT
1877 08 02 08 00  45.94   -0.96 1018.6        ROCHEFORT
1877 08 03 08 00  45.94   -0.96 1020.3        ROCHEFORT
1877 08 04 08 00  45.94   -0.96 1020.0        ROCHEFORT
1877 08 05 08 00  45.94   -0.96 1015.6        ROCHEFORT
1877 08 06 08 00  45.94   -0.96 1013.5        ROCHEFORT
1877 08 07 08 00  45.94   -0.96 1016.3        ROCHEFORT
1877 08 08 08 00  45.94   -0.96 1007.8        ROCHEFORT
1877 08 09 08 00  45.94   -0.96 1011.5        ROCHEFORT
1877 08 10 08 00  45.94   -0.96 1017.3        ROCHEFORT
1877 08 11 08 00  45.94   -0.96 1016.6        ROCHEFORT
1877 08 12 08 00  45.94   -0.96 1019.3        ROCHEFORT
1877 08 13 08 00  45.94   -0.96 1013.5        ROCHEFORT
1877 08 14 08 00  45.94   -0.96 1006.8        ROCHEFORT
1877 08 15 08 00  45.94   -0.96 1015.2        ROCHEFORT
1877 08 16 08 00  45.94   -0.96 1015.6        ROCHEFORT
1877 08 17 08 00  45.94   -0.96 1015.9        ROCHEFORT
1877 08 18 08 00  45.94   -0.96 1017.3        ROCHEFORT
1877 08 19 08 00  45.94   -0.96 1012.5        ROCHEFORT
1877 08 20 08 00  45.94   -0.96 1015.6        ROCHEFORT
1877 08 21 08 00  45.94   -0.96 1009.8        ROCHEFORT
1877 08 22 08 00  45.94   -0.96 1014.2        ROCHEFORT
1877 08 23 08 00  45.94   -0.96 1015.6        ROCHEFORT
1877 08 24 08 00  45.94   -0.96 1020.7        ROCHEFORT
1877 08 25 08 00  45.94   -0.96 1014.9        ROCHEFORT
1877 08 26 08 00  45.94   -0.96 1010.2        ROCHEFORT
1877 08 27 08 00  45.94   -0.96 1022.7        ROCHEFORT
1877 08 28 08 00  45.94   -0.96 1021.0        ROCHEFORT
1877 08 29 08 00  45.94   -0.96 1018.3        ROCHEFORT
1877 08 30 08 00  45.94   -0.96 1018.6        ROCHEFORT
1877 08 31 08 00  45.94   -0.96 1017.3        ROCHEFORT
1877 08 01 08 00  50.38   -4.14 1015.2         PLYMOUTH
1877 08 02 08 00  50.38   -4.14 1017.6         PLYMOUTH
1877 08 03 08 00  50.38   -4.14 1020.7         PLYMOUTH
1877 08 04 08 00  50.38   -4.14 1018.6         PLYMOUTH
1877 08 05 08 00  50.38   -4.14 1017.9         PLYMOUTH
1877 08 06 08 00  50.38   -4.14 1012.5         PLYMOUTH
1877 08 07 08 00  50.38   -4.14 1000.3         PLYMOUTH
1877 08 08 08 00  50.38   -4.14  993.6         PLYMOUTH
1877 08 09 08 00  50.38   -4.14 1004.1         PLYMOUTH
1877 08 10 08 00  50.38   -4.14 1012.2         PLYMOUTH
1877 08 11 08 00  50.38   -4.14 1017.9         PLYMOUTH
1877 08 12 08 00  50.38   -4.14 1018.6         PLYMOUTH
1877 08 13 08 00  50.38   -4.14 1014.6         PLYMOUTH
1877 08 14 08 00  50.38   -4.14 1008.5         PLYMOUTH
1877 08 15 08 00  50.38   -4.14 1012.9         PLYMOUTH
1877 08 16 08 00  50.38   -4.14 1012.9         PLYMOUTH
1877 08 17 08 00  50.38   -4.14 1015.6         PLYMOUTH
1877 08 18 08 00  50.38   -4.14 1016.3         PLYMOUTH
1877 08 19 08 00  50.38   -4.14 1008.8         PLYMOUTH
1877 08 20 08 00  50.38   -4.14 1008.1         PLYMOUTH
1877 08 21 08 00  50.38   -4.14 1003.7         PLYMOUTH
1877 08 22 08 00  50.38   -4.14 1005.8         PLYMOUTH
1877 08 23 08 00  50.38   -4.14 1017.3         PLYMOUTH
1877 08 24 08 00  50.38   -4.14 1022.0         PLYMOUTH
1877 08 25 08 00  50.38   -4.14 1005.8         PLYMOUTH
1877 08 26 08 00  50.38   -4.14 1008.5         PLYMOUTH
1877 08 27 08 00  50.38   -4.14 1012.9         PLYMOUTH
1877 08 28 08 00  50.38   -4.14 1007.5         PLYMOUTH
1877 08 29 08 00  50.38   -4.14 1016.6         PLYMOUTH
1877 08 30 08 00  50.38   -4.14 1012.2         PLYMOUTH
1877 08 31 08 00  50.38   -4.14 1014.2         PLYMOUTH
1877 08 01 08 00  41.90   12.50 1014.8             ROME
1877 08 02 08 00  41.90   12.50 1010.8             ROME
1877 08 03 08 00  41.90   12.50 1006.8             ROME
1877 08 04 08 00  41.90   12.50 1012.1             ROME
1877 08 05 08 00  41.90   12.50 1016.1             ROME
1877 08 06 08 00  41.90   12.50 1017.5             ROME
1877 08 07 08 00  41.90   12.50 1016.1             ROME
1877 08 08 08 00  41.90   12.50 1013.5             ROME
1877 08 09 08 00  41.90   12.50 1012.1             ROME
1877 08 10 08 00  41.90   12.50 1010.8             ROME
1877 08 11 08 00  41.90   12.50 1010.8             ROME
1877 08 12 08 00  41.90   12.50 1009.5             ROME
1877 08 13 08 00  41.90   12.50 1012.1             ROME
1877 08 14 08 00  41.90   12.50 1014.8             ROME
1877 08 15 08 00  41.90   12.50 1014.8             ROME
1877 08 16 08 00  41.90   12.50 1013.5             ROME
1877 08 17 08 00  41.90   12.50 1013.5             ROME
1877 08 18 08 00  41.90   12.50 1016.1             ROME
1877 08 19 08 00  41.90   12.50 1020.1             ROME
1877 08 20 08 00  41.90   12.50 1020.1             ROME
1877 08 21 08 00  41.90   12.50 1018.8             ROME
1877 08 22 08 00  41.90   12.50 1016.1             ROME
1877 08 23 08 00  41.90   12.50 1014.8             ROME
1877 08 24 08 00  41.90   12.50 1013.5             ROME
1877 08 25 08 00  41.90   12.50 1016.1             ROME
1877 08 26 08 00  41.90   12.50 1016.1             ROME
1877 08 27 08 00  41.90   12.50 1013.5             ROME
1877 08 28 08 00  41.90   12.50 1013.5             ROME
1877 08 29 08 00  41.90   12.50 1013.5             ROME
1877 08 30 08 00  41.90   12.50 1013.5             ROME
1877 08 31 08 00  41.90   12.50 1014.8             ROME
1877 08 01 08 00  48.39   -4.49 1017.3            BREST
1877 08 02 08 00  48.39   -4.49 1023.0            BREST
1877 08 03 08 00  48.39   -4.49 1024.7            BREST
1877 08 04 08 00  48.39   -4.49 1023.7            BREST
1877 08 05 08 00  48.39   -4.49 1020.7            BREST
1877 08 06 08 00  48.39   -4.49 1017.9            BREST
1877 08 07 08 00  48.39   -4.49 1013.9            BREST
1877 08 08 08 00  48.39   -4.49 1004.1            BREST
1877 08 09 08 00  48.39   -4.49 1006.1            BREST
1877 08 10 08 00  48.39   -4.49 1013.9            BREST
1877 08 11 08 00  48.39   -4.49 1020.3            BREST
1877 08 12 08 00  48.39   -4.49 1023.4            BREST
1877 08 13 08 00  48.39   -4.49 1017.9            BREST
1877 08 14 08 00  48.39   -4.49 1009.8            BREST
1877 08 15 08 00  48.39   -4.49 1013.5            BREST
1877 08 16 08 00  48.39   -4.49 1015.9            BREST
1877 08 17 08 00  48.39   -4.49 1019.0            BREST
1877 08 18 08 00  48.39   -4.49 1020.3            BREST
1877 08 19 08 00  48.39   -4.49 1016.3            BREST
1877 08 20 08 00  48.39   -4.49 1015.2            BREST
1877 08 21 08 00  48.39   -4.49 1006.4            BREST
1877 08 22 08 00  48.39   -4.49 1009.8            BREST
1877 08 23 08 00  48.39   -4.49 1015.6            BREST
1877 08 24 08 00  48.39   -4.49 1024.0            BREST
1877 08 25 08 00  48.39   -4.49 1016.3            BREST
1877 08 26 08 00  48.39   -4.49  998.0            BREST
1877 08 27 08 00  48.39   -4.49 1019.3            BREST
1877 08 28 08 00  48.39   -4.49 1019.6            BREST
1877 08 29 08 00  48.39   -4.49 1017.9            BREST
1877 08 30 08 00  48.39   -4.49 1020.3            BREST
1877 08 31 08 00  48.39   -4.49 1018.6            BREST
1877 08 01 08 00  31.20   29.91 1007.3       ALEXANDRIA
1877 08 02 08 00  31.20   29.91 1006.7       ALEXANDRIA
1877 08 03 08 00  31.20   29.91 1008.3       ALEXANDRIA
1877 08 04 08 00  31.20   29.91 1009.5       ALEXANDRIA
1877 08 05 08 00  31.20   29.91 1011.7       ALEXANDRIA
1877 08 06 08 00  31.20   29.91 1011.3       ALEXANDRIA
1877 08 07 08 00  31.20   29.91 1007.6       ALEXANDRIA
1877 08 08 08 00  31.20   29.91 1007.6       ALEXANDRIA
1877 08 09 08 00  31.20   29.91 1007.3       ALEXANDRIA
1877 08 10 08 00  31.20   29.91 1005.7       ALEXANDRIA
1877 08 11 08 00  31.20   29.91 1006.8       ALEXANDRIA
1877 08 12 08 00  31.20   29.91 1006.5       ALEXANDRIA
1877 08 13 08 00  31.20   29.91 1009.1       ALEXANDRIA
1877 08 14 08 00  31.20   29.91 1009.1       ALEXANDRIA
1877 08 15 08 00  31.20   29.91 1008.1       ALEXANDRIA
1877 08 16 08 00  31.20   29.91 1007.3       ALEXANDRIA
1877 08 17 08 00  31.20   29.91 1009.1       ALEXANDRIA
1877 08 18 08 00  31.20   29.91 1010.8       ALEXANDRIA
1877 08 19 08 00  31.20   29.91 1012.0       ALEXANDRIA
1877 08 20 08 00  31.20   29.91 1010.1       ALEXANDRIA
1877 08 21 08 00  31.20   29.91 1006.4       ALEXANDRIA
1877 08 22 08 00  31.20   29.91 1008.5       ALEXANDRIA
1877 08 23 08 00  31.20   29.91 1008.9       ALEXANDRIA
1877 08 24 08 00  31.20   29.91 1008.0       ALEXANDRIA
1877 08 25 08 00  31.20   29.91 1009.9       ALEXANDRIA
1877 08 26 08 00  31.20   29.91 1008.8       ALEXANDRIA
1877 08 27 08 00  31.20   29.91 1008.0       ALEXANDRIA
1877 08 28 08 00  31.20   29.91 1008.0       ALEXANDRIA
1877 08 29 08 00  31.20   29.91 1007.7       ALEXANDRIA
1877 08 30 08 00  31.20   29.91 1010.0       ALEXANDRIA
1877 08 31 08 00  31.20   29.91 1011.9       ALEXANDRIA
1877 08 01 08 00  45.76    4.84 1015.1            LYONS
1877 08 02 08 00  45.76    4.84 1016.0            LYONS
1877 08 03 08 00  45.76    4.84 1018.2            LYONS
1877 08 04 08 00  45.76    4.84 1016.0            LYONS
1877 08 05 08 00  45.76    4.84 1016.5            LYONS
1877 08 06 08 00  45.76    4.84 1017.7            LYONS
1877 08 07 08 00  45.76    4.84 1014.3            LYONS
1877 08 08 08 00  45.76    4.84 1008.8            LYONS
1877 08 09 08 00  45.76    4.84 1015.3            LYONS
1877 08 10 08 00  45.76    4.84 1017.6            LYONS
1877 08 11 08 00  45.76    4.84 1014.3            LYONS
1877 08 12 08 00  45.76    4.84 1014.9            LYONS
1877 08 13 08 00  45.76    4.84 1012.9            LYONS
1877 08 14 08 00  45.76    4.84 1009.5            LYONS
1877 08 15 08 00  45.76    4.84 1018.1            LYONS
1877 08 16 08 00  45.76    4.84 1015.5            LYONS
1877 08 17 08 00  45.76    4.84 1015.5            LYONS
1877 08 18 08 00  45.76    4.84 1018.1            LYONS
1877 08 19 08 00  45.76    4.84 1016.3            LYONS
1877 08 20 08 00  45.76    4.84 1016.1            LYONS
1877 08 21 08 00  45.76    4.84 1013.3            LYONS
1877 08 22 08 00  45.76    4.84 1013.9            LYONS
1877 08 23 08 00  45.76    4.84 1016.4            LYONS
1877 08 24 08 00  45.76    4.84 1019.8            LYONS
1877 08 25 08 00  45.76    4.84 1014.5            LYONS
1877 08 26 08 00  45.76    4.84 1017.2            LYONS
1877 08 27 08 00  45.76    4.84 1021.2            LYONS
1877 08 28 08 00  45.76    4.84 1017.5            LYONS
1877 08 29 08 00  45.76    4.84 1019.3            LYONS
1877 08 30 08 00  45.76    4.84 1015.6            LYONS
1877 08 31 08 00  45.76    4.84 1015.9            LYONS
1877 08 01 08 00  43.12    5.93 1020.0           TOULON
1877 08 02 08 00  43.12    5.93 1015.2           TOULON
1877 08 03 08 00  43.12    5.93 1011.2           TOULON
1877 08 04 08 00  43.12    5.93 1011.9           TOULON
1877 08 05 08 00  43.12    5.93 1026.1           TOULON
1877 08 06 08 00  43.12    5.93 1017.3           TOULON
1877 08 07 08 00  43.12    5.93 1019.3           TOULON
1877 08 08 08 00  43.12    5.93 1015.2           TOULON
1877 08 09 08 00  43.12    5.93 1012.9           TOULON
1877 08 10 08 00  43.12    5.93 1013.2           TOULON
1877 08 12 08 00  43.12    5.93 1013.2           TOULON
1877 08 13 08 00  43.12    5.93 1010.8           TOULON
1877 08 14 08 00  43.12    5.93 1013.9           TOULON
1877 08 15 08 00  43.12    5.93 1014.9           TOULON
1877 08 16 08 00  43.12    5.93 1015.6           TOULON
1877 08 17 08 00  43.12    5.93 1014.9           TOULON
1877 08 18 08 00  43.12    5.93 1014.9           TOULON
1877 08 19 08 00  43.12    5.93 1016.9           TOULON
1877 08 20 08 00  43.12    5.93 1021.7           TOULON
1877 08 21 08 00  43.12    5.93 1017.9           TOULON
1877 08 22 08 00  43.12    5.93 1014.2           TOULON
1877 08 23 08 00  43.12    5.93 1014.6           TOULON
1877 08 24 08 00  43.12    5.93 1014.2           TOULON
1877 08 25 08 00  43.12    5.93 1014.9           TOULON
1877 08 26 08 00  43.12    5.93 1017.3           TOULON
1877 08 27 08 00  43.12    5.93 1017.3           TOULON
1877 08 28 08 00  43.12    5.93 1015.9           TOULON
1877 08 29 08 00  43.12    5.93 1016.6           TOULON
1877 08 30 08 00  43.12    5.93 1012.5           TOULON
1877 08 31 08 00  43.12    5.93 1014.6           TOULON
1877 08 01 08 00  58.20   -6.30 1010.5        STORNOWAY
1877 08 02 08 00  58.20   -6.30 1006.4        STORNOWAY
1877 08 03 08 00  58.20   -6.30 1007.5        STORNOWAY
1877 08 04 08 00  58.20   -6.30 1015.6        STORNOWAY
1877 08 05 08 00  58.20   -6.30 1014.9        STORNOWAY
1877 08 06 08 00  58.20   -6.30 1008.5        STORNOWAY
1877 08 07 08 00  58.20   -6.30 1000.0        STORNOWAY
1877 08 08 08 00  58.20   -6.30  991.2        STORNOWAY
1877 08 09 08 00  58.20   -6.30  996.3        STORNOWAY
1877 08 10 08 00  58.20   -6.30 1001.4        STORNOWAY
1877 08 11 08 00  58.20   -6.30 1017.3        STORNOWAY
1877 08 12 08 00  58.20   -6.30 1021.0        STORNOWAY
1877 08 13 08 00  58.20   -6.30 1022.7        STORNOWAY
1877 08 14 08 00  58.20   -6.30 1019.6        STORNOWAY
1877 08 15 08 00  58.20   -6.30 1013.2        STORNOWAY
1877 08 16 08 00  58.20   -6.30 1010.8        STORNOWAY
1877 08 17 08 00  58.20   -6.30 1012.9        STORNOWAY
1877 08 18 08 00  58.20   -6.30 1016.6        STORNOWAY
1877 08 19 08 00  58.20   -6.30 1011.2        STORNOWAY
1877 08 20 08 00  58.20   -6.30 1012.5        STORNOWAY
1877 08 21 08 00  58.20   -6.30 1003.7        STORNOWAY
1877 08 22 08 00  58.20   -6.30 1006.1        STORNOWAY
1877 08 23 08 00  58.20   -6.30 1010.8        STORNOWAY
1877 08 24 08 00  58.20   -6.30 1011.9        STORNOWAY
1877 08 25 08 00  58.20   -6.30 1014.6        STORNOWAY
1877 08 26 08 00  58.20   -6.30 1009.8        STORNOWAY
1877 08 27 08 00  58.20   -6.30 1010.2        STORNOWAY
1877 08 28 08 00  58.20   -6.30  995.9        STORNOWAY
1877 08 29 08 00  58.20   -6.30 1007.5        STORNOWAY
1877 08 30 08 00  58.20   -6.30  998.3        STORNOWAY
1877 08 31 08 00  58.20   -6.30 1003.0        STORNOWAY
1877 08 01 08 00  32.67  -16.92 1012.1          FUNCHAL
1877 08 02 08 00  32.67  -16.92 1012.1          FUNCHAL
1877 08 03 08 00  32.67  -16.92 1012.1          FUNCHAL
1877 08 04 08 00  32.67  -16.92 1014.8          FUNCHAL
1877 08 05 08 00  32.67  -16.92 1016.1          FUNCHAL
1877 08 06 08 00  32.67  -16.92 1016.1          FUNCHAL
1877 08 07 08 00  32.67  -16.92 1014.8          FUNCHAL
1877 08 08 08 00  32.67  -16.92 1013.5          FUNCHAL
1877 08 09 08 00  32.67  -16.92 1016.1          FUNCHAL
1877 08 10 08 00  32.67  -16.92 1017.5          FUNCHAL
1877 08 11 08 00  32.67  -16.92 1014.8          FUNCHAL
1877 08 12 08 00  32.67  -16.92 1010.8          FUNCHAL
1877 08 13 08 00  32.67  -16.92 1008.1          FUNCHAL
1877 08 14 08 00  32.67  -16.92 1010.8          FUNCHAL
1877 08 15 08 00  32.67  -16.92 1012.1          FUNCHAL
1877 08 16 08 00  32.67  -16.92 1014.8          FUNCHAL
1877 08 17 08 00  32.67  -16.92 1013.5          FUNCHAL
1877 08 18 08 00  32.67  -16.92 1012.1          FUNCHAL
1877 08 19 08 00  32.67  -16.92 1009.5          FUNCHAL
1877 08 20 08 00  32.67  -16.92 1012.1          FUNCHAL
1877 08 21 08 00  32.67  -16.92 1016.1          FUNCHAL
1877 08 22 08 00  32.67  -16.92 1014.8          FUNCHAL
1877 08 23 08 00  32.67  -16.92 1013.5          FUNCHAL
1877 08 24 08 00  32.67  -16.92 1009.5          FUNCHAL
1877 08 25 08 00  32.67  -16.92 1014.8          FUNCHAL
1877 08 26 08 00  32.67  -16.92 1017.5          FUNCHAL
1877 08 27 08 00  32.67  -16.92 1017.5          FUNCHAL
1877 08 28 08 00  32.67  -16.92 1014.8          FUNCHAL
1877 08 29 08 00  32.67  -16.92 1014.8          FUNCHAL
1877 08 30 08 00  32.67  -16.92 1012.1          FUNCHAL
1877 08 31 08 00  32.67  -16.92 1012.1          FUNCHAL
