1867 06 01 08 00  57.20   -2.20 1012.2         ABERDEEN
1867 06 02 08 00  57.20   -2.20 1012.2         ABERDEEN
1867 06 03 08 00  57.20   -2.20 1011.9         ABERDEEN
1867 06 04 08 00  57.20   -2.20 1008.1         ABERDEEN
1867 06 05 08 00  57.20   -2.20 1002.7         ABERDEEN
1867 06 06 08 00  57.20   -2.20  995.6         ABERDEEN
1867 06 07 08 00  57.20   -2.20 1002.4         ABERDEEN
1867 06 08 08 00  57.20   -2.20 1013.2         ABERDEEN
1867 06 09 08 00  57.20   -2.20 1011.5         ABERDEEN
1867 06 10 08 00  57.20   -2.20 1013.5         ABERDEEN
1867 06 11 08 00  57.20   -2.20 1024.4         ABERDEEN
1867 06 12 08 00  57.20   -2.20 1012.5         ABERDEEN
1867 06 13 08 00  57.20   -2.20 1009.5         ABERDEEN
1867 06 14 08 00  57.20   -2.20 1006.1         ABERDEEN
1867 06 15 08 00  57.20   -2.20 1014.6         ABERDEEN
1867 06 16 08 00  57.20   -2.20 1018.6         ABERDEEN
1867 06 17 08 00  57.20   -2.20 1019.0         ABERDEEN
1867 06 18 08 00  57.20   -2.20 1016.9         ABERDEEN
1867 06 19 08 00  57.20   -2.20 1019.6         ABERDEEN
1867 06 20 08 00  57.20   -2.20 1021.3         ABERDEEN
1867 06 21 08 00  57.20   -2.20 1022.7         ABERDEEN
1867 06 22 08 00  57.20   -2.20 1020.7         ABERDEEN
1867 06 23 08 00  57.20   -2.20 1017.9         ABERDEEN
1867 06 24 08 00  57.20   -2.20 1019.0         ABERDEEN
1867 06 25 08 00  57.20   -2.20 1024.7         ABERDEEN
1867 06 26 08 00  57.20   -2.20 1033.9         ABERDEEN
1867 06 27 08 00  57.20   -2.20 1033.2         ABERDEEN
1867 06 28 08 00  57.20   -2.20 1036.6         ABERDEEN
1867 06 29 08 00  57.20   -2.20 1025.1         ABERDEEN
1867 06 30 08 00  57.20   -2.20 1010.8         ABERDEEN
1867 06 01 08 00  45.94   -0.96 1021.3        ROCHEFORT
1867 06 02 08 00  45.94   -0.96 1015.9        ROCHEFORT
1867 06 03 08 00  45.94   -0.96 1014.6        ROCHEFORT
1867 06 04 08 00  45.94   -0.96 1021.3        ROCHEFORT
1867 06 05 08 00  45.94   -0.96 1021.3        ROCHEFORT
1867 06 06 08 00  45.94   -0.96 1014.6        ROCHEFORT
1867 06 07 08 00  45.94   -0.96 1014.6        ROCHEFORT
1867 06 08 08 00  45.94   -0.96 1024.0        ROCHEFORT
1867 06 09 08 00  45.94   -0.96 1025.4        ROCHEFORT
1867 06 10 08 00  45.94   -0.96 1024.0        ROCHEFORT
1867 06 11 08 00  45.94   -0.96 1021.3        ROCHEFORT
1867 06 12 08 00  45.94   -0.96 1022.7        ROCHEFORT
1867 06 13 08 00  45.94   -0.96 1022.7        ROCHEFORT
1867 06 14 08 00  45.94   -0.96 1017.3        ROCHEFORT
1867 06 15 08 00  45.94   -0.96 1014.6        ROCHEFORT
1867 06 16 08 00  45.94   -0.96 1020.0        ROCHEFORT
1867 06 17 08 00  45.94   -0.96 1022.7        ROCHEFORT
1867 06 18 08 00  45.94   -0.96 1018.6        ROCHEFORT
1867 06 19 08 00  45.94   -0.96 1010.5        ROCHEFORT
1867 06 20 08 00  45.94   -0.96 1010.5        ROCHEFORT
1867 06 21 08 00  45.94   -0.96 1018.6        ROCHEFORT
1867 06 22 08 00  45.94   -0.96 1013.2        ROCHEFORT
1867 06 23 08 00  45.94   -0.96 1014.6        ROCHEFORT
1867 06 24 08 00  45.94   -0.96 1020.0        ROCHEFORT
1867 06 25 08 00  45.94   -0.96 1034.5        ROCHEFORT
1867 06 26 08 00  45.94   -0.96 1028.1        ROCHEFORT
1867 06 27 08 00  45.94   -0.96 1029.1        ROCHEFORT
1867 06 28 08 00  45.94   -0.96 1023.4        ROCHEFORT
1867 06 29 08 00  45.94   -0.96 1015.9        ROCHEFORT
1867 06 01 08 00  50.38   -4.14 1019.0         PLYMOUTH
1867 06 02 08 00  50.38   -4.14 1016.9         PLYMOUTH
1867 06 03 08 00  50.38   -4.14 1012.5         PLYMOUTH
1867 06 04 08 00  50.38   -4.14 1017.9         PLYMOUTH
1867 06 05 08 00  50.38   -4.14 1012.2         PLYMOUTH
1867 06 06 08 00  50.38   -4.14 1008.1         PLYMOUTH
1867 06 07 08 00  50.38   -4.14 1008.5         PLYMOUTH
1867 06 08 08 00  50.38   -4.14 1021.3         PLYMOUTH
1867 06 09 08 00  50.38   -4.14 1024.7         PLYMOUTH
1867 06 10 08 00  50.38   -4.14 1026.4         PLYMOUTH
1867 06 11 08 00  50.38   -4.14 1024.4         PLYMOUTH
1867 06 12 08 00  50.38   -4.14 1021.3         PLYMOUTH
1867 06 13 08 00  50.38   -4.14 1021.7         PLYMOUTH
1867 06 14 08 00  50.38   -4.14 1014.6         PLYMOUTH
1867 06 15 08 00  50.38   -4.14 1019.0         PLYMOUTH
1867 06 16 08 00  50.38   -4.14 1022.7         PLYMOUTH
1867 06 17 08 00  50.38   -4.14 1023.0         PLYMOUTH
1867 06 18 08 00  50.38   -4.14 1021.3         PLYMOUTH
1867 06 19 08 00  50.38   -4.14 1016.3         PLYMOUTH
1867 06 20 08 00  50.38   -4.14 1016.3         PLYMOUTH
1867 06 21 08 00  50.38   -4.14 1020.3         PLYMOUTH
1867 06 22 08 00  50.38   -4.14 1021.7         PLYMOUTH
1867 06 23 08 00  50.38   -4.14 1018.3         PLYMOUTH
1867 06 24 08 00  50.38   -4.14 1018.6         PLYMOUTH
1867 06 25 08 00  50.38   -4.14 1024.7         PLYMOUTH
1867 06 26 08 00  50.38   -4.14 1033.2         PLYMOUTH
1867 06 27 08 00  50.38   -4.14 1035.9         PLYMOUTH
1867 06 28 08 00  50.38   -4.14 1035.6         PLYMOUTH
1867 06 29 08 00  50.38   -4.14 1032.8         PLYMOUTH
1867 06 30 08 00  50.38   -4.14 1019.0         PLYMOUTH
1867 06 01 08 00  48.39   -4.49 1021.3            BREST
1867 06 02 08 00  48.39   -4.49 1018.6            BREST
1867 06 03 08 00  48.39   -4.49 1015.9            BREST
1867 06 04 08 00  48.39   -4.49 1022.7            BREST
1867 06 05 08 00  48.39   -4.49 1017.3            BREST
1867 06 06 08 00  48.39   -4.49 1011.9            BREST
1867 06 07 08 00  48.39   -4.49 1013.2            BREST
1867 06 08 08 00  48.39   -4.49 1024.0            BREST
1867 06 09 08 00  48.39   -4.49 1025.4            BREST
1867 06 10 08 00  48.39   -4.49 1026.8            BREST
1867 06 11 08 00  48.39   -4.49 1022.7            BREST
1867 06 12 08 00  48.39   -4.49 1024.0            BREST
1867 06 13 08 00  48.39   -4.49 1024.0            BREST
1867 06 14 08 00  48.39   -4.49 1017.3            BREST
1867 06 15 08 00  48.39   -4.49 1020.0            BREST
1867 06 16 08 00  48.39   -4.49 1022.7            BREST
1867 06 17 08 00  48.39   -4.49 1025.4            BREST
1867 06 18 08 00  48.39   -4.49 1020.0            BREST
1867 06 19 08 00  48.39   -4.49 1014.6            BREST
1867 06 20 08 00  48.39   -4.49 1013.2            BREST
1867 06 21 08 00  48.39   -4.49 1021.3            BREST
1867 06 22 08 00  48.39   -4.49 1018.6            BREST
1867 06 23 08 00  48.39   -4.49 1020.0            BREST
1867 06 24 08 00  48.39   -4.49 1025.4            BREST
1867 06 25 08 00  48.39   -4.49 1031.8            BREST
1867 06 26 08 00  48.39   -4.49 1034.5            BREST
1867 06 27 08 00  48.39   -4.49 1034.5            BREST
1867 06 28 08 00  48.39   -4.49 1030.5            BREST
1867 06 29 08 00  48.39   -4.49 1018.6            BREST
1867 06 01 08 00  55.20   -6.99 1011.2      GREENCASTLE
1867 06 02 08 00  55.20   -6.99 1013.5      GREENCASTLE
1867 06 03 08 00  55.20   -6.99 1012.9      GREENCASTLE
1867 06 04 08 00  55.20   -6.99 1012.5      GREENCASTLE
1867 06 05 08 00  55.20   -6.99  997.3      GREENCASTLE
1867 06 06 08 00  55.20   -6.99  995.6      GREENCASTLE
1867 06 07 08 00  55.20   -6.99 1005.4      GREENCASTLE
1867 06 08 08 00  55.20   -6.99 1011.5      GREENCASTLE
1867 06 09 08 00  55.20   -6.99 1017.6      GREENCASTLE
1867 06 10 08 00  55.20   -6.99 1021.0      GREENCASTLE
1867 06 11 08 00  55.20   -6.99 1021.3      GREENCASTLE
1867 06 12 08 00  55.20   -6.99 1017.3      GREENCASTLE
1867 06 13 08 00  55.20   -6.99 1015.9      GREENCASTLE
1867 06 14 08 00  55.20   -6.99 1012.5      GREENCASTLE
1867 06 15 08 00  55.20   -6.99 1021.0      GREENCASTLE
1867 06 16 08 00  55.20   -6.99 1024.4      GREENCASTLE
1867 06 17 08 00  55.20   -6.99 1022.7      GREENCASTLE
1867 06 18 08 00  55.20   -6.99 1021.0      GREENCASTLE
1867 06 19 08 00  55.20   -6.99 1019.3      GREENCASTLE
1867 06 20 08 00  55.20   -6.99 1021.0      GREENCASTLE
1867 06 21 08 00  55.20   -6.99 1023.7      GREENCASTLE
1867 06 22 08 00  55.20   -6.99 1021.3      GREENCASTLE
1867 06 23 08 00  55.20   -6.99 1018.3      GREENCASTLE
1867 06 24 08 00  55.20   -6.99 1019.6      GREENCASTLE
1867 06 25 08 00  55.20   -6.99 1027.8      GREENCASTLE
1867 06 26 08 00  55.20   -6.99 1036.6      GREENCASTLE
1867 06 27 08 00  55.20   -6.99 1038.9      GREENCASTLE
1867 06 28 08 00  55.20   -6.99 1039.6      GREENCASTLE
1867 06 29 08 00  55.20   -6.99 1033.2      GREENCASTLE
1867 06 30 08 00  55.20   -6.99 1018.3      GREENCASTLE
