1874 10 01 08 00  36.75    3.06 1014.5          ALGIERS
1874 10 02 08 00  36.75    3.06 1018.1          ALGIERS
1874 10 03 08 00  36.75    3.06 1018.1          ALGIERS
1874 10 04 08 00  36.75    3.06 1015.6          ALGIERS
1874 10 05 08 00  36.75    3.06 1012.7          ALGIERS
1874 10 06 08 00  36.75    3.06 1015.9          ALGIERS
1874 10 07 08 00  36.75    3.06 1015.6          ALGIERS
1874 10 08 08 00  36.75    3.06 1016.9          ALGIERS
1874 10 09 08 00  36.75    3.06 1018.4          ALGIERS
1874 10 10 08 00  36.75    3.06 1018.5          ALGIERS
1874 10 11 08 00  36.75    3.06 1020.4          ALGIERS
1874 10 12 08 00  36.75    3.06 1018.6          ALGIERS
1874 10 13 08 00  36.75    3.06 1019.2          ALGIERS
1874 10 14 08 00  36.75    3.06 1014.3          ALGIERS
1874 10 15 08 00  36.75    3.06 1009.9          ALGIERS
1874 10 16 08 00  36.75    3.06 1004.5          ALGIERS
1874 10 17 08 00  36.75    3.06 1012.9          ALGIERS
1874 10 18 08 00  36.75    3.06 1014.1          ALGIERS
1874 10 19 08 00  36.75    3.06 1014.4          ALGIERS
1874 10 20 08 00  36.75    3.06 1012.9          ALGIERS
1874 10 21 08 00  36.75    3.06 1019.7          ALGIERS
1874 10 22 08 00  36.75    3.06 1018.2          ALGIERS
1874 10 23 08 00  36.75    3.06 1014.1          ALGIERS
1874 10 24 08 00  36.75    3.06 1017.1          ALGIERS
1874 10 25 08 00  36.75    3.06 1023.8          ALGIERS
1874 10 27 08 00  36.75    3.06 1022.4          ALGIERS
1874 10 28 08 00  36.75    3.06 1019.4          ALGIERS
1874 10 30 08 00  36.75    3.06 1018.1          ALGIERS
1874 10 31 08 00  36.75    3.06 1019.2          ALGIERS
1874 10 01 08 00  30.51   47.78 1011.1            BASRA
1874 10 02 08 00  30.51   47.78 1011.3            BASRA
1874 10 03 08 00  30.51   47.78 1011.5            BASRA
1874 10 04 08 00  30.51   47.78 1011.5            BASRA
1874 10 05 08 00  30.51   47.78 1010.8            BASRA
1874 10 06 08 00  30.51   47.78 1012.9            BASRA
1874 10 07 08 00  30.51   47.78 1015.5            BASRA
1874 10 08 08 00  30.51   47.78 1015.6            BASRA
1874 10 09 08 00  30.51   47.78 1012.8            BASRA
1874 10 10 08 00  30.51   47.78 1012.7            BASRA
1874 10 11 08 00  30.51   47.78 1012.8            BASRA
1874 10 12 08 00  30.51   47.78 1012.9            BASRA
1874 10 13 08 00  30.51   47.78 1012.8            BASRA
1874 10 14 08 00  30.51   47.78 1012.9            BASRA
1874 10 15 08 00  30.51   47.78 1012.1            BASRA
1874 10 16 08 00  30.51   47.78 1012.8            BASRA
1874 10 17 08 00  30.51   47.78 1011.2            BASRA
1874 10 18 08 00  30.51   47.78 1011.1            BASRA
1874 10 19 08 00  30.51   47.78 1012.7            BASRA
1874 10 20 08 00  30.51   47.78 1015.2            BASRA
1874 10 21 08 00  30.51   47.78 1012.8            BASRA
1874 10 22 08 00  30.51   47.78 1010.8            BASRA
1874 10 23 08 00  30.51   47.78 1012.5            BASRA
1874 10 24 08 00  30.51   47.78 1014.3            BASRA
1874 10 25 08 00  30.51   47.78 1016.9            BASRA
1874 10 26 08 00  30.51   47.78 1015.9            BASRA
1874 10 27 08 00  30.51   47.78 1013.7            BASRA
1874 10 28 08 00  30.51   47.78 1014.8            BASRA
1874 10 29 08 00  30.51   47.78 1017.5            BASRA
1874 10 30 08 00  30.51   47.78 1018.8            BASRA
1874 10 31 08 00  30.51   47.78 1017.3            BASRA
1874 10 01 08 00  31.51   -9.76 1017.5          MOGADOR
1874 10 02 08 00  31.51   -9.76 1018.8          MOGADOR
1874 10 03 08 00  31.51   -9.76 1017.5          MOGADOR
1874 10 04 08 00  31.51   -9.76 1017.5          MOGADOR
1874 10 05 08 00  31.51   -9.76 1016.1          MOGADOR
1874 10 06 08 00  31.51   -9.76 1017.5          MOGADOR
1874 10 07 08 00  31.51   -9.76 1017.5          MOGADOR
1874 10 08 08 00  31.51   -9.76 1016.1          MOGADOR
1874 10 09 08 00  31.51   -9.76 1013.5          MOGADOR
1874 10 10 08 00  31.51   -9.76 1012.1          MOGADOR
1874 10 11 08 00  31.51   -9.76 1013.5          MOGADOR
1874 10 12 08 00  31.51   -9.76 1018.8          MOGADOR
1874 10 13 08 00  31.51   -9.76 1016.1          MOGADOR
1874 10 14 08 00  31.51   -9.76 1016.1          MOGADOR
1874 10 15 08 00  31.51   -9.76 1013.5          MOGADOR
1874 10 16 08 00  31.51   -9.76 1012.1          MOGADOR
1874 10 17 08 00  31.51   -9.76 1016.1          MOGADOR
1874 10 18 08 00  31.51   -9.76 1018.8          MOGADOR
1874 10 19 08 00  31.51   -9.76 1017.5          MOGADOR
1874 10 20 08 00  31.51   -9.76 1016.1          MOGADOR
1874 10 21 08 00  31.51   -9.76 1014.8          MOGADOR
1874 10 22 08 00  31.51   -9.76 1018.8          MOGADOR
1874 10 23 08 00  31.51   -9.76 1017.5          MOGADOR
1874 10 24 08 00  31.51   -9.76 1014.8          MOGADOR
1874 10 25 08 00  31.51   -9.76 1017.5          MOGADOR
1874 10 26 08 00  31.51   -9.76 1017.5          MOGADOR
1874 10 27 08 00  31.51   -9.76 1017.5          MOGADOR
1874 10 28 08 00  31.51   -9.76 1014.8          MOGADOR
1874 10 29 08 00  31.51   -9.76 1012.1          MOGADOR
1874 10 30 08 00  31.51   -9.76 1012.1          MOGADOR
1874 10 31 08 00  31.51   -9.76 1010.8          MOGADOR
1874 10 01 08 00  38.66  -27.23 1025.4            ANGRA
1874 10 02 08 00  38.66  -27.23 1026.8            ANGRA
1874 10 03 08 00  38.66  -27.23 1025.4            ANGRA
1874 10 04 08 00  38.66  -27.23 1022.8            ANGRA
1874 10 05 08 00  38.66  -27.23 1024.1            ANGRA
1874 10 06 08 00  38.66  -27.23 1022.8            ANGRA
1874 10 07 08 00  38.66  -27.23 1021.4            ANGRA
1874 10 08 08 00  38.66  -27.23 1016.1            ANGRA
1874 10 09 08 00  38.66  -27.23 1018.8            ANGRA
1874 10 10 08 00  38.66  -27.23 1021.4            ANGRA
1874 10 11 08 00  38.66  -27.23 1020.1            ANGRA
1874 10 12 08 00  38.66  -27.23 1014.8            ANGRA
1874 10 13 08 00  38.66  -27.23 1017.5            ANGRA
1874 10 14 08 00  38.66  -27.23 1018.8            ANGRA
1874 10 15 08 00  38.66  -27.23 1020.1            ANGRA
1874 10 16 08 00  38.66  -27.23 1018.8            ANGRA
1874 10 17 08 00  38.66  -27.23 1018.8            ANGRA
1874 10 18 08 00  38.66  -27.23 1024.1            ANGRA
1874 10 19 08 00  38.66  -27.23 1029.4            ANGRA
1874 10 20 08 00  38.66  -27.23 1034.7            ANGRA
1874 10 21 08 00  38.66  -27.23 1033.4            ANGRA
1874 10 22 08 00  38.66  -27.23 1026.8            ANGRA
1874 10 23 08 00  38.66  -27.23 1022.8            ANGRA
1874 10 24 08 00  38.66  -27.23 1018.8            ANGRA
1874 10 25 08 00  38.66  -27.23 1013.5            ANGRA
1874 10 26 08 00  38.66  -27.23 1020.1            ANGRA
1874 10 27 08 00  38.66  -27.23 1021.4            ANGRA
1874 10 28 08 00  38.66  -27.23 1008.1            ANGRA
1874 10 29 08 00  38.66  -27.23 1008.1            ANGRA
1874 10 30 08 00  38.66  -27.23 1013.5            ANGRA
1874 10 31 08 00  38.66  -27.23 1005.5            ANGRA
1874 10 01 08 00  38.72   -9.14 1018.8           LISBON
1874 10 02 08 00  38.72   -9.14 1023.8           LISBON
1874 10 03 08 00  38.72   -9.14 1023.7           LISBON
1874 10 04 08 00  38.72   -9.14 1018.4           LISBON
1874 10 05 08 00  38.72   -9.14 1018.0           LISBON
1874 10 06 08 00  38.72   -9.14 1019.0           LISBON
1874 10 07 08 00  38.72   -9.14 1017.5           LISBON
1874 10 08 08 00  38.72   -9.14 1017.5           LISBON
1874 10 09 08 00  38.72   -9.14 1019.6           LISBON
1874 10 10 08 00  38.72   -9.14 1019.4           LISBON
1874 10 11 08 00  38.72   -9.14 1019.8           LISBON
1874 10 12 08 00  38.72   -9.14 1016.7           LISBON
1874 10 13 08 00  38.72   -9.14 1014.0           LISBON
1874 10 14 08 00  38.72   -9.14 1012.5           LISBON
1874 10 15 08 00  38.72   -9.14 1002.3           LISBON
1874 10 16 08 00  38.72   -9.14 1008.9           LISBON
1874 10 17 08 00  38.72   -9.14 1018.8           LISBON
1874 10 18 08 00  38.72   -9.14 1020.9           LISBON
1874 10 19 08 00  38.72   -9.14 1017.1           LISBON
1874 10 20 08 00  38.72   -9.14 1019.3           LISBON
1874 10 21 08 00  38.72   -9.14 1021.0           LISBON
1874 10 22 08 00  38.72   -9.14 1022.0           LISBON
1874 10 23 08 00  38.72   -9.14 1020.5           LISBON
1874 10 24 08 00  38.72   -9.14 1021.4           LISBON
1874 10 25 08 00  38.72   -9.14 1020.2           LISBON
1874 10 26 08 00  38.72   -9.14 1022.0           LISBON
1874 10 27 08 00  38.72   -9.14 1022.1           LISBON
1874 10 28 08 00  38.72   -9.14 1021.4           LISBON
1874 10 29 08 00  38.72   -9.14 1018.1           LISBON
1874 10 30 08 00  38.72   -9.14 1014.5           LISBON
1874 10 31 08 00  38.72   -9.14 1013.6           LISBON
1874 10 01 08 00  57.20   -2.20  998.6         ABERDEEN
1874 10 02 08 00  57.20   -2.20  974.6         ABERDEEN
1874 10 03 08 00  57.20   -2.20  968.5         ABERDEEN
1874 10 04 08 00  57.20   -2.20  982.4         ABERDEEN
1874 10 05 08 00  57.20   -2.20 1004.1         ABERDEEN
1874 10 06 08 00  57.20   -2.20  995.3         ABERDEEN
1874 10 07 08 00  57.20   -2.20  981.7         ABERDEEN
1874 10 08 08 00  57.20   -2.20 1008.8         ABERDEEN
1874 10 09 08 00  57.20   -2.20  999.0         ABERDEEN
1874 10 10 08 00  57.20   -2.20 1004.1         ABERDEEN
1874 10 11 08 00  57.20   -2.20 1006.8         ABERDEEN
1874 10 12 08 00  57.20   -2.20 1013.2         ABERDEEN
1874 10 13 08 00  57.20   -2.20 1009.5         ABERDEEN
1874 10 14 08 00  57.20   -2.20 1011.2         ABERDEEN
1874 10 15 08 00  57.20   -2.20  994.2         ABERDEEN
1874 10 16 08 00  57.20   -2.20  999.7         ABERDEEN
1874 10 17 08 00  57.20   -2.20  997.3         ABERDEEN
1874 10 18 08 00  57.20   -2.20 1001.0         ABERDEEN
1874 10 19 08 00  57.20   -2.20  998.3         ABERDEEN
1874 10 20 08 00  57.20   -2.20 1008.5         ABERDEEN
1874 10 21 08 00  57.20   -2.20  961.1         ABERDEEN
1874 10 22 08 00  57.20   -2.20  993.9         ABERDEEN
1874 10 23 08 00  57.20   -2.20 1010.2         ABERDEEN
1874 10 24 08 00  57.20   -2.20 1010.2         ABERDEEN
1874 10 25 08 00  57.20   -2.20  991.2         ABERDEEN
1874 10 26 08 00  57.20   -2.20 1014.9         ABERDEEN
1874 10 27 08 00  57.20   -2.20 1007.8         ABERDEEN
1874 10 28 08 00  57.20   -2.20 1020.0         ABERDEEN
1874 10 29 08 00  57.20   -2.20 1022.7         ABERDEEN
1874 10 30 08 00  57.20   -2.20 1029.5         ABERDEEN
1874 10 31 08 00  57.20   -2.20 1030.5         ABERDEEN
1874 10 01 08 00  45.94   -0.96 1001.7        ROCHEFORT
1874 10 02 08 00  45.94   -0.96 1013.2        ROCHEFORT
1874 10 03 08 00  45.94   -0.96 1007.5        ROCHEFORT
1874 10 04 08 00  45.94   -0.96 1006.8        ROCHEFORT
1874 10 05 08 00  45.94   -0.96 1017.6        ROCHEFORT
1874 10 06 08 00  45.94   -0.96 1021.7        ROCHEFORT
1874 10 07 08 00  45.94   -0.96 1008.1        ROCHEFORT
1874 10 08 08 00  45.94   -0.96 1012.9        ROCHEFORT
1874 10 09 08 00  45.94   -0.96 1017.3        ROCHEFORT
1874 10 10 08 00  45.94   -0.96 1024.0        ROCHEFORT
1874 10 11 08 00  45.94   -0.96 1022.7        ROCHEFORT
1874 10 12 08 00  45.94   -0.96 1020.3        ROCHEFORT
1874 10 13 08 00  45.94   -0.96 1014.6        ROCHEFORT
1874 10 14 08 00  45.94   -0.96 1011.2        ROCHEFORT
1874 10 15 08 00  45.94   -0.96 1002.7        ROCHEFORT
1874 10 16 08 00  45.94   -0.96 1003.4        ROCHEFORT
1874 10 17 08 00  45.94   -0.96 1015.2        ROCHEFORT
1874 10 18 08 00  45.94   -0.96 1020.0        ROCHEFORT
1874 10 19 08 00  45.94   -0.96 1015.9        ROCHEFORT
1874 10 20 08 00  45.94   -0.96 1023.7        ROCHEFORT
1874 10 21 08 00  45.94   -0.96 1024.0        ROCHEFORT
1874 10 22 08 00  45.94   -0.96 1015.6        ROCHEFORT
1874 10 23 08 00  45.94   -0.96 1013.2        ROCHEFORT
1874 10 24 08 00  45.94   -0.96 1024.0        ROCHEFORT
1874 10 25 08 00  45.94   -0.96 1024.0        ROCHEFORT
1874 10 26 08 00  45.94   -0.96 1023.7        ROCHEFORT
1874 10 27 08 00  45.94   -0.96 1019.6        ROCHEFORT
1874 10 28 08 00  45.94   -0.96 1018.3        ROCHEFORT
1874 10 29 08 00  45.94   -0.96 1017.6        ROCHEFORT
1874 10 30 08 00  45.94   -0.96 1021.0        ROCHEFORT
1874 10 31 08 00  45.94   -0.96 1019.6        ROCHEFORT
1874 10 01 08 00  51.80   -8.30 1002.0      ROCHESPOINT
1874 10 02 08 00  51.80   -8.30  993.2      ROCHESPOINT
1874 10 03 08 00  51.80   -8.30  998.0      ROCHESPOINT
1874 10 04 08 00  51.80   -8.30  998.0      ROCHESPOINT
1874 10 05 08 00  51.80   -8.30 1015.2      ROCHESPOINT
1874 10 06 08 00  51.80   -8.30 1002.0      ROCHESPOINT
1874 10 07 08 00  51.80   -8.30  993.2      ROCHESPOINT
1874 10 08 08 00  51.80   -8.30 1009.8      ROCHESPOINT
1874 10 09 08 00  51.80   -8.30 1005.8      ROCHESPOINT
1874 10 10 08 00  51.80   -8.30 1010.8      ROCHESPOINT
1874 10 11 08 00  51.80   -8.30 1026.1      ROCHESPOINT
1874 10 12 08 00  51.80   -8.30 1015.6      ROCHESPOINT
1874 10 13 08 00  51.80   -8.30 1011.5      ROCHESPOINT
1874 10 14 08 00  51.80   -8.30 1008.1      ROCHESPOINT
1874 10 15 08 00  51.80   -8.30  990.2      ROCHESPOINT
1874 10 16 08 00  51.80   -8.30 1006.8      ROCHESPOINT
1874 10 17 08 00  51.80   -8.30 1001.4      ROCHESPOINT
1874 10 18 08 00  51.80   -8.30 1007.5      ROCHESPOINT
1874 10 19 08 00  51.80   -8.30 1008.1      ROCHESPOINT
1874 10 20 08 00  51.80   -8.30 1023.4      ROCHESPOINT
1874 10 21 08 00  51.80   -8.30 1004.7      ROCHESPOINT
1874 10 22 08 00  51.80   -8.30 1009.1      ROCHESPOINT
1874 10 23 08 00  51.80   -8.30 1018.6      ROCHESPOINT
1874 10 24 08 00  51.80   -8.30 1013.2      ROCHESPOINT
1874 10 25 08 00  51.80   -8.30 1009.8      ROCHESPOINT
1874 10 26 08 00  51.80   -8.30 1012.9      ROCHESPOINT
1874 10 27 08 00  51.80   -8.30 1011.2      ROCHESPOINT
1874 10 28 08 00  51.80   -8.30 1020.0      ROCHESPOINT
1874 10 29 08 00  51.80   -8.30 1021.0      ROCHESPOINT
1874 10 30 08 00  51.80   -8.30 1025.7      ROCHESPOINT
1874 10 31 08 00  51.80   -8.30 1026.8      ROCHESPOINT
1874 10 01 08 00  50.38   -4.14  995.9         PLYMOUTH
1874 10 02 08 00  50.38   -4.14  995.9         PLYMOUTH
1874 10 03 08 00  50.38   -4.14  999.3         PLYMOUTH
1874 10 04 08 00  50.38   -4.14  992.9         PLYMOUTH
1874 10 05 08 00  50.38   -4.14 1015.2         PLYMOUTH
1874 10 06 08 00  50.38   -4.14 1013.5         PLYMOUTH
1874 10 07 08 00  50.38   -4.14  992.2         PLYMOUTH
1874 10 08 08 00  50.38   -4.14 1014.6         PLYMOUTH
1874 10 09 08 00  50.38   -4.14 1009.1         PLYMOUTH
1874 10 10 08 00  50.38   -4.14 1018.3         PLYMOUTH
1874 10 11 08 00  50.38   -4.14 1021.0         PLYMOUTH
1874 10 12 08 00  50.38   -4.14 1021.0         PLYMOUTH
1874 10 13 08 00  50.38   -4.14 1012.2         PLYMOUTH
1874 10 14 08 00  50.38   -4.14 1010.8         PLYMOUTH
1874 10 15 08 00  50.38   -4.14  993.6         PLYMOUTH
1874 10 16 08 00  50.38   -4.14 1007.1         PLYMOUTH
1874 10 17 08 00  50.38   -4.14 1010.2         PLYMOUTH
1874 10 18 08 00  50.38   -4.14 1014.6         PLYMOUTH
1874 10 19 08 00  50.38   -4.14 1012.5         PLYMOUTH
1874 10 20 08 00  50.38   -4.14 1026.1         PLYMOUTH
1874 10 21 08 00  50.38   -4.14 1012.5         PLYMOUTH
1874 10 22 08 00  50.38   -4.14 1011.2         PLYMOUTH
1874 10 23 08 00  50.38   -4.14 1016.9         PLYMOUTH
1874 10 24 08 00  50.38   -4.14 1020.0         PLYMOUTH
1874 10 25 08 00  50.38   -4.14 1013.5         PLYMOUTH
1874 10 26 08 00  50.38   -4.14 1019.3         PLYMOUTH
1874 10 27 08 00  50.38   -4.14 1015.2         PLYMOUTH
1874 10 28 08 00  50.38   -4.14 1015.2         PLYMOUTH
1874 10 29 08 00  50.38   -4.14 1015.6         PLYMOUTH
1874 10 30 08 00  50.38   -4.14 1021.7         PLYMOUTH
1874 10 31 08 00  50.38   -4.14 1022.4         PLYMOUTH
1874 10 01 08 00  41.90   12.50 1017.3             ROME
1874 10 02 08 00  41.90   12.50 1015.1             ROME
1874 10 03 08 00  41.90   12.50 1010.8             ROME
1874 10 04 08 00  41.90   12.50 1008.3             ROME
1874 10 05 08 00  41.90   12.50 1012.7             ROME
1874 10 06 08 00  41.90   12.50 1012.9             ROME
1874 10 07 08 00  41.90   12.50 1012.4             ROME
1874 10 08 08 00  41.90   12.50 1018.0             ROME
1874 10 09 08 00  41.90   12.50 1018.5             ROME
1874 10 10 08 00  41.90   12.50 1021.0             ROME
1874 10 11 08 00  41.90   12.50 1020.4             ROME
1874 10 12 08 00  41.90   12.50 1019.6             ROME
1874 10 13 08 00  41.90   12.50 1018.9             ROME
1874 10 14 08 00  41.90   12.50 1018.2             ROME
1874 10 15 08 00  41.90   12.50 1016.7             ROME
1874 10 16 08 00  41.90   12.50 1012.8             ROME
1874 10 17 08 00  41.90   12.50 1021.4             ROME
1874 10 18 08 00  41.90   12.50 1022.6             ROME
1874 10 19 08 00  41.90   12.50 1021.4             ROME
1874 10 20 08 00  41.90   12.50 1018.0             ROME
1874 10 21 08 00  41.90   12.50 1016.1             ROME
1874 10 22 08 00  41.90   12.50 1008.1             ROME
1874 10 23 08 00  41.90   12.50 1001.6             ROME
1874 10 24 08 00  41.90   12.50 1008.1             ROME
1874 10 25 08 00  41.90   12.50 1022.5             ROME
1874 10 26 08 00  41.90   12.50 1024.6             ROME
1874 10 27 08 00  41.90   12.50 1023.7             ROME
1874 10 28 08 00  41.90   12.50 1019.6             ROME
1874 10 29 08 00  41.90   12.50 1018.1             ROME
1874 10 30 08 00  41.90   12.50 1017.6             ROME
1874 10 01 08 00  48.39   -4.49  994.6            BREST
1874 10 02 08 00  48.39   -4.49 1003.0            BREST
1874 10 03 08 00  48.39   -4.49 1006.4            BREST
1874 10 04 08 00  48.39   -4.49 1000.3            BREST
1874 10 05 08 00  48.39   -4.49 1017.9            BREST
1874 10 06 08 00  48.39   -4.49 1018.6            BREST
1874 10 07 08 00  48.39   -4.49  998.3            BREST
1874 10 08 08 00  48.39   -4.49 1016.6            BREST
1874 10 09 08 00  48.39   -4.49 1011.9            BREST
1874 10 10 08 00  48.39   -4.49 1021.7            BREST
1874 10 11 08 00  48.39   -4.49 1024.0            BREST
1874 10 12 08 00  48.39   -4.49 1021.3            BREST
1874 10 13 08 00  48.39   -4.49 1014.2            BREST
1874 10 14 08 00  48.39   -4.49 1011.9            BREST
1874 10 15 08 00  48.39   -4.49  996.3            BREST
1874 10 16 08 00  48.39   -4.49 1008.5            BREST
1874 10 17 08 00  48.39   -4.49 1013.9            BREST
1874 10 18 08 00  48.39   -4.49 1018.3            BREST
1874 10 19 08 00  48.39   -4.49 1015.9            BREST
1874 10 20 08 00  48.39   -4.49 1028.4            BREST
1874 10 21 08 00  48.39   -4.49 1021.7            BREST
1874 10 22 08 00  48.39   -4.49 1017.3            BREST
1874 10 23 08 00  48.39   -4.49 1017.3            BREST
1874 10 24 08 00  48.39   -4.49 1021.3            BREST
1874 10 25 08 00  48.39   -4.49 1017.9            BREST
1874 10 26 08 00  48.39   -4.49 1021.0            BREST
1874 10 27 08 00  48.39   -4.49 1016.3            BREST
1874 10 28 08 00  48.39   -4.49 1016.6            BREST
1874 10 29 08 00  48.39   -4.49 1016.3            BREST
1874 10 30 08 00  48.39   -4.49 1022.4            BREST
1874 10 31 08 00  48.39   -4.49 1021.0            BREST
1874 10 25 08 00  45.76    4.84 1018.8            LYONS
1874 10 01 08 00  43.12    5.93 1016.3           TOULON
1874 10 02 08 00  43.12    5.93 1014.2           TOULON
1874 10 03 08 00  43.12    5.93 1012.5           TOULON
1874 10 04 08 00  43.12    5.93 1012.9           TOULON
1874 10 05 08 00  43.12    5.93 1014.2           TOULON
1874 10 06 08 00  43.12    5.93 1015.9           TOULON
1874 10 07 08 00  43.12    5.93 1017.6           TOULON
1874 10 08 08 00  43.12    5.93 1015.6           TOULON
1874 10 09 08 00  43.12    5.93 1022.0           TOULON
1874 10 10 08 00  43.12    5.93 1023.7           TOULON
1874 10 11 08 00  43.12    5.93 1014.2           TOULON
1874 10 12 08 00  43.12    5.93 1023.7           TOULON
1874 10 13 08 00  43.12    5.93 1023.7           TOULON
1874 10 14 08 00  43.12    5.93 1020.3           TOULON
1874 10 15 08 00  43.12    5.93 1013.5           TOULON
1874 10 16 08 00  43.12    5.93 1007.8           TOULON
1874 10 17 08 00  43.12    5.93 1019.6           TOULON
1874 10 18 08 00  43.12    5.93 1022.4           TOULON
1874 10 19 08 00  43.12    5.93 1022.4           TOULON
1874 10 20 08 00  43.12    5.93 1016.9           TOULON
1874 10 21 08 00  43.12    5.93 1018.3           TOULON
1874 10 22 08 00  43.12    5.93 1011.9           TOULON
1874 10 23 08 00  43.12    5.93 1009.5           TOULON
1874 10 24 08 00  43.12    5.93 1016.6           TOULON
1874 10 25 08 00  43.12    5.93 1027.8           TOULON
1874 10 26 08 00  43.12    5.93 1029.8           TOULON
1874 10 27 08 00  43.12    5.93 1028.1           TOULON
1874 10 28 08 00  43.12    5.93 1022.7           TOULON
1874 10 29 08 00  43.12    5.93 1021.0           TOULON
1874 10 30 08 00  43.12    5.93 1020.0           TOULON
1874 10 31 08 00  43.12    5.93 1022.4           TOULON
1874 10 01 08 00  33.31   44.36 1017.5          BAGHDAD
1874 10 02 08 00  33.31   44.36 1018.8          BAGHDAD
1874 10 03 08 00  33.31   44.36 1018.8          BAGHDAD
1874 10 04 08 00  33.31   44.36 1018.8          BAGHDAD
1874 10 05 08 00  33.31   44.36 1017.5          BAGHDAD
1874 10 06 08 00  33.31   44.36 1020.1          BAGHDAD
1874 10 07 08 00  33.31   44.36 1024.1          BAGHDAD
1874 10 08 08 00  33.31   44.36 1022.8          BAGHDAD
1874 10 09 08 00  33.31   44.36 1022.8          BAGHDAD
1874 10 10 08 00  33.31   44.36 1018.8          BAGHDAD
1874 10 11 08 00  33.31   44.36 1018.8          BAGHDAD
1874 10 12 08 00  33.31   44.36 1018.8          BAGHDAD
1874 10 13 08 00  33.31   44.36 1020.1          BAGHDAD
1874 10 14 08 00  33.31   44.36 1020.1          BAGHDAD
1874 10 15 08 00  33.31   44.36 1022.8          BAGHDAD
1874 10 16 08 00  33.31   44.36 1024.1          BAGHDAD
1874 10 17 08 00  33.31   44.36 1020.1          BAGHDAD
1874 10 18 08 00  33.31   44.36 1018.8          BAGHDAD
1874 10 19 08 00  33.31   44.36 1022.8          BAGHDAD
1874 10 20 08 00  33.31   44.36 1024.1          BAGHDAD
1874 10 21 08 00  33.31   44.36 1025.4          BAGHDAD
1874 10 22 08 00  33.31   44.36 1022.8          BAGHDAD
1874 10 23 08 00  33.31   44.36 1022.8          BAGHDAD
1874 10 24 08 00  33.31   44.36 1021.4          BAGHDAD
1874 10 25 08 00  33.31   44.36 1025.4          BAGHDAD
1874 10 26 08 00  33.31   44.36 1026.8          BAGHDAD
1874 10 27 08 00  33.31   44.36 1022.8          BAGHDAD
1874 10 28 08 00  33.31   44.36 1022.8          BAGHDAD
1874 10 29 08 00  33.31   44.36 1024.1          BAGHDAD
1874 10 30 08 00  33.31   44.36 1025.4          BAGHDAD
1874 10 31 08 00  33.31   44.36 1025.4          BAGHDAD
1874 10 01 08 00  58.20   -6.30  990.9        STORNOWAY
1874 10 02 08 00  58.20   -6.30  969.6        STORNOWAY
1874 10 03 08 00  58.20   -6.30  965.6        STORNOWAY
1874 10 04 08 00  58.20   -6.30  982.9        STORNOWAY
1874 10 05 08 00  58.20   -6.30  997.5        STORNOWAY
1874 10 06 08 00  58.20   -6.30  978.9        STORNOWAY
1874 10 07 08 00  58.20   -6.30  974.9        STORNOWAY
1874 10 08 08 00  58.20   -6.30 1002.8        STORNOWAY
1874 10 09 08 00  58.20   -6.30  984.2        STORNOWAY
1874 10 10 08 00  58.20   -6.30  989.5        STORNOWAY
1874 10 11 08 00  58.20   -6.30  994.8        STORNOWAY
1874 10 12 08 00  58.20   -6.30 1004.2        STORNOWAY
1874 10 13 08 00  58.20   -6.30 1006.8        STORNOWAY
1874 10 14 08 00  58.20   -6.30  997.5        STORNOWAY
1874 10 15 08 00  58.20   -6.30  982.9        STORNOWAY
1874 10 16 08 00  58.20   -6.30  990.9        STORNOWAY
1874 10 17 08 00  58.20   -6.30  981.5        STORNOWAY
1874 10 18 08 00  58.20   -6.30  990.9        STORNOWAY
1874 10 19 08 00  58.20   -6.30  994.8        STORNOWAY
1874 10 20 08 00  58.20   -6.30  996.2        STORNOWAY
1874 10 21 08 00  58.20   -6.30  972.2        STORNOWAY
1874 10 22 08 00  58.20   -6.30  996.2        STORNOWAY
1874 10 23 08 00  58.20   -6.30 1006.8        STORNOWAY
1874 10 24 08 00  58.20   -6.30  997.5        STORNOWAY
1874 10 25 08 00  58.20   -6.30  984.2        STORNOWAY
1874 10 26 08 00  58.20   -6.30 1005.5        STORNOWAY
1874 10 27 08 00  58.20   -6.30 1026.8        STORNOWAY
1874 10 28 08 00  58.20   -6.30 1012.1        STORNOWAY
1874 10 29 08 00  58.20   -6.30 1018.8        STORNOWAY
1874 10 30 08 00  58.20   -6.30 1024.1        STORNOWAY
1874 10 31 08 00  58.20   -6.30 1024.1        STORNOWAY
1874 10 01 08 00  32.67  -16.92 1020.1          FUNCHAL
1874 10 02 08 00  32.67  -16.92 1022.8          FUNCHAL
1874 10 03 08 00  32.67  -16.92 1022.8          FUNCHAL
1874 10 04 08 00  32.67  -16.92 1018.8          FUNCHAL
1874 10 05 08 00  32.67  -16.92 1018.8          FUNCHAL
1874 10 06 08 00  32.67  -16.92 1021.4          FUNCHAL
1874 10 07 08 00  32.67  -16.92 1021.4          FUNCHAL
1874 10 08 08 00  32.67  -16.92 1018.8          FUNCHAL
1874 10 09 08 00  32.67  -16.92 1016.1          FUNCHAL
1874 10 10 08 00  32.67  -16.92 1016.1          FUNCHAL
1874 10 11 08 00  32.67  -16.92 1014.8          FUNCHAL
1874 10 12 08 00  32.67  -16.92 1016.1          FUNCHAL
1874 10 13 08 00  32.67  -16.92 1017.5          FUNCHAL
1874 10 14 08 00  32.67  -16.92 1017.5          FUNCHAL
1874 10 15 08 00  32.67  -16.92 1013.5          FUNCHAL
1874 10 16 08 00  32.67  -16.92 1017.5          FUNCHAL
1874 10 17 08 00  32.67  -16.92 1021.4          FUNCHAL
1874 10 18 08 00  32.67  -16.92 1024.1          FUNCHAL
1874 10 19 08 00  32.67  -16.92 1022.8          FUNCHAL
1874 10 20 08 00  32.67  -16.92 1022.8          FUNCHAL
1874 10 21 08 00  32.67  -16.92 1018.8          FUNCHAL
1874 10 22 08 00  32.67  -16.92 1017.5          FUNCHAL
1874 10 23 08 00  32.67  -16.92 1018.8          FUNCHAL
1874 10 24 08 00  32.67  -16.92 1016.1          FUNCHAL
1874 10 25 08 00  32.67  -16.92 1016.1          FUNCHAL
1874 10 26 08 00  32.67  -16.92 1020.1          FUNCHAL
1874 10 27 08 00  32.67  -16.92 1021.4          FUNCHAL
1874 10 28 08 00  32.67  -16.92 1017.5          FUNCHAL
1874 10 29 08 00  32.67  -16.92 1012.1          FUNCHAL
1874 10 30 08 00  32.67  -16.92 1008.1          FUNCHAL
1874 10 31 08 00  32.67  -16.92 1008.1          FUNCHAL
1874 10 01 08 00  33.89   35.50 1011.1           BEIRUT
1874 10 02 08 00  33.89   35.50 1010.8           BEIRUT
1874 10 03 08 00  33.89   35.50 1010.7           BEIRUT
1874 10 04 08 00  33.89   35.50 1010.4           BEIRUT
1874 10 05 08 00  33.89   35.50 1011.1           BEIRUT
1874 10 06 08 00  33.89   35.50 1011.6           BEIRUT
1874 10 07 08 00  33.89   35.50 1012.4           BEIRUT
1874 10 08 08 00  33.89   35.50 1010.4           BEIRUT
1874 10 09 08 00  33.89   35.50 1008.5           BEIRUT
1874 10 10 08 00  33.89   35.50 1007.6           BEIRUT
1874 10 11 08 00  33.89   35.50 1009.2           BEIRUT
1874 10 12 08 00  33.89   35.50 1010.4           BEIRUT
1874 10 13 08 00  33.89   35.50 1009.9           BEIRUT
1874 10 14 08 00  33.89   35.50 1011.2           BEIRUT
1874 10 15 08 00  33.89   35.50 1012.4           BEIRUT
1874 10 16 08 00  33.89   35.50 1014.0           BEIRUT
1874 10 17 08 00  33.89   35.50 1012.7           BEIRUT
1874 10 18 08 00  33.89   35.50 1010.8           BEIRUT
1874 10 19 08 00  33.89   35.50 1011.9           BEIRUT
1874 10 20 08 00  33.89   35.50 1012.9           BEIRUT
1874 10 21 08 00  33.89   35.50 1012.7           BEIRUT
1874 10 22 08 00  33.89   35.50 1008.4           BEIRUT
1874 10 23 08 00  33.89   35.50 1008.9           BEIRUT
1874 10 24 08 00  33.89   35.50 1012.0           BEIRUT
1874 10 25 08 00  33.89   35.50 1014.5           BEIRUT
1874 10 26 08 00  33.89   35.50 1013.1           BEIRUT
1874 10 27 08 00  33.89   35.50 1009.9           BEIRUT
1874 10 28 08 00  33.89   35.50 1011.3           BEIRUT
1874 10 29 08 00  33.89   35.50 1012.0           BEIRUT
1874 10 30 08 00  33.89   35.50 1013.2           BEIRUT
1874 10 31 08 00  33.89   35.50 1013.3           BEIRUT
1874 10 01 08 00  55.20   -6.99  999.7      GREENCASTLE
1874 10 01 14 00  55.20   -6.99 1000.3      GREENCASTLE
1874 10 02 08 00  55.20   -6.99  979.7      GREENCASTLE
1874 10 02 14 00  55.20   -6.99  998.6      GREENCASTLE
1874 10 03 08 00  55.20   -6.99  985.4      GREENCASTLE
1874 10 03 14 00  55.20   -6.99  980.4      GREENCASTLE
1874 10 04 08 00  55.20   -6.99  995.3      GREENCASTLE
1874 10 04 14 00  55.20   -6.99  990.2      GREENCASTLE
1874 10 05 08 00  55.20   -6.99 1009.5      GREENCASTLE
1874 10 06 08 00  55.20   -6.99  991.9      GREENCASTLE
1874 10 06 14 00  55.20   -6.99 1010.8      GREENCASTLE
1874 10 07 08 00  55.20   -6.99  986.8      GREENCASTLE
1874 10 07 14 00  55.20   -6.99  988.1      GREENCASTLE
1874 10 08 08 00  55.20   -6.99 1009.5      GREENCASTLE
1874 10 08 14 00  55.20   -6.99  994.9      GREENCASTLE
1874 10 09 08 00  55.20   -6.99  999.0      GREENCASTLE
1874 10 09 14 00  55.20   -6.99 1005.8      GREENCASTLE
1874 10 10 08 00  55.20   -6.99 1006.1      GREENCASTLE
1874 10 10 14 00  55.20   -6.99 1003.4      GREENCASTLE
1874 10 11 08 00  55.20   -6.99 1009.8      GREENCASTLE
1874 10 11 14 00  55.20   -6.99 1009.1      GREENCASTLE
1874 10 12 08 00  55.20   -6.99 1012.9      GREENCASTLE
1874 10 13 08 00  55.20   -6.99 1013.9      GREENCASTLE
1874 10 13 14 00  55.20   -6.99 1011.5      GREENCASTLE
1874 10 14 08 00  55.20   -6.99 1005.4      GREENCASTLE
1874 10 14 14 00  55.20   -6.99 1015.2      GREENCASTLE
1874 10 15 08 00  55.20   -6.99  988.5      GREENCASTLE
1874 10 15 14 00  55.20   -6.99 1000.0      GREENCASTLE
1874 10 16 08 00  55.20   -6.99 1003.0      GREENCASTLE
1874 10 16 14 00  55.20   -6.99  989.5      GREENCASTLE
1874 10 17 08 00  55.20   -6.99  993.9      GREENCASTLE
1874 10 17 14 00  55.20   -6.99 1004.7      GREENCASTLE
1874 10 18 08 00  55.20   -6.99 1001.4      GREENCASTLE
1874 10 18 14 00  55.20   -6.99  995.6      GREENCASTLE
1874 10 19 08 00  55.20   -6.99 1003.4      GREENCASTLE
1874 10 20 08 00  55.20   -6.99 1013.2      GREENCASTLE
1874 10 20 14 00  55.20   -6.99 1009.8      GREENCASTLE
1874 10 21 08 00  55.20   -6.99  994.2      GREENCASTLE
1874 10 21 14 00  55.20   -6.99 1011.5      GREENCASTLE
1874 10 22 08 00  55.20   -6.99 1006.1      GREENCASTLE
1874 10 22 14 00  55.20   -6.99 1000.3      GREENCASTLE
1874 10 23 08 00  55.20   -6.99 1015.2      GREENCASTLE
1874 10 23 14 00  55.20   -6.99 1007.8      GREENCASTLE
1874 10 24 08 00  55.20   -6.99 1010.2      GREENCASTLE
1874 10 24 14 00  55.20   -6.99 1016.6      GREENCASTLE
1874 10 25 08 00  55.20   -6.99  999.0      GREENCASTLE
1874 10 25 14 00  55.20   -6.99 1006.4      GREENCASTLE
1874 10 26 08 00  55.20   -6.99 1014.6      GREENCASTLE
1874 10 27 08 00  55.20   -6.99 1011.9      GREENCASTLE
1874 10 27 14 00  55.20   -6.99 1011.9      GREENCASTLE
1874 10 28 08 00  55.20   -6.99 1022.4      GREENCASTLE
1874 10 28 14 00  55.20   -6.99 1014.6      GREENCASTLE
1874 10 29 08 00  55.20   -6.99 1023.7      GREENCASTLE
1874 10 29 14 00  55.20   -6.99 1022.4      GREENCASTLE
1874 10 30 08 00  55.20   -6.99 1030.5      GREENCASTLE
1874 10 30 14 00  55.20   -6.99 1024.0      GREENCASTLE
1874 10 31 08 00  55.20   -6.99 1031.2      GREENCASTLE
1874 10 31 14 00  55.20   -6.99 1031.2      GREENCASTLE
