1872 12 16 08 00  36.75    3.06 1012.9          ALGIERS
1872 12 17 08 00  36.75    3.06 1015.6          ALGIERS
1872 12 19 08 00  36.75    3.06 1016.4          ALGIERS
1872 12 22 08 00  36.75    3.06 1019.8          ALGIERS
1872 12 25 08 00  36.75    3.06 1006.3          ALGIERS
1872 12 27 08 00  36.75    3.06 1018.8          ALGIERS
1872 12 29 08 00  36.75    3.06 1012.4          ALGIERS
1872 12 31 08 00  36.75    3.06 1020.5          ALGIERS
1872 12 01 08 00  30.51   47.78 1026.8            BASRA
1872 12 02 08 00  30.51   47.78 1029.3            BASRA
1872 12 03 08 00  30.51   47.78 1026.5            BASRA
1872 12 04 08 00  30.51   47.78 1024.1            BASRA
1872 12 05 08 00  30.51   47.78 1021.4            BASRA
1872 12 06 08 00  30.51   47.78 1027.7            BASRA
1872 12 07 08 00  30.51   47.78 1028.1            BASRA
1872 12 08 08 00  30.51   47.78 1024.4            BASRA
1872 12 09 08 00  30.51   47.78 1024.8            BASRA
1872 12 10 08 00  30.51   47.78 1026.8            BASRA
1872 12 11 08 00  30.51   47.78 1028.1            BASRA
1872 12 12 08 00  30.51   47.78 1029.4            BASRA
1872 12 13 08 00  30.51   47.78 1028.1            BASRA
1872 12 14 08 00  30.51   47.78 1026.8            BASRA
1872 12 15 08 00  30.51   47.78 1026.5            BASRA
1872 12 16 08 00  30.51   47.78 1027.7            BASRA
1872 12 17 08 00  30.51   47.78 1026.9            BASRA
1872 12 18 08 00  30.51   47.78 1028.1            BASRA
1872 12 19 08 00  30.51   47.78 1028.5            BASRA
1872 12 20 08 00  30.51   47.78 1028.1            BASRA
1872 12 21 08 00  30.51   47.78 1028.1            BASRA
1872 12 22 08 00  30.51   47.78 1026.8            BASRA
1872 12 23 08 00  30.51   47.78 1022.8            BASRA
1872 12 24 08 00  30.51   47.78 1020.1            BASRA
1872 12 25 08 00  30.51   47.78 1021.4            BASRA
1872 12 26 08 00  30.51   47.78 1024.8            BASRA
1872 12 27 08 00  30.51   47.78 1025.4            BASRA
1872 12 28 08 00  30.51   47.78 1023.0            BASRA
1872 12 29 08 00  30.51   47.78 1023.4            BASRA
1872 12 30 08 00  30.51   47.78 1024.1            BASRA
1872 12 31 08 00  30.51   47.78 1024.1            BASRA
1872 12 01 08 00  38.72   -9.14  995.6           LISBON
1872 12 02 08 00  38.72   -9.14  995.6           LISBON
1872 12 03 08 00  38.72   -9.14 1005.1           LISBON
1872 12 04 08 00  38.72   -9.14 1014.7           LISBON
1872 12 05 08 00  38.72   -9.14 1022.2           LISBON
1872 12 07 08 00  38.72   -9.14 1025.7           LISBON
1872 12 08 08 00  38.72   -9.14 1024.2           LISBON
1872 12 09 08 00  38.72   -9.14 1022.6           LISBON
1872 12 10 08 00  38.72   -9.14 1010.8           LISBON
1872 12 11 08 00  38.72   -9.14 1015.6           LISBON
1872 12 13 08 00  38.72   -9.14 1027.4           LISBON
1872 12 14 08 00  38.72   -9.14 1015.1           LISBON
1872 12 15 08 00  38.72   -9.14 1012.4           LISBON
1872 12 16 08 00  38.72   -9.14 1021.6           LISBON
1872 12 17 08 00  38.72   -9.14 1022.4           LISBON
1872 12 18 08 00  38.72   -9.14 1023.6           LISBON
1872 12 20 08 00  38.72   -9.14 1013.9           LISBON
1872 12 21 08 00  38.72   -9.14 1012.5           LISBON
1872 12 22 08 00  38.72   -9.14 1015.1           LISBON
1872 12 23 08 00  38.72   -9.14 1009.9           LISBON
1872 12 24 08 00  38.72   -9.14 1001.4           LISBON
1872 12 25 08 00  38.72   -9.14  995.1           LISBON
1872 12 26 08 00  38.72   -9.14 1012.8           LISBON
1872 12 27 08 00  38.72   -9.14 1019.0           LISBON
1872 12 28 08 00  38.72   -9.14 1009.7           LISBON
1872 12 29 08 00  38.72   -9.14 1010.5           LISBON
1872 12 31 08 00  38.72   -9.14 1026.1           LISBON
1872 12 01 08 00  57.20   -2.20  980.0         ABERDEEN
1872 12 02 08 00  57.20   -2.20 1002.4         ABERDEEN
1872 12 03 08 00  57.20   -2.20 1006.1         ABERDEEN
1872 12 04 08 00  57.20   -2.20 1012.5         ABERDEEN
1872 12 05 08 00  57.20   -2.20 1008.8         ABERDEEN
1872 12 06 08 00  57.20   -2.20  977.3         ABERDEEN
1872 12 07 08 00  57.20   -2.20  980.7         ABERDEEN
1872 12 08 08 00  57.20   -2.20  981.0         ABERDEEN
1872 12 09 08 00  57.20   -2.20  974.3         ABERDEEN
1872 12 10 08 00  57.20   -2.20  983.7         ABERDEEN
1872 12 11 08 00  57.20   -2.20  999.0         ABERDEEN
1872 12 12 08 00  57.20   -2.20 1009.5         ABERDEEN
1872 12 13 08 00  57.20   -2.20 1002.7         ABERDEEN
1872 12 14 08 00  57.20   -2.20 1003.0         ABERDEEN
1872 12 15 08 00  57.20   -2.20 1012.2         ABERDEEN
1872 12 16 08 00  57.20   -2.20 1009.5         ABERDEEN
1872 12 17 08 00  57.20   -2.20 1002.7         ABERDEEN
1872 12 18 08 00  57.20   -2.20 1009.5         ABERDEEN
1872 12 19 08 00  57.20   -2.20 1008.1         ABERDEEN
1872 12 20 08 00  57.20   -2.20 1009.1         ABERDEEN
1872 12 21 08 00  57.20   -2.20 1007.1         ABERDEEN
1872 12 22 08 00  57.20   -2.20 1014.6         ABERDEEN
1872 12 23 08 00  57.20   -2.20  991.5         ABERDEEN
1872 12 24 08 00  57.20   -2.20  986.1         ABERDEEN
1872 12 25 08 00  57.20   -2.20  971.9         ABERDEEN
1872 12 26 08 00  57.20   -2.20  986.8         ABERDEEN
1872 12 27 08 00  57.20   -2.20  994.2         ABERDEEN
1872 12 28 08 00  57.20   -2.20  998.0         ABERDEEN
1872 12 29 08 00  57.20   -2.20 1006.8         ABERDEEN
1872 12 30 08 00  57.20   -2.20 1009.8         ABERDEEN
1872 12 31 08 00  57.20   -2.20  995.3         ABERDEEN
1872 12 01 08 00  45.94   -0.96  990.2        ROCHEFORT
1872 12 01 14 00  45.94   -0.96  991.2        ROCHEFORT
1872 12 02 08 00  45.94   -0.96  992.2        ROCHEFORT
1872 12 02 14 00  45.94   -0.96  991.9        ROCHEFORT
1872 12 03 08 00  45.94   -0.96  989.8        ROCHEFORT
1872 12 03 14 00  45.94   -0.96  989.5        ROCHEFORT
1872 12 04 08 00  45.94   -0.96 1006.8        ROCHEFORT
1872 12 04 14 00  45.94   -0.96  994.6        ROCHEFORT
1872 12 05 08 00  45.94   -0.96 1020.3        ROCHEFORT
1872 12 05 14 00  45.94   -0.96 1009.1        ROCHEFORT
1872 12 06 08 00  45.94   -0.96 1010.8        ROCHEFORT
1872 12 06 14 00  45.94   -0.96 1021.0        ROCHEFORT
1872 12 07 08 00  45.94   -0.96 1005.4        ROCHEFORT
1872 12 07 14 00  45.94   -0.96 1011.9        ROCHEFORT
1872 12 08 08 00  45.94   -0.96 1014.9        ROCHEFORT
1872 12 08 14 00  45.94   -0.96 1013.2        ROCHEFORT
1872 12 09 08 00  45.94   -0.96 1003.7        ROCHEFORT
1872 12 10 08 00  45.94   -0.96  994.2        ROCHEFORT
1872 12 10 14 00  45.94   -0.96 1004.1        ROCHEFORT
1872 12 11 08 00  45.94   -0.96  995.3        ROCHEFORT
1872 12 11 14 00  45.94   -0.96  983.4        ROCHEFORT
1872 12 12 08 00  45.94   -0.96 1012.5        ROCHEFORT
1872 12 12 14 00  45.94   -0.96  998.6        ROCHEFORT
1872 12 13 08 00  45.94   -0.96 1021.3        ROCHEFORT
1872 12 13 14 00  45.94   -0.96 1015.6        ROCHEFORT
1872 12 14 08 00  45.94   -0.96 1004.1        ROCHEFORT
1872 12 14 14 00  45.94   -0.96 1020.0        ROCHEFORT
1872 12 15 08 00  45.94   -0.96 1010.2        ROCHEFORT
1872 12 15 14 00  45.94   -0.96  999.0        ROCHEFORT
1872 12 16 08 00  45.94   -0.96 1016.9        ROCHEFORT
1872 12 16 14 00  45.94   -0.96 1013.5        ROCHEFORT
1872 12 17 08 00  45.94   -0.96 1012.9        ROCHEFORT
1872 12 17 14 00  45.94   -0.96 1016.3        ROCHEFORT
1872 12 18 08 00  45.94   -0.96 1014.2        ROCHEFORT
1872 12 18 14 00  45.94   -0.96 1014.2        ROCHEFORT
1872 12 19 08 00  45.94   -0.96 1009.5        ROCHEFORT
1872 12 19 14 00  45.94   -0.96 1014.9        ROCHEFORT
1872 12 20 08 00  45.94   -0.96 1007.1        ROCHEFORT
1872 12 20 14 00  45.94   -0.96 1010.8        ROCHEFORT
1872 12 21 08 00  45.94   -0.96 1008.5        ROCHEFORT
1872 12 21 14 00  45.94   -0.96 1004.4        ROCHEFORT
1872 12 22 08 00  45.94   -0.96 1016.3        ROCHEFORT
1872 12 22 14 00  45.94   -0.96 1009.5        ROCHEFORT
1872 12 23 08 00  45.94   -0.96 1011.2        ROCHEFORT
1872 12 23 14 00  45.94   -0.96 1015.9        ROCHEFORT
1872 12 24 08 00  45.94   -0.96 1000.3        ROCHEFORT
1872 12 24 14 00  45.94   -0.96 1009.5        ROCHEFORT
1872 12 25 08 00  45.94   -0.96  996.3        ROCHEFORT
1872 12 25 14 00  45.94   -0.96 1011.5        ROCHEFORT
1872 12 26 08 00  45.94   -0.96 1004.1        ROCHEFORT
1872 12 26 14 00  45.94   -0.96  994.2        ROCHEFORT
1872 12 27 08 00  45.94   -0.96 1015.2        ROCHEFORT
1872 12 27 14 00  45.94   -0.96 1008.8        ROCHEFORT
1872 12 28 08 00  45.94   -0.96 1005.8        ROCHEFORT
1872 12 28 14 00  45.94   -0.96 1016.3        ROCHEFORT
1872 12 29 08 00  45.94   -0.96 1008.1        ROCHEFORT
1872 12 29 14 00  45.94   -0.96 1005.4        ROCHEFORT
1872 12 30 08 00  45.94   -0.96 1016.9        ROCHEFORT
1872 12 30 14 00  45.94   -0.96 1009.1        ROCHEFORT
1872 12 31 08 00  45.94   -0.96 1013.5        ROCHEFORT
1872 12 31 14 00  45.94   -0.96 1018.3        ROCHEFORT
1872 12 01 08 00  51.80   -8.30  970.9      ROCHESPOINT
1872 12 02 08 00  51.80   -8.30  994.9      ROCHESPOINT
1872 12 03 08 00  51.80   -8.30 1005.8      ROCHESPOINT
1872 12 04 08 00  51.80   -8.30 1014.9      ROCHESPOINT
1872 12 05 08 00  51.80   -8.30 1007.8      ROCHESPOINT
1872 12 06 08 00  51.80   -8.30  999.0      ROCHESPOINT
1872 12 07 08 00  51.80   -8.30  999.0      ROCHESPOINT
1872 12 08 08 00  51.80   -8.30  992.6      ROCHESPOINT
1872 12 09 08 00  51.80   -8.30  985.8      ROCHESPOINT
1872 12 10 08 00  51.80   -8.30  984.1      ROCHESPOINT
1872 12 11 08 00  51.80   -8.30 1002.7      ROCHESPOINT
1872 12 12 08 00  51.80   -8.30 1015.6      ROCHESPOINT
1872 12 13 08 00  51.80   -8.30 1007.1      ROCHESPOINT
1872 12 14 08 00  51.80   -8.30  990.5      ROCHESPOINT
1872 12 15 08 00  51.80   -8.30 1007.5      ROCHESPOINT
1872 12 16 08 00  51.80   -8.30 1006.8      ROCHESPOINT
1872 12 17 08 00  51.80   -8.30  998.6      ROCHESPOINT
1872 12 18 08 00  51.80   -8.30 1006.1      ROCHESPOINT
1872 12 19 08 00  51.80   -8.30 1001.4      ROCHESPOINT
1872 12 20 08 00  51.80   -8.30  988.8      ROCHESPOINT
1872 12 21 08 00  51.80   -8.30  989.2      ROCHESPOINT
1872 12 22 08 00  51.80   -8.30 1000.0      ROCHESPOINT
1872 12 23 08 00  51.80   -8.30  990.5      ROCHESPOINT
1872 12 24 08 00  51.80   -8.30  977.7      ROCHESPOINT
1872 12 25 08 00  51.80   -8.30  972.2      ROCHESPOINT
1872 12 26 08 00  51.80   -8.30  995.3      ROCHESPOINT
1872 12 27 08 00  51.80   -8.30  991.2      ROCHESPOINT
1872 12 28 08 00  51.80   -8.30  997.0      ROCHESPOINT
1872 12 29 08 00  51.80   -8.30 1014.6      ROCHESPOINT
1872 12 30 08 00  51.80   -8.30 1009.1      ROCHESPOINT
1872 12 31 08 00  51.80   -8.30  994.2      ROCHESPOINT
1872 12 01 08 00  50.38   -4.14  978.0         PLYMOUTH
1872 12 02 08 00  50.38   -4.14  995.9         PLYMOUTH
1872 12 03 08 00  50.38   -4.14  999.0         PLYMOUTH
1872 12 04 08 00  50.38   -4.14 1010.5         PLYMOUTH
1872 12 05 08 00  50.38   -4.14 1016.9         PLYMOUTH
1872 12 06 08 00  50.38   -4.14 1002.0         PLYMOUTH
1872 12 07 08 00  50.38   -4.14 1001.0         PLYMOUTH
1872 12 08 08 00  50.38   -4.14 1004.1         PLYMOUTH
1872 12 09 08 00  50.38   -4.14  988.5         PLYMOUTH
1872 12 10 08 00  50.38   -4.14  984.4         PLYMOUTH
1872 12 11 08 00  50.38   -4.14  995.6         PLYMOUTH
1872 12 12 08 00  50.38   -4.14 1015.2         PLYMOUTH
1872 12 13 08 00  50.38   -4.14 1008.5         PLYMOUTH
1872 12 14 08 00  50.38   -4.14  991.5         PLYMOUTH
1872 12 15 08 00  50.38   -4.14 1004.1         PLYMOUTH
1872 12 16 08 00  50.38   -4.14 1010.2         PLYMOUTH
1872 12 17 08 00  50.38   -4.14  998.6         PLYMOUTH
1872 12 18 08 00  50.38   -4.14 1008.1         PLYMOUTH
1872 12 19 08 00  50.38   -4.14 1002.7         PLYMOUTH
1872 12 20 08 00  50.38   -4.14  998.6         PLYMOUTH
1872 12 21 08 00  50.38   -4.14  996.6         PLYMOUTH
1872 12 22 08 00  50.38   -4.14 1010.5         PLYMOUTH
1872 12 23 08 00  50.38   -4.14 1002.7         PLYMOUTH
1872 12 24 08 00  50.38   -4.14  989.5         PLYMOUTH
1872 12 25 08 00  50.38   -4.14  981.0         PLYMOUTH
1872 12 26 08 00  50.38   -4.14 1000.7         PLYMOUTH
1872 12 27 08 00  50.38   -4.14 1006.4         PLYMOUTH
1872 12 28 08 00  50.38   -4.14 1001.0         PLYMOUTH
1872 12 29 08 00  50.38   -4.14 1006.4         PLYMOUTH
1872 12 30 08 00  50.38   -4.14 1013.2         PLYMOUTH
1872 12 31 08 00  50.38   -4.14 1002.0         PLYMOUTH
1872 12 01 08 00  41.90   12.50 1007.7             ROME
1872 12 02 08 00  41.90   12.50 1008.7             ROME
1872 12 03 08 00  41.90   12.50 1012.1             ROME
1872 12 04 08 00  41.90   12.50 1005.9             ROME
1872 12 05 08 00  41.90   12.50 1009.1             ROME
1872 12 06 08 00  41.90   12.50 1016.5             ROME
1872 12 07 08 00  41.90   12.50 1017.7             ROME
1872 12 08 08 00  41.90   12.50 1013.1             ROME
1872 12 09 08 00  41.90   12.50 1015.2             ROME
1872 12 10 08 00  41.90   12.50 1010.3             ROME
1872 12 11 08 00  41.90   12.50 1006.3             ROME
1872 12 12 08 00  41.90   12.50 1006.8             ROME
1872 12 13 08 00  41.90   12.50 1011.1             ROME
1872 12 14 08 00  41.90   12.50 1009.5             ROME
1872 12 15 08 00  41.90   12.50 1002.4             ROME
1872 12 16 08 00  41.90   12.50 1007.5             ROME
1872 12 17 08 00  41.90   12.50 1011.1             ROME
1872 12 18 08 00  41.90   12.50 1003.4             ROME
1872 12 19 08 00  41.90   12.50 1001.4             ROME
1872 12 20 08 00  41.90   12.50 1006.3             ROME
1872 12 21 08 00  41.90   12.50 1016.8             ROME
1872 12 22 08 00  41.90   12.50 1018.4             ROME
1872 12 23 08 00  41.90   12.50 1021.2             ROME
1872 12 24 08 00  41.90   12.50 1018.5             ROME
1872 12 25 08 00  41.90   12.50 1014.9             ROME
1872 12 26 08 00  41.90   12.50 1016.3             ROME
1872 12 27 08 00  41.90   12.50 1022.2             ROME
1872 12 28 08 00  41.90   12.50 1021.3             ROME
1872 12 29 08 00  41.90   12.50 1021.3             ROME
1872 12 30 08 00  41.90   12.50 1026.2             ROME
1872 12 31 08 00  41.90   12.50 1029.6             ROME
1872 12 01 08 00  48.39   -4.49  982.4            BREST
1872 12 02 08 00  48.39   -4.49  992.9            BREST
1872 12 03 08 00  48.39   -4.49  996.3            BREST
1872 12 04 08 00  48.39   -4.49 1010.5            BREST
1872 12 05 08 00  48.39   -4.49 1019.3            BREST
1872 12 06 08 00  48.39   -4.49 1008.1            BREST
1872 12 07 08 00  48.39   -4.49 1005.8            BREST
1872 12 08 08 00  48.39   -4.49 1009.1            BREST
1872 12 09 08 00  48.39   -4.49  996.6            BREST
1872 12 10 08 00  48.39   -4.49  984.1            BREST
1872 12 11 08 00  48.39   -4.49  996.6            BREST
1872 12 12 08 00  48.39   -4.49 1014.9            BREST
1872 12 13 08 00  48.39   -4.49 1009.5            BREST
1872 12 14 08 00  48.39   -4.49  992.6            BREST
1872 12 15 08 00  48.39   -4.49 1009.1            BREST
1872 12 16 08 00  48.39   -4.49 1012.9            BREST
1872 12 17 08 00  48.39   -4.49 1008.8            BREST
1872 12 18 08 00  48.39   -4.49 1012.5            BREST
1872 12 19 08 00  48.39   -4.49 1003.8            BREST
1872 12 20 08 00  48.39   -4.49  995.5            BREST
1872 12 21 08 00  48.39   -4.49 1001.0            BREST
1872 12 22 08 00  48.39   -4.49 1011.9            BREST
1872 12 23 08 00  48.39   -4.49 1005.1            BREST
1872 12 24 08 00  48.39   -4.49  991.5            BREST
1872 12 25 08 00  48.39   -4.49  984.1            BREST
1872 12 26 08 00  48.39   -4.49 1003.0            BREST
1872 12 27 08 00  48.39   -4.49 1009.1            BREST
1872 12 28 08 00  48.39   -4.49 1001.0            BREST
1872 12 29 08 00  48.39   -4.49 1009.8            BREST
1872 12 30 08 00  48.39   -4.49 1016.9            BREST
1872 12 31 08 00  48.39   -4.49 1005.1            BREST
1872 12 01 08 00  45.76    4.84  996.6            LYONS
1872 12 02 08 00  45.76    4.84  997.3            LYONS
1872 12 03 08 00  45.76    4.84 1004.1            LYONS
1872 12 04 08 00  45.76    4.84  999.3            LYONS
1872 12 05 08 00  45.76    4.84 1015.6            LYONS
1872 12 06 08 00  45.76    4.84 1016.6            LYONS
1872 12 07 08 00  45.76    4.84 1006.4            LYONS
1872 12 08 08 00  45.76    4.84 1015.9            LYONS
1872 12 09 08 00  45.76    4.84 1005.4            LYONS
1872 12 10 08 00  45.76    4.84 1005.4            LYONS
1872 12 11 08 00  45.76    4.84  996.6            LYONS
1872 12 12 08 00  45.76    4.84 1006.1            LYONS
1872 12 13 08 00  45.76    4.84 1022.7            LYONS
1872 12 14 08 00  45.76    4.84 1011.9            LYONS
1872 12 15 08 00  45.76    4.84 1011.9            LYONS
1872 12 16 08 00  45.76    4.84 1016.3            LYONS
1872 12 17 08 00  45.76    4.84 1011.9            LYONS
1872 12 18 08 00  45.76    4.84 1013.9            LYONS
1872 12 19 08 00  45.76    4.84 1011.9            LYONS
1872 12 20 08 00  45.76    4.84 1014.2            LYONS
1872 12 21 08 00  45.76    4.84 1013.9            LYONS
1872 12 22 08 00  45.76    4.84 1021.3            LYONS
1872 12 23 08 00  45.76    4.84 1016.3            LYONS
1872 12 24 08 00  45.76    4.84 1009.1            LYONS
1872 12 25 08 00  45.76    4.84 1000.0            LYONS
1872 12 26 08 00  45.76    4.84 1006.4            LYONS
1872 12 27 08 00  45.76    4.84 1019.3            LYONS
1872 12 28 08 00  45.76    4.84 1012.9            LYONS
1872 12 29 08 00  45.76    4.84 1011.9            LYONS
1872 12 30 08 00  45.76    4.84 1015.9            LYONS
1872 12 31 08 00  45.76    4.84 1017.6            LYONS
1872 12 01 08 00  43.12    5.93  997.6           TOULON
1872 12 02 08 00  43.12    5.93  997.6           TOULON
1872 12 03 08 00  43.12    5.93 1007.5           TOULON
1872 12 04 08 00  43.12    5.93  994.9           TOULON
1872 12 05 08 00  43.12    5.93 1008.5           TOULON
1872 12 06 08 00  43.12    5.93 1016.3           TOULON
1872 12 07 08 00  43.12    5.93 1015.2           TOULON
1872 12 08 08 00  43.12    5.93 1016.9           TOULON
1872 12 09 08 00  43.12    5.93 1007.5           TOULON
1872 12 10 08 00  43.12    5.93 1010.8           TOULON
1872 12 11 08 00  43.12    5.93  997.3           TOULON
1872 12 12 08 00  43.12    5.93 1001.7           TOULON
1872 12 13 08 00  43.12    5.93 1012.5           TOULON
1872 12 14 08 00  43.12    5.93 1014.9           TOULON
1872 12 15 08 00  43.12    5.93 1008.5           TOULON
1872 12 16 08 00  43.12    5.93 1009.1           TOULON
1872 12 17 08 00  43.12    5.93 1013.9           TOULON
1872 12 18 08 00  43.12    5.93 1007.8           TOULON
1872 12 19 08 00  43.12    5.93 1007.1           TOULON
1872 12 20 08 00  43.12    5.93 1010.2           TOULON
1872 12 21 08 00  43.12    5.93 1014.9           TOULON
1872 12 22 08 00  43.12    5.93 1016.0           TOULON
1872 12 23 08 00  43.12    5.93 1020.7           TOULON
1872 12 24 08 00  43.12    5.93 1014.2           TOULON
1872 12 25 08 00  43.12    5.93 1008.8           TOULON
1872 12 26 08 00  43.12    5.93 1009.8           TOULON
1872 12 27 08 00  43.12    5.93 1019.6           TOULON
1872 12 28 08 00  43.12    5.93 1017.6           TOULON
1872 12 29 08 00  43.12    5.93 1015.9           TOULON
1872 12 30 08 00  43.12    5.93 1020.3           TOULON
1872 12 31 08 00  43.12    5.93 1024.7           TOULON
1872 12 01 08 00  33.31   44.36 1026.8          BAGHDAD
1872 12 02 08 00  33.31   44.36 1030.8          BAGHDAD
1872 12 03 08 00  33.31   44.36 1026.8          BAGHDAD
1872 12 04 08 00  33.31   44.36 1027.4          BAGHDAD
1872 12 05 08 00  33.31   44.36 1025.4          BAGHDAD
1872 12 06 08 00  33.31   44.36 1029.4          BAGHDAD
1872 12 07 08 00  33.31   44.36 1029.4          BAGHDAD
1872 12 08 08 00  33.31   44.36 1026.8          BAGHDAD
1872 12 09 08 00  33.31   44.36 1026.8          BAGHDAD
1872 12 10 08 00  33.31   44.36 1026.8          BAGHDAD
1872 12 11 08 00  33.31   44.36 1029.4          BAGHDAD
1872 12 12 08 00  33.31   44.36 1029.4          BAGHDAD
1872 12 13 08 00  33.31   44.36 1028.1          BAGHDAD
1872 12 14 08 00  33.31   44.36 1026.8          BAGHDAD
1872 12 15 08 00  33.31   44.36 1026.8          BAGHDAD
1872 12 16 08 00  33.31   44.36 1028.1          BAGHDAD
1872 12 17 08 00  33.31   44.36 1028.1          BAGHDAD
1872 12 18 08 00  33.31   44.36 1028.1          BAGHDAD
1872 12 19 08 00  33.31   44.36 1029.4          BAGHDAD
1872 12 20 08 00  33.31   44.36 1025.4          BAGHDAD
1872 12 21 08 00  33.31   44.36 1024.1          BAGHDAD
1872 12 22 08 00  33.31   44.36 1026.8          BAGHDAD
1872 12 23 08 00  33.31   44.36 1020.1          BAGHDAD
1872 12 24 08 00  33.31   44.36 1018.8          BAGHDAD
1872 12 25 08 00  33.31   44.36 1020.1          BAGHDAD
1872 12 26 08 00  33.31   44.36 1026.8          BAGHDAD
1872 12 27 08 00  33.31   44.36 1026.8          BAGHDAD
1872 12 28 08 00  33.31   44.36 1024.1          BAGHDAD
1872 12 29 08 00  33.31   44.36 1021.4          BAGHDAD
1872 12 30 08 00  33.31   44.36 1024.1          BAGHDAD
1872 12 31 08 00  33.31   44.36 1022.8          BAGHDAD
1872 12 01 08 00  58.20   -6.30  980.4        STORNOWAY
1872 12 03 08 00  58.20   -6.30 1010.5        STORNOWAY
1872 12 04 08 00  58.20   -6.30 1014.2        STORNOWAY
1872 12 05 08 00  58.20   -6.30 1001.4        STORNOWAY
1872 12 06 08 00  58.20   -6.30  965.8        STORNOWAY
1872 12 07 08 00  58.20   -6.30  976.6        STORNOWAY
1872 12 08 08 00  58.20   -6.30  979.7        STORNOWAY
1872 12 09 08 00  58.20   -6.30  974.9        STORNOWAY
1872 12 10 08 00  58.20   -6.30  985.8        STORNOWAY
1872 12 11 08 00  58.20   -6.30 1002.0        STORNOWAY
1872 12 12 08 00  58.20   -6.30 1011.5        STORNOWAY
1872 12 13 08 00  58.20   -6.30  997.3        STORNOWAY
1872 12 14 08 00  58.20   -6.30 1002.4        STORNOWAY
1872 12 15 08 00  58.20   -6.30 1011.5        STORNOWAY
1872 12 16 08 00  58.20   -6.30 1003.0        STORNOWAY
1872 12 17 08 00  58.20   -6.30 1002.0        STORNOWAY
1872 12 18 08 00  58.20   -6.30 1008.8        STORNOWAY
1872 12 19 08 00  58.20   -6.30 1004.1        STORNOWAY
1872 12 20 08 00  58.20   -6.30 1004.1        STORNOWAY
1872 12 21 08 00  58.20   -6.30 1004.7        STORNOWAY
1872 12 22 08 00  58.20   -6.30 1008.8        STORNOWAY
1872 12 23 08 00  58.20   -6.30  985.8        STORNOWAY
1872 12 24 08 00  58.20   -6.30  982.4        STORNOWAY
1872 12 25 08 00  58.20   -6.30  965.1        STORNOWAY
1872 12 26 08 00  58.20   -6.30  986.5        STORNOWAY
1872 12 27 08 00  58.20   -6.30  983.1        STORNOWAY
1872 12 28 08 00  58.20   -6.30  989.5        STORNOWAY
1872 12 29 08 00  58.20   -6.30  993.6        STORNOWAY
1872 12 30 08 00  58.20   -6.30 1003.4        STORNOWAY
1872 12 31 08 00  58.20   -6.30  987.5        STORNOWAY
1872 12 01 08 00  37.93   40.21 1024.8       DIYARBAKIR
1872 12 02 08 00  37.93   40.21 1029.4       DIYARBAKIR
1872 12 03 08 00  37.93   40.21 1025.4       DIYARBAKIR
1872 12 04 08 00  37.93   40.21 1025.7       DIYARBAKIR
1872 12 05 08 00  37.93   40.21 1026.0       DIYARBAKIR
1872 12 06 08 00  37.93   40.21 1028.1       DIYARBAKIR
1872 12 07 08 00  37.93   40.21 1026.1       DIYARBAKIR
1872 12 08 08 00  37.93   40.21 1021.4       DIYARBAKIR
1872 12 09 08 00  37.93   40.21 1021.2       DIYARBAKIR
1872 12 10 08 00  37.93   40.21 1021.4       DIYARBAKIR
1872 12 11 08 00  37.93   40.21 1025.8       DIYARBAKIR
1872 12 12 08 00  37.93   40.21 1027.0       DIYARBAKIR
1872 12 13 08 00  37.93   40.21 1023.7       DIYARBAKIR
1872 12 14 08 00  37.93   40.21 1022.9       DIYARBAKIR
1872 12 15 08 00  37.93   40.21 1024.1       DIYARBAKIR
1872 12 16 08 00  37.93   40.21 1023.0       DIYARBAKIR
1872 12 17 08 00  37.93   40.21 1020.6       DIYARBAKIR
1872 12 18 08 00  37.93   40.21 1025.4       DIYARBAKIR
1872 12 19 08 00  37.93   40.21 1023.8       DIYARBAKIR
1872 12 20 08 00  37.93   40.21 1023.0       DIYARBAKIR
1872 12 21 08 00  37.93   40.21 1021.2       DIYARBAKIR
1872 12 22 08 00  37.93   40.21 1020.1       DIYARBAKIR
1872 12 23 08 00  37.93   40.21 1016.1       DIYARBAKIR
1872 12 24 08 00  37.93   40.21 1010.1       DIYARBAKIR
1872 12 25 08 00  37.93   40.21 1008.1       DIYARBAKIR
1872 12 26 08 00  37.93   40.21 1020.5       DIYARBAKIR
1872 12 27 08 00  37.93   40.21 1023.4       DIYARBAKIR
1872 12 28 08 00  37.93   40.21 1019.0       DIYARBAKIR
1872 12 29 08 00  37.93   40.21 1018.8       DIYARBAKIR
1872 12 30 08 00  37.93   40.21 1021.4       DIYARBAKIR
1872 12 31 08 00  37.93   40.21 1021.7       DIYARBAKIR
1872 12 01 08 00  55.20   -6.99  974.9      GREENCASTLE
1872 12 01 14 00  55.20   -6.99  972.2      GREENCASTLE
1872 12 02 08 00  55.20   -6.99 1002.7      GREENCASTLE
1872 12 03 08 00  55.20   -6.99 1007.5      GREENCASTLE
1872 12 03 14 00  55.20   -6.99 1005.4      GREENCASTLE
1872 12 04 08 00  55.20   -6.99 1015.6      GREENCASTLE
1872 12 04 14 00  55.20   -6.99 1007.8      GREENCASTLE
1872 12 05 08 00  55.20   -6.99 1003.4      GREENCASTLE
1872 12 05 14 00  55.20   -6.99 1015.9      GREENCASTLE
1872 12 06 08 00  55.20   -6.99  984.1      GREENCASTLE
1872 12 06 14 00  55.20   -6.99  990.9      GREENCASTLE
1872 12 07 08 00  55.20   -6.99  989.8      GREENCASTLE
1872 12 07 14 00  55.20   -6.99  985.8      GREENCASTLE
1872 12 08 08 00  55.20   -6.99  989.8      GREENCASTLE
1872 12 08 14 00  55.20   -6.99  988.8      GREENCASTLE
1872 12 09 08 00  55.20   -6.99  980.4      GREENCASTLE
1872 12 10 08 00  55.20   -6.99  983.1      GREENCASTLE
1872 12 10 14 00  55.20   -6.99  981.7      GREENCASTLE
1872 12 11 08 00  55.20   -6.99 1001.7      GREENCASTLE
1872 12 11 14 00  55.20   -6.99  984.8      GREENCASTLE
1872 12 12 08 00  55.20   -6.99 1016.6      GREENCASTLE
1872 12 12 14 00  55.20   -6.99 1005.8      GREENCASTLE
1872 12 13 08 00  55.20   -6.99 1002.0      GREENCASTLE
1872 12 13 14 00  55.20   -6.99 1014.9      GREENCASTLE
1872 12 14 08 00  55.20   -6.99 1001.7      GREENCASTLE
1872 12 14 14 00  55.20   -6.99 1002.4      GREENCASTLE
1872 12 15 08 00  55.20   -6.99 1010.8      GREENCASTLE
1872 12 15 14 00  55.20   -6.99 1005.1      GREENCASTLE
1872 12 16 08 00  55.20   -6.99 1005.1      GREENCASTLE
1872 12 17 08 00  55.20   -6.99  997.3      GREENCASTLE
1872 12 17 14 00  55.20   -6.99 1002.4      GREENCASTLE
1872 12 18 08 00  55.20   -6.99 1006.8      GREENCASTLE
1872 12 18 14 00  55.20   -6.99 1000.7      GREENCASTLE
1872 12 19 08 00  55.20   -6.99 1000.3      GREENCASTLE
1872 12 19 14 00  55.20   -6.99 1004.1      GREENCASTLE
1872 12 20 08 00  55.20   -6.99 1000.7      GREENCASTLE
1872 12 20 14 00  55.20   -6.99 1002.0      GREENCASTLE
1872 12 21 08 00  55.20   -6.99  997.6      GREENCASTLE
1872 12 21 14 00  55.20   -6.99  997.6      GREENCASTLE
1872 12 22 08 00  55.20   -6.99 1001.4      GREENCASTLE
1872 12 22 14 00  55.20   -6.99 1000.7      GREENCASTLE
1872 12 23 08 00  55.20   -6.99  988.8      GREENCASTLE
1872 12 24 08 00  55.20   -6.99  982.7      GREENCASTLE
1872 12 24 14 00  55.20   -6.99  988.1      GREENCASTLE
1872 12 25 08 00  55.20   -6.99  970.2      GREENCASTLE
1872 12 25 14 00  55.20   -6.99 1011.5      GREENCASTLE
1872 12 26 08 00  55.20   -6.99  991.5      GREENCASTLE
1872 12 27 08 00  55.20   -6.99  988.1      GREENCASTLE
1872 12 27 14 00  55.20   -6.99  993.9      GREENCASTLE
1872 12 28 08 00  55.20   -6.99  995.9      GREENCASTLE
1872 12 28 14 00  55.20   -6.99  989.2      GREENCASTLE
1872 12 29 08 00  55.20   -6.99 1011.5      GREENCASTLE
1872 12 29 14 00  55.20   -6.99 1000.3      GREENCASTLE
1872 12 30 08 00  55.20   -6.99 1007.1      GREENCASTLE
1872 12 31 08 00  55.20   -6.99  990.5      GREENCASTLE
1872 12 31 14 00  55.20   -6.99 1002.4      GREENCASTLE
