1879 01 01 08 00  36.75    3.06 1018.8          ALGIERS
1879 01 02 08 00  36.75    3.06 1017.7          ALGIERS
1879 01 03 08 00  36.75    3.06 1017.8          ALGIERS
1879 01 04 08 00  36.75    3.06 1016.4          ALGIERS
1879 01 05 08 00  36.75    3.06 1017.7          ALGIERS
1879 01 06 08 00  36.75    3.06 1018.2          ALGIERS
1879 01 07 08 00  36.75    3.06 1012.5          ALGIERS
1879 01 08 08 00  36.75    3.06 1002.8          ALGIERS
1879 01 09 08 00  36.75    3.06  987.9          ALGIERS
1879 01 10 08 00  36.75    3.06 1002.4          ALGIERS
1879 01 11 08 00  36.75    3.06 1006.7          ALGIERS
1879 01 12 08 00  36.75    3.06 1005.7          ALGIERS
1879 01 13 08 00  36.75    3.06 1019.6          ALGIERS
1879 01 14 08 00  36.75    3.06 1019.0          ALGIERS
1879 01 15 08 00  36.75    3.06 1016.1          ALGIERS
1879 01 16 08 00  36.75    3.06 1015.1          ALGIERS
1879 01 17 08 00  36.75    3.06 1012.0          ALGIERS
1879 01 18 08 00  36.75    3.06 1014.7          ALGIERS
1879 01 19 08 00  36.75    3.06 1014.7          ALGIERS
1879 01 20 08 00  36.75    3.06 1009.2          ALGIERS
1879 01 21 08 00  36.75    3.06 1005.6          ALGIERS
1879 01 22 08 00  36.75    3.06  997.1          ALGIERS
1879 01 23 08 00  36.75    3.06 1000.6          ALGIERS
1879 01 24 08 00  36.75    3.06  999.2          ALGIERS
1879 01 25 08 00  36.75    3.06 1002.2          ALGIERS
1879 01 26 08 00  36.75    3.06 1002.8          ALGIERS
1879 01 27 08 00  36.75    3.06 1007.7          ALGIERS
1879 01 28 08 00  36.75    3.06 1009.5          ALGIERS
1879 01 29 08 00  36.75    3.06 1007.9          ALGIERS
1879 01 30 08 00  36.75    3.06 1010.0          ALGIERS
1879 01 31 08 00  36.75    3.06 1012.1          ALGIERS
1879 01 01 08 00  31.51   -9.76 1025.7          MOGADOR
1879 01 02 08 00  31.51   -9.76 1023.6          MOGADOR
1879 01 03 08 00  31.51   -9.76 1026.0          MOGADOR
1879 01 04 08 00  31.51   -9.76 1026.6          MOGADOR
1879 01 05 08 00  31.51   -9.76 1025.7          MOGADOR
1879 01 06 08 00  31.51   -9.76 1027.0          MOGADOR
1879 01 07 08 00  31.51   -9.76 1026.0          MOGADOR
1879 01 08 08 00  31.51   -9.76 1022.0          MOGADOR
1879 01 09 08 00  31.51   -9.76 1019.3          MOGADOR
1879 01 10 08 00  31.51   -9.76 1018.2          MOGADOR
1879 01 11 08 00  31.51   -9.76 1021.7          MOGADOR
1879 01 12 08 00  31.51   -9.76 1022.2          MOGADOR
1879 01 13 08 00  31.51   -9.76 1022.0          MOGADOR
1879 01 14 08 00  31.51   -9.76 1021.7          MOGADOR
1879 01 15 08 00  31.51   -9.76 1022.2          MOGADOR
1879 01 16 08 00  31.51   -9.76 1022.9          MOGADOR
1879 01 17 08 00  31.51   -9.76 1020.9          MOGADOR
1879 01 18 08 00  31.51   -9.76 1020.8          MOGADOR
1879 01 19 08 00  31.51   -9.76 1019.6          MOGADOR
1879 01 20 08 00  31.51   -9.76 1019.3          MOGADOR
1879 01 21 08 00  31.51   -9.76 1019.6          MOGADOR
1879 01 22 08 00  31.51   -9.76  999.4          MOGADOR
1879 01 23 08 00  31.51   -9.76 1004.9          MOGADOR
1879 01 24 08 00  31.51   -9.76 1018.0          MOGADOR
1879 01 25 08 00  31.51   -9.76 1016.9          MOGADOR
1879 01 26 08 00  31.51   -9.76 1016.9          MOGADOR
1879 01 27 08 00  31.51   -9.76 1016.0          MOGADOR
1879 01 28 08 00  31.51   -9.76 1016.9          MOGADOR
1879 01 29 08 00  31.51   -9.76 1018.8          MOGADOR
1879 01 30 08 00  31.51   -9.76 1018.2          MOGADOR
1879 01 31 08 00  31.51   -9.76 1020.8          MOGADOR
1879 01 01 08 00  45.80   24.13 1015.6            SIBIU
1879 01 02 08 00  45.80   24.13 1013.6            SIBIU
1879 01 03 08 00  45.80   24.13 1007.5            SIBIU
1879 01 04 08 00  45.80   24.13 1008.1            SIBIU
1879 01 05 08 00  45.80   24.13 1004.0            SIBIU
1879 01 06 08 00  45.80   24.13 1012.4            SIBIU
1879 01 07 08 00  45.80   24.13 1018.4            SIBIU
1879 01 08 08 00  45.80   24.13 1003.8            SIBIU
1879 01 09 08 00  45.80   24.13 1008.5            SIBIU
1879 01 10 08 00  45.80   24.13 1001.9            SIBIU
1879 01 11 08 00  45.80   24.13 1007.1            SIBIU
1879 01 12 08 00  45.80   24.13 1014.0            SIBIU
1879 01 13 08 00  45.80   24.13 1024.2            SIBIU
1879 01 14 08 00  45.80   24.13 1022.0            SIBIU
1879 01 15 08 00  45.80   24.13 1019.2            SIBIU
1879 01 16 08 00  45.80   24.13 1017.6            SIBIU
1879 01 17 08 00  45.80   24.13 1018.0            SIBIU
1879 01 18 08 00  45.80   24.13 1021.3            SIBIU
1879 01 19 08 00  45.80   24.13 1020.6            SIBIU
1879 01 20 08 00  45.80   24.13 1018.0            SIBIU
1879 01 21 08 00  45.80   24.13 1018.1            SIBIU
1879 01 22 08 00  45.80   24.13 1031.8            SIBIU
1879 01 23 08 00  45.80   24.13 1021.0            SIBIU
1879 01 24 08 00  45.80   24.13 1025.7            SIBIU
1879 01 26 08 00  45.80   24.13 1024.0            SIBIU
1879 01 27 08 00  45.80   24.13 1029.4            SIBIU
1879 01 28 08 00  45.80   24.13 1028.5            SIBIU
1879 01 29 08 00  45.80   24.13 1027.0            SIBIU
1879 01 30 08 00  45.80   24.13 1023.7            SIBIU
1879 01 01 08 00  38.72   -9.14 1025.4           LISBON
1879 01 02 08 00  38.72   -9.14 1027.3           LISBON
1879 01 03 08 00  38.72   -9.14 1023.7           LISBON
1879 01 04 08 00  38.72   -9.14 1028.1           LISBON
1879 01 05 08 00  38.72   -9.14 1029.3           LISBON
1879 01 06 08 00  38.72   -9.14 1031.9           LISBON
1879 01 07 08 00  38.72   -9.14 1028.2           LISBON
1879 01 08 08 00  38.72   -9.14 1011.2           LISBON
1879 01 09 08 00  38.72   -9.14 1014.8           LISBON
1879 01 10 08 00  38.72   -9.14 1014.8           LISBON
1879 01 11 08 00  38.72   -9.14 1011.2           LISBON
1879 01 12 08 00  38.72   -9.14 1029.8           LISBON
1879 01 13 08 00  38.72   -9.14 1029.0           LISBON
1879 01 14 08 00  38.72   -9.14 1024.8           LISBON
1879 01 15 08 00  38.72   -9.14 1024.5           LISBON
1879 01 16 08 00  38.72   -9.14 1024.4           LISBON
1879 01 17 08 00  38.72   -9.14 1024.8           LISBON
1879 01 18 08 00  38.72   -9.14 1024.8           LISBON
1879 01 19 08 00  38.72   -9.14 1020.9           LISBON
1879 01 20 08 00  38.72   -9.14 1016.8           LISBON
1879 01 21 08 00  38.72   -9.14  997.2           LISBON
1879 01 22 08 00  38.72   -9.14  990.2           LISBON
1879 01 23 08 00  38.72   -9.14 1000.3           LISBON
1879 01 24 08 00  38.72   -9.14 1008.4           LISBON
1879 01 25 08 00  38.72   -9.14 1007.2           LISBON
1879 01 26 08 00  38.72   -9.14 1013.5           LISBON
1879 01 27 08 00  38.72   -9.14 1017.1           LISBON
1879 01 28 08 00  38.72   -9.14 1015.6           LISBON
1879 01 29 08 00  38.72   -9.14 1010.1           LISBON
1879 01 30 08 00  38.72   -9.14 1020.9           LISBON
1879 01 31 08 00  38.72   -9.14 1017.2           LISBON
1879 01 01 08 00  45.94   -0.96 1021.0        ROCHEFORT
1879 01 02 08 00  45.94   -0.96 1011.9        ROCHEFORT
1879 01 03 08 00  45.94   -0.96 1027.1        ROCHEFORT
1879 01 04 08 00  45.94   -0.96 1008.8        ROCHEFORT
1879 01 05 08 00  45.94   -0.96 1017.6        ROCHEFORT
1879 01 06 08 00  45.94   -0.96 1015.6        ROCHEFORT
1879 01 07 08 00  45.94   -0.96 1023.4        ROCHEFORT
1879 01 08 08 00  45.94   -0.96 1007.1        ROCHEFORT
1879 01 09 08 00  45.94   -0.96  987.8        ROCHEFORT
1879 01 10 08 00  45.94   -0.96 1011.9        ROCHEFORT
1879 01 11 08 00  45.94   -0.96  999.7        ROCHEFORT
1879 01 12 08 00  45.94   -0.96  998.6        ROCHEFORT
1879 01 13 08 00  45.94   -0.96 1029.1        ROCHEFORT
1879 01 14 08 00  45.94   -0.96 1027.4        ROCHEFORT
1879 01 15 08 00  45.94   -0.96 1018.3        ROCHEFORT
1879 01 16 08 00  45.94   -0.96 1021.7        ROCHEFORT
1879 01 17 08 00  45.94   -0.96 1003.0        ROCHEFORT
1879 01 18 08 00  45.94   -0.96 1022.7        ROCHEFORT
1879 01 19 08 00  45.94   -0.96 1022.4        ROCHEFORT
1879 01 20 08 00  45.94   -0.96 1022.0        ROCHEFORT
1879 01 21 08 00  45.94   -0.96 1015.9        ROCHEFORT
1879 01 22 08 00  45.94   -0.96 1001.7        ROCHEFORT
1879 01 23 08 00  45.94   -0.96 1002.7        ROCHEFORT
1879 01 24 08 00  45.94   -0.96 1006.4        ROCHEFORT
1879 01 25 08 00  45.94   -0.96 1009.8        ROCHEFORT
1879 01 26 08 00  45.94   -0.96 1014.9        ROCHEFORT
1879 01 27 08 00  45.94   -0.96 1018.3        ROCHEFORT
1879 01 28 08 00  45.94   -0.96 1023.4        ROCHEFORT
1879 01 29 08 00  45.94   -0.96 1020.0        ROCHEFORT
1879 01 30 08 00  45.94   -0.96 1016.3        ROCHEFORT
1879 01 31 08 00  45.94   -0.96 1019.6        ROCHEFORT
1879 01 01 08 00  50.38   -4.14 1011.2         PLYMOUTH
1879 01 02 08 00  50.38   -4.14 1016.3         PLYMOUTH
1879 01 03 08 00  50.38   -4.14  998.0         PLYMOUTH
1879 01 04 08 00  50.38   -4.14 1007.8         PLYMOUTH
1879 01 06 08 00  50.38   -4.14 1021.7         PLYMOUTH
1879 01 07 08 00  50.38   -4.14 1012.5         PLYMOUTH
1879 01 08 08 00  50.38   -4.14  992.6         PLYMOUTH
1879 01 09 08 00  50.38   -4.14 1015.6         PLYMOUTH
1879 01 10 08 00  50.38   -4.14  999.3         PLYMOUTH
1879 01 11 08 00  50.38   -4.14  999.0         PLYMOUTH
1879 01 12 08 00  50.38   -4.14 1019.0         PLYMOUTH
1879 01 13 08 00  50.38   -4.14 1019.0         PLYMOUTH
1879 01 14 08 00  50.38   -4.14 1012.2         PLYMOUTH
1879 01 15 08 00  50.38   -4.14 1009.1         PLYMOUTH
1879 01 16 08 00  50.38   -4.14 1004.1         PLYMOUTH
1879 01 17 08 00  50.38   -4.14 1021.7         PLYMOUTH
1879 01 18 08 00  50.38   -4.14 1013.5         PLYMOUTH
1879 01 19 08 00  50.38   -4.14 1023.4         PLYMOUTH
1879 01 20 08 00  50.38   -4.14 1020.0         PLYMOUTH
1879 01 21 08 00  50.38   -4.14 1008.1         PLYMOUTH
1879 01 22 08 00  50.38   -4.14 1012.5         PLYMOUTH
1879 01 23 08 00  50.38   -4.14 1014.9         PLYMOUTH
1879 01 24 08 00  50.38   -4.14 1013.5         PLYMOUTH
1879 01 25 08 00  50.38   -4.14 1016.9         PLYMOUTH
1879 01 26 08 00  50.38   -4.14 1021.0         PLYMOUTH
1879 01 27 08 00  50.38   -4.14 1026.4         PLYMOUTH
1879 01 28 08 00  50.38   -4.14 1027.8         PLYMOUTH
1879 01 29 08 00  50.38   -4.14 1021.0         PLYMOUTH
1879 01 30 08 00  50.38   -4.14 1023.7         PLYMOUTH
1879 01 31 08 00  50.38   -4.14 1022.7         PLYMOUTH
1879 01 01 08 00  41.90   12.50 1024.1             ROME
1879 01 02 08 00  41.90   12.50 1018.2             ROME
1879 01 03 08 00  41.90   12.50 1017.5             ROME
1879 01 04 08 00  41.90   12.50 1010.9             ROME
1879 01 05 08 00  41.90   12.50 1006.5             ROME
1879 01 06 08 00  41.90   12.50 1015.7             ROME
1879 01 07 08 00  41.90   12.50 1010.3             ROME
1879 01 08 08 00  41.90   12.50 1005.7             ROME
1879 01 09 08 00  41.90   12.50  985.9             ROME
1879 01 10 08 00  41.90   12.50 1001.0             ROME
1879 01 11 08 00  41.90   12.50 1005.5             ROME
1879 01 12 08 00  41.90   12.50 1009.1             ROME
1879 01 13 08 00  41.90   12.50 1013.7             ROME
1879 01 14 08 00  41.90   12.50 1019.3             ROME
1879 01 15 08 00  41.90   12.50 1018.1             ROME
1879 01 16 08 00  41.90   12.50 1014.1             ROME
1879 01 17 08 00  41.90   12.50 1012.5             ROME
1879 01 18 08 00  41.90   12.50 1012.4             ROME
1879 01 19 08 00  41.90   12.50 1012.3             ROME
1879 01 20 08 00  41.90   12.50 1013.2             ROME
1879 01 21 08 00  41.90   12.50 1016.8             ROME
1879 01 22 08 00  41.90   12.50 1017.7             ROME
1879 01 23 08 00  41.90   12.50 1017.1             ROME
1879 01 24 08 00  41.90   12.50 1018.6             ROME
1879 01 25 08 00  41.90   12.50 1012.5             ROME
1879 01 26 08 00  41.90   12.50 1014.1             ROME
1879 01 27 08 00  41.90   12.50 1020.0             ROME
1879 01 28 08 00  41.90   12.50 1019.7             ROME
1879 01 29 08 00  41.90   12.50 1017.2             ROME
1879 01 30 08 00  41.90   12.50 1012.1             ROME
1879 01 31 08 00  41.90   12.50 1015.9             ROME
1879 01 01 08 00  48.39   -4.49 1013.2            BREST
1879 01 02 08 00  48.39   -4.49 1000.0            BREST
1879 01 03 08 00  48.39   -4.49 1018.6            BREST
1879 01 04 08 00  48.39   -4.49 1006.4            BREST
1879 01 05 08 00  48.39   -4.49 1020.7            BREST
1879 01 06 08 00  48.39   -4.49 1014.9            BREST
1879 01 07 08 00  48.39   -4.49 1019.3            BREST
1879 01 08 08 00  48.39   -4.49 1001.4            BREST
1879 01 09 08 00  48.39   -4.49  993.9            BREST
1879 01 10 08 00  48.39   -4.49 1008.5            BREST
1879 01 11 08 00  48.39   -4.49  994.6            BREST
1879 01 12 08 00  48.39   -4.49 1003.0            BREST
1879 01 13 08 00  48.39   -4.49 1023.0            BREST
1879 01 14 08 00  48.39   -4.49 1024.4            BREST
1879 01 15 08 00  48.39   -4.49 1010.5            BREST
1879 01 16 08 00  48.39   -4.49 1017.9            BREST
1879 01 17 08 00  48.39   -4.49 1010.8            BREST
1879 01 18 08 00  48.39   -4.49 1017.6            BREST
1879 01 19 08 00  48.39   -4.49 1022.0            BREST
1879 01 20 08 00  48.39   -4.49 1021.3            BREST
1879 01 21 08 00  48.39   -4.49 1012.5            BREST
1879 01 22 08 00  48.39   -4.49 1002.4            BREST
1879 01 23 08 00  48.39   -4.49 1006.4            BREST
1879 01 24 08 00  48.39   -4.49 1010.2            BREST
1879 01 25 08 00  48.39   -4.49 1011.9            BREST
1879 01 26 08 00  48.39   -4.49 1016.9            BREST
1879 01 27 08 00  48.39   -4.49 1020.7            BREST
1879 01 28 08 00  48.39   -4.49 1025.4            BREST
1879 01 29 08 00  48.39   -4.49 1021.7            BREST
1879 01 30 08 00  48.39   -4.49 1019.3            BREST
1879 01 31 08 00  48.39   -4.49 1022.0            BREST
1879 01 01 08 00  31.20   29.91 1017.8       ALEXANDRIA
1879 01 02 08 00  31.20   29.91 1019.3       ALEXANDRIA
1879 01 03 08 00  31.20   29.91 1018.9       ALEXANDRIA
1879 01 04 08 00  31.20   29.91 1017.6       ALEXANDRIA
1879 01 05 08 00  31.20   29.91 1020.6       ALEXANDRIA
1879 01 06 08 00  31.20   29.91 1020.5       ALEXANDRIA
1879 01 07 08 00  31.20   29.91 1017.5       ALEXANDRIA
1879 01 08 08 00  31.20   29.91 1011.7       ALEXANDRIA
1879 01 09 08 00  31.20   29.91 1020.5       ALEXANDRIA
1879 01 10 08 00  31.20   29.91 1021.0       ALEXANDRIA
1879 01 11 08 00  31.20   29.91 1013.7       ALEXANDRIA
1879 01 12 08 00  31.20   29.91 1019.0       ALEXANDRIA
1879 01 13 08 00  31.20   29.91 1020.0       ALEXANDRIA
1879 01 14 08 00  31.20   29.91 1013.9       ALEXANDRIA
1879 01 15 08 00  31.20   29.91 1010.0       ALEXANDRIA
1879 01 16 08 00  31.20   29.91 1011.9       ALEXANDRIA
1879 01 17 08 00  31.20   29.91 1017.7       ALEXANDRIA
1879 01 18 08 00  31.20   29.91 1017.8       ALEXANDRIA
1879 01 19 08 00  31.20   29.91 1011.2       ALEXANDRIA
1879 01 20 08 00  31.20   29.91 1013.6       ALEXANDRIA
1879 01 21 08 00  31.20   29.91 1011.1       ALEXANDRIA
1879 01 22 08 00  31.20   29.91 1019.4       ALEXANDRIA
1879 01 23 08 00  31.20   29.91 1019.0       ALEXANDRIA
1879 01 24 08 00  31.20   29.91 1017.6       ALEXANDRIA
1879 01 25 08 00  31.20   29.91 1017.5       ALEXANDRIA
1879 01 26 08 00  31.20   29.91 1016.9       ALEXANDRIA
1879 01 27 08 00  31.20   29.91 1016.1       ALEXANDRIA
1879 01 28 08 00  31.20   29.91 1018.1       ALEXANDRIA
1879 01 29 08 00  31.20   29.91 1020.8       ALEXANDRIA
1879 01 30 08 00  31.20   29.91 1021.3       ALEXANDRIA
1879 01 31 08 00  31.20   29.91 1023.6       ALEXANDRIA
1879 01 01 08 00  34.84    5.75 1011.3           BISKRA
1879 01 02 08 00  34.84    5.75 1010.5           BISKRA
1879 01 03 08 00  34.84    5.75 1009.1           BISKRA
1879 01 04 08 00  34.84    5.75 1007.3           BISKRA
1879 01 05 08 00  34.84    5.75 1006.8           BISKRA
1879 01 06 08 00  34.84    5.75 1007.9           BISKRA
1879 01 07 08 00  34.84    5.75 1001.5           BISKRA
1879 01 08 08 00  34.84    5.75  995.8           BISKRA
1879 01 09 08 00  34.84    5.75  996.8           BISKRA
1879 01 10 08 00  34.84    5.75  997.6           BISKRA
1879 01 11 08 00  34.84    5.75  999.1           BISKRA
1879 01 12 08 00  34.84    5.75  996.0           BISKRA
1879 01 13 08 00  34.84    5.75 1004.5           BISKRA
1879 01 14 08 00  34.84    5.75 1006.0           BISKRA
1879 01 15 08 00  34.84    5.75 1006.8           BISKRA
1879 01 16 08 00  34.84    5.75 1006.1           BISKRA
1879 01 17 08 00  34.84    5.75 1005.6           BISKRA
1879 01 18 08 00  34.84    5.75 1002.0           BISKRA
1879 01 19 08 00  34.84    5.75 1003.5           BISKRA
1879 01 20 08 00  34.84    5.75 1000.4           BISKRA
1879 01 21 08 00  34.84    5.75 1001.6           BISKRA
1879 01 22 08 00  34.84    5.75 1001.9           BISKRA
1879 01 23 08 00  34.84    5.75 1000.2           BISKRA
1879 01 24 08 00  34.84    5.75  994.4           BISKRA
1879 01 25 08 00  34.84    5.75  995.5           BISKRA
1879 01 26 08 00  34.84    5.75  998.7           BISKRA
1879 01 27 08 00  34.84    5.75 1000.2           BISKRA
1879 01 28 08 00  34.84    5.75 1000.0           BISKRA
1879 01 29 08 00  34.84    5.75 1000.3           BISKRA
1879 01 30 08 00  34.84    5.75 1001.5           BISKRA
1879 01 31 08 00  34.84    5.75 1005.2           BISKRA
1879 01 01 08 00  45.76    4.84 1022.9            LYONS
1879 01 02 08 00  45.76    4.84 1012.3            LYONS
1879 01 03 08 00  45.76    4.84 1016.8            LYONS
1879 01 04 08 00  45.76    4.84 1010.5            LYONS
1879 01 05 08 00  45.76    4.84 1023.7            LYONS
1879 01 06 08 00  45.76    4.84 1022.4            LYONS
1879 01 07 08 00  45.76    4.84 1018.1            LYONS
1879 01 08 08 00  45.76    4.84  993.8            LYONS
1879 01 09 08 00  45.76    4.84  995.4            LYONS
1879 01 10 08 00  45.76    4.84 1001.9            LYONS
1879 01 11 08 00  45.76    4.84 1005.3            LYONS
1879 01 12 08 00  45.76    4.84 1010.8            LYONS
1879 01 13 08 00  45.76    4.84  994.4            LYONS
1879 01 14 08 00  45.76    4.84 1025.8            LYONS
1879 01 15 08 00  45.76    4.84 1018.1            LYONS
1879 01 16 08 00  45.76    4.84 1015.9            LYONS
1879 01 17 08 00  45.76    4.84 1015.2            LYONS
1879 01 18 08 00  45.76    4.84 1023.3            LYONS
1879 01 19 08 00  45.76    4.84 1016.5            LYONS
1879 01 20 08 00  45.76    4.84 1022.1            LYONS
1879 01 21 08 00  45.76    4.84 1010.3            LYONS
1879 01 22 08 00  45.76    4.84 1006.8            LYONS
1879 01 23 08 00  45.76    4.84 1000.6            LYONS
1879 01 24 08 00  45.76    4.84 1005.9            LYONS
1879 01 25 08 00  45.76    4.84 1010.9            LYONS
1879 01 26 08 00  45.76    4.84 1012.0            LYONS
1879 01 28 08 00  45.76    4.84 1019.6            LYONS
1879 01 29 08 00  45.76    4.84 1019.0            LYONS
1879 01 30 08 00  45.76    4.84 1020.5            LYONS
1879 01 31 08 00  45.76    4.84 1000.2            LYONS
1879 01 01 08 00  43.12    5.93 1024.7           TOULON
1879 01 02 08 00  43.12    5.93 1023.0           TOULON
1879 01 03 08 00  43.12    5.93 1020.0           TOULON
1879 01 04 08 00  43.12    5.93 1015.9           TOULON
1879 01 05 08 00  43.12    5.93 1011.2           TOULON
1879 01 06 08 00  43.12    5.93 1021.0           TOULON
1879 01 07 08 00  43.12    5.93 1018.6           TOULON
1879 01 08 08 00  43.12    5.93 1012.2           TOULON
1879 01 09 08 00  43.12    5.93  992.2           TOULON
1879 01 10 08 00  43.12    5.93  998.6           TOULON
1879 01 11 08 00  43.12    5.93 1004.5           TOULON
1879 01 12 08 00  43.12    5.93 1008.1           TOULON
1879 01 13 08 00  43.12    5.93 1017.3           TOULON
1879 01 14 08 00  43.12    5.93 1025.1           TOULON
1879 01 15 08 00  43.12    5.93 1021.7           TOULON
1879 01 16 08 00  43.12    5.93 1019.0           TOULON
1879 01 17 08 00  43.12    5.93 1016.3           TOULON
1879 01 18 08 00  43.12    5.93 1015.9           TOULON
1879 01 19 08 00  43.12    5.93 1019.3           TOULON
1879 01 20 08 00  43.12    5.93 1017.6           TOULON
1879 01 21 08 00  43.12    5.93 1017.6           TOULON
1879 01 22 08 00  43.12    5.93 1011.9           TOULON
1879 01 23 08 00  43.12    5.93 1010.8           TOULON
1879 01 24 08 00  43.12    5.93 1012.5           TOULON
1879 01 27 08 00  43.12    5.93 1018.3           TOULON
1879 01 28 08 00  43.12    5.93 1021.3           TOULON
1879 01 29 08 00  43.12    5.93 1019.6           TOULON
1879 01 30 08 00  43.12    5.93 1018.6           TOULON
1879 01 31 08 00  43.12    5.93 1018.3           TOULON
1879 01 01 08 00  58.20   -6.30 1003.0        STORNOWAY
1879 01 02 08 00  58.20   -6.30 1007.5        STORNOWAY
1879 01 03 08 00  58.20   -6.30  998.0        STORNOWAY
1879 01 04 08 00  58.20   -6.30 1007.5        STORNOWAY
1879 01 05 08 00  58.20   -6.30 1016.3        STORNOWAY
1879 01 06 08 00  58.20   -6.30 1019.3        STORNOWAY
1879 01 07 08 00  58.20   -6.30 1015.2        STORNOWAY
1879 01 08 08 00  58.20   -6.30 1003.4        STORNOWAY
1879 01 09 08 00  58.20   -6.30 1016.6        STORNOWAY
1879 01 10 08 00  58.20   -6.30 1008.5        STORNOWAY
1879 01 11 08 00  58.20   -6.30 1006.1        STORNOWAY
1879 01 12 08 00  58.20   -6.30 1011.5        STORNOWAY
1879 01 13 08 00  58.20   -6.30  998.0        STORNOWAY
1879 01 14 08 00  58.20   -6.30  996.6        STORNOWAY
1879 01 15 08 00  58.20   -6.30  992.2        STORNOWAY
1879 01 16 08 00  58.20   -6.30 1008.5        STORNOWAY
1879 01 17 08 00  58.20   -6.30 1015.6        STORNOWAY
1879 01 18 08 00  58.20   -6.30 1006.8        STORNOWAY
1879 01 19 08 00  58.20   -6.30 1021.7        STORNOWAY
1879 01 20 08 00  58.20   -6.30 1020.3        STORNOWAY
1879 01 21 08 00  58.20   -6.30 1017.3        STORNOWAY
1879 01 22 08 00  58.20   -6.30 1024.4        STORNOWAY
1879 01 23 08 00  58.20   -6.30 1019.3        STORNOWAY
1879 01 24 08 00  58.20   -6.30 1015.6        STORNOWAY
1879 01 25 08 00  58.20   -6.30 1016.9        STORNOWAY
1879 01 26 08 00  58.20   -6.30 1015.9        STORNOWAY
1879 01 27 08 00  58.20   -6.30 1025.7        STORNOWAY
1879 01 28 08 00  58.20   -6.30 1029.1        STORNOWAY
1879 01 29 08 00  58.20   -6.30 1028.8        STORNOWAY
1879 01 30 08 00  58.20   -6.30 1032.5        STORNOWAY
1879 01 31 08 00  58.20   -6.30 1028.1        STORNOWAY
1879 01 01 08 00  32.67  -16.92 1024.6          FUNCHAL
1879 01 02 08 00  32.67  -16.92 1023.4          FUNCHAL
1879 01 03 08 00  32.67  -16.92 1024.9          FUNCHAL
1879 01 04 08 00  32.67  -16.92 1024.1          FUNCHAL
1879 01 05 08 00  32.67  -16.92 1028.5          FUNCHAL
1879 01 06 08 00  32.67  -16.92 1018.2          FUNCHAL
1879 01 07 08 00  32.67  -16.92 1030.0          FUNCHAL
1879 01 09 08 00  32.67  -16.92 1021.3          FUNCHAL
1879 01 10 08 00  32.67  -16.92 1020.6          FUNCHAL
1879 01 12 08 00  32.67  -16.92 1025.6          FUNCHAL
1879 01 13 08 00  32.67  -16.92 1025.4          FUNCHAL
1879 01 15 08 00  32.67  -16.92 1024.4          FUNCHAL
1879 01 16 08 00  32.67  -16.92 1025.0          FUNCHAL
1879 01 17 08 00  32.67  -16.92 1023.3          FUNCHAL
1879 01 18 08 00  32.67  -16.92 1021.6          FUNCHAL
1879 01 19 08 00  32.67  -16.92 1019.3          FUNCHAL
1879 01 20 08 00  32.67  -16.92 1019.4          FUNCHAL
1879 01 21 08 00  32.67  -16.92 1011.3          FUNCHAL
1879 01 22 08 00  32.67  -16.92 1002.6          FUNCHAL
1879 01 25 08 00  32.67  -16.92 1018.2          FUNCHAL
1879 01 27 08 00  32.67  -16.92 1022.6          FUNCHAL
1879 01 28 08 00  32.67  -16.92 1016.5          FUNCHAL
1879 01 29 08 00  32.67  -16.92 1015.1          FUNCHAL
1879 01 30 08 00  32.67  -16.92 1014.8          FUNCHAL
1879 01 31 08 00  32.67  -16.92 1013.5          FUNCHAL
