1873 07 01 08 00  36.75    3.06 1016.9          ALGIERS
1873 07 03 08 00  36.75    3.06 1016.4          ALGIERS
1873 07 04 08 00  36.75    3.06 1016.7          ALGIERS
1873 07 05 08 00  36.75    3.06 1014.8          ALGIERS
1873 07 07 08 00  36.75    3.06 1016.0          ALGIERS
1873 07 08 08 00  36.75    3.06 1017.3          ALGIERS
1873 07 09 08 00  36.75    3.06 1020.4          ALGIERS
1873 07 10 08 00  36.75    3.06 1016.9          ALGIERS
1873 07 11 08 00  36.75    3.06 1013.6          ALGIERS
1873 07 12 08 00  36.75    3.06 1010.9          ALGIERS
1873 07 13 08 00  36.75    3.06 1013.1          ALGIERS
1873 07 14 08 00  36.75    3.06 1013.9          ALGIERS
1873 07 16 08 00  36.75    3.06 1022.0          ALGIERS
1873 07 17 08 00  36.75    3.06 1022.5          ALGIERS
1873 07 18 08 00  36.75    3.06 1017.5          ALGIERS
1873 07 19 08 00  36.75    3.06 1019.2          ALGIERS
1873 07 21 08 00  36.75    3.06 1016.3          ALGIERS
1873 07 22 08 00  36.75    3.06 1018.1          ALGIERS
1873 07 23 08 00  36.75    3.06 1023.3          ALGIERS
1873 07 24 08 00  36.75    3.06 1016.3          ALGIERS
1873 07 27 08 00  36.75    3.06 1012.8          ALGIERS
1873 07 29 08 00  36.75    3.06 1013.5          ALGIERS
1873 07 30 08 00  36.75    3.06 1016.8          ALGIERS
1873 07 31 08 00  36.75    3.06 1018.1          ALGIERS
1873 07 01 08 00  30.51   47.78 1005.5            BASRA
1873 07 03 08 00  30.51   47.78 1005.5            BASRA
1873 07 08 08 00  30.51   47.78 1002.8            BASRA
1873 07 10 08 00  30.51   47.78 1002.8            BASRA
1873 07 11 08 00  30.51   47.78 1004.2            BASRA
1873 07 21 08 00  30.51   47.78 1001.5            BASRA
1873 07 28 08 00  30.51   47.78 1001.5            BASRA
1873 07 01 08 00  38.66  -27.23 1021.3            ANGRA
1873 07 02 08 00  38.66  -27.23 1017.7            ANGRA
1873 07 03 08 00  38.66  -27.23 1014.1            ANGRA
1873 07 04 08 00  38.66  -27.23 1012.7            ANGRA
1873 07 05 08 00  38.66  -27.23 1011.5            ANGRA
1873 07 06 08 00  38.66  -27.23 1009.1            ANGRA
1873 07 07 08 00  38.66  -27.23 1010.4            ANGRA
1873 07 08 08 00  38.66  -27.23 1015.9            ANGRA
1873 07 09 08 00  38.66  -27.23 1021.0            ANGRA
1873 07 10 08 00  38.66  -27.23 1021.4            ANGRA
1873 07 11 08 00  38.66  -27.23 1018.1            ANGRA
1873 07 12 08 00  38.66  -27.23 1018.0            ANGRA
1873 07 13 08 00  38.66  -27.23 1014.1            ANGRA
1873 07 14 08 00  38.66  -27.23 1015.7            ANGRA
1873 07 15 08 00  38.66  -27.23 1013.3            ANGRA
1873 07 16 08 00  38.66  -27.23 1014.7            ANGRA
1873 07 17 08 00  38.66  -27.23 1019.4            ANGRA
1873 07 18 08 00  38.66  -27.23 1020.2            ANGRA
1873 07 19 08 00  38.66  -27.23 1018.4            ANGRA
1873 07 20 08 00  38.66  -27.23 1006.3            ANGRA
1873 07 21 08 00  38.66  -27.23 1010.0            ANGRA
1873 07 22 08 00  38.66  -27.23 1015.5            ANGRA
1873 07 23 08 00  38.66  -27.23 1017.1            ANGRA
1873 07 24 08 00  38.66  -27.23 1015.5            ANGRA
1873 07 25 08 00  38.66  -27.23 1018.1            ANGRA
1873 07 26 08 00  38.66  -27.23 1021.7            ANGRA
1873 07 27 08 00  38.66  -27.23 1019.4            ANGRA
1873 07 28 08 00  38.66  -27.23 1012.7            ANGRA
1873 07 29 08 00  38.66  -27.23 1009.2            ANGRA
1873 07 30 08 00  38.66  -27.23 1011.7            ANGRA
1873 07 31 08 00  38.66  -27.23 1016.3            ANGRA
1873 07 01 08 00  38.72   -9.14 1017.8           LISBON
1873 07 02 08 00  38.72   -9.14 1015.7           LISBON
1873 07 03 08 00  38.72   -9.14 1017.3           LISBON
1873 07 04 08 00  38.72   -9.14 1019.8           LISBON
1873 07 05 08 00  38.72   -9.14 1016.1           LISBON
1873 07 06 08 00  38.72   -9.14 1015.5           LISBON
1873 07 07 08 00  38.72   -9.14 1018.4           LISBON
1873 07 08 08 00  38.72   -9.14 1017.5           LISBON
1873 07 09 08 00  38.72   -9.14 1021.0           LISBON
1873 07 10 08 00  38.72   -9.14 1018.8           LISBON
1873 07 11 08 00  38.72   -9.14 1014.8           LISBON
1873 07 12 08 00  38.72   -9.14 1016.4           LISBON
1873 07 13 08 00  38.72   -9.14 1017.8           LISBON
1873 07 14 08 00  38.72   -9.14 1018.6           LISBON
1873 07 15 08 00  38.72   -9.14 1021.7           LISBON
1873 07 16 08 00  38.72   -9.14 1021.4           LISBON
1873 07 17 08 00  38.72   -9.14 1020.8           LISBON
1873 07 18 08 00  38.72   -9.14 1021.3           LISBON
1873 07 19 08 00  38.72   -9.14 1018.4           LISBON
1873 07 20 08 00  38.72   -9.14 1014.7           LISBON
1873 07 21 08 00  38.72   -9.14 1015.1           LISBON
1873 07 22 08 00  38.72   -9.14 1019.7           LISBON
1873 07 23 08 00  38.72   -9.14 1020.8           LISBON
1873 07 24 08 00  38.72   -9.14 1018.6           LISBON
1873 07 25 08 00  38.72   -9.14 1022.9           LISBON
1873 07 26 08 00  38.72   -9.14 1019.4           LISBON
1873 07 28 08 00  38.72   -9.14 1013.9           LISBON
1873 07 29 08 00  38.72   -9.14 1018.2           LISBON
1873 07 31 08 00  38.72   -9.14 1014.4           LISBON
1873 07 01 08 00  57.20   -2.20 1014.9         ABERDEEN
1873 07 02 08 00  57.20   -2.20 1013.2         ABERDEEN
1873 07 03 08 00  57.20   -2.20 1006.4         ABERDEEN
1873 07 04 08 00  57.20   -2.20 1001.4         ABERDEEN
1873 07 05 08 00  57.20   -2.20 1005.1         ABERDEEN
1873 07 06 08 00  57.20   -2.20  999.7         ABERDEEN
1873 07 07 08 00  57.20   -2.20 1013.9         ABERDEEN
1873 07 08 08 00  57.20   -2.20 1012.9         ABERDEEN
1873 07 09 08 00  57.20   -2.20 1012.5         ABERDEEN
1873 07 10 08 00  57.20   -2.20 1004.7         ABERDEEN
1873 07 11 08 00  57.20   -2.20 1005.1         ABERDEEN
1873 07 12 08 00  57.20   -2.20 1003.7         ABERDEEN
1873 07 13 08 00  57.20   -2.20 1000.3         ABERDEEN
1873 07 14 08 00  57.20   -2.20  996.3         ABERDEEN
1873 07 15 08 00  57.20   -2.20 1002.0         ABERDEEN
1873 07 16 08 00  57.20   -2.20 1012.2         ABERDEEN
1873 07 17 08 00  57.20   -2.20 1012.9         ABERDEEN
1873 07 18 08 00  57.20   -2.20 1003.7         ABERDEEN
1873 07 19 08 00  57.20   -2.20 1011.5         ABERDEEN
1873 07 20 08 00  57.20   -2.20 1008.1         ABERDEEN
1873 07 21 08 00  57.20   -2.20 1017.6         ABERDEEN
1873 07 22 08 00  57.20   -2.20 1015.6         ABERDEEN
1873 07 23 08 00  57.20   -2.20 1012.2         ABERDEEN
1873 07 24 08 00  57.20   -2.20 1013.9         ABERDEEN
1873 07 25 08 00  57.20   -2.20 1010.8         ABERDEEN
1873 07 26 08 00  57.20   -2.20 1010.2         ABERDEEN
1873 07 27 08 00  57.20   -2.20 1010.2         ABERDEEN
1873 07 28 08 00  57.20   -2.20 1009.8         ABERDEEN
1873 07 29 08 00  57.20   -2.20 1013.2         ABERDEEN
1873 07 30 08 00  57.20   -2.20 1010.2         ABERDEEN
1873 07 31 08 00  57.20   -2.20 1004.7         ABERDEEN
1873 07 01 08 00  45.94   -0.96 1021.3        ROCHEFORT
1873 07 02 08 00  45.94   -0.96 1023.0        ROCHEFORT
1873 07 03 08 00  45.94   -0.96 1017.9        ROCHEFORT
1873 07 04 08 00  45.94   -0.96 1015.9        ROCHEFORT
1873 07 05 08 00  45.94   -0.96 1015.9        ROCHEFORT
1873 07 06 08 00  45.94   -0.96 1017.3        ROCHEFORT
1873 07 07 08 00  45.94   -0.96 1020.0        ROCHEFORT
1873 07 08 08 00  45.94   -0.96 1022.4        ROCHEFORT
1873 07 09 08 00  45.94   -0.96 1025.7        ROCHEFORT
1873 07 10 08 00  45.94   -0.96 1021.3        ROCHEFORT
1873 07 11 08 00  45.94   -0.96 1015.9        ROCHEFORT
1873 07 12 08 00  45.94   -0.96 1014.9        ROCHEFORT
1873 07 13 08 00  45.94   -0.96 1013.5        ROCHEFORT
1873 07 14 08 00  45.94   -0.96 1013.5        ROCHEFORT
1873 07 15 08 00  45.94   -0.96 1019.0        ROCHEFORT
1873 07 16 08 00  45.94   -0.96 1024.4        ROCHEFORT
1873 07 17 08 00  45.94   -0.96 1026.8        ROCHEFORT
1873 07 18 08 00  45.94   -0.96 1023.4        ROCHEFORT
1873 07 19 08 00  45.94   -0.96 1026.1        ROCHEFORT
1873 07 20 08 00  45.94   -0.96 1024.0        ROCHEFORT
1873 07 21 08 00  45.94   -0.96 1017.3        ROCHEFORT
1873 07 22 08 00  45.94   -0.96 1016.3        ROCHEFORT
1873 07 23 08 00  45.94   -0.96 1021.0        ROCHEFORT
1873 07 24 08 00  45.94   -0.96 1017.9        ROCHEFORT
1873 07 25 08 00  45.94   -0.96 1019.0        ROCHEFORT
1873 07 26 08 00  45.94   -0.96 1017.3        ROCHEFORT
1873 07 27 08 00  45.94   -0.96 1020.7        ROCHEFORT
1873 07 28 08 00  45.94   -0.96 1017.3        ROCHEFORT
1873 07 29 08 00  45.94   -0.96 1012.5        ROCHEFORT
1873 07 30 08 00  45.94   -0.96 1019.0        ROCHEFORT
1873 07 31 08 00  45.94   -0.96 1022.7        ROCHEFORT
1873 07 01 08 00  51.80   -8.30 1017.6      ROCHESPOINT
1873 07 02 08 00  51.80   -8.30 1013.9      ROCHESPOINT
1873 07 03 08 00  51.80   -8.30 1001.4      ROCHESPOINT
1873 07 04 08 00  51.80   -8.30 1001.7      ROCHESPOINT
1873 07 05 08 00  51.80   -8.30  999.3      ROCHESPOINT
1873 07 06 08 00  51.80   -8.30 1009.5      ROCHESPOINT
1873 07 07 08 00  51.80   -8.30 1010.5      ROCHESPOINT
1873 07 08 08 00  51.80   -8.30 1015.2      ROCHESPOINT
1873 07 09 08 00  51.80   -8.30 1019.3      ROCHESPOINT
1873 07 10 08 00  51.80   -8.30 1012.9      ROCHESPOINT
1873 07 11 08 00  51.80   -8.30 1010.5      ROCHESPOINT
1873 07 12 08 00  51.80   -8.30 1003.0      ROCHESPOINT
1873 07 13 08 00  51.80   -8.30 1001.0      ROCHESPOINT
1873 07 14 08 00  51.80   -8.30 1002.0      ROCHESPOINT
1873 07 15 08 00  51.80   -8.30 1008.1      ROCHESPOINT
1873 07 16 08 00  51.80   -8.30 1018.6      ROCHESPOINT
1873 07 17 08 00  51.80   -8.30 1013.9      ROCHESPOINT
1873 07 18 08 00  51.80   -8.30 1012.9      ROCHESPOINT
1873 07 19 08 00  51.80   -8.30 1021.7      ROCHESPOINT
1873 07 20 08 00  51.80   -8.30 1018.6      ROCHESPOINT
1873 07 21 08 00  51.80   -8.30 1016.9      ROCHESPOINT
1873 07 22 08 00  51.80   -8.30 1014.2      ROCHESPOINT
1873 07 23 08 00  51.80   -8.30 1016.6      ROCHESPOINT
1873 07 24 08 00  51.80   -8.30 1011.2      ROCHESPOINT
1873 07 25 08 00  51.80   -8.30 1011.9      ROCHESPOINT
1873 07 26 08 00  51.80   -8.30 1013.9      ROCHESPOINT
1873 07 27 08 00  51.80   -8.30 1015.6      ROCHESPOINT
1873 07 28 08 00  51.80   -8.30 1015.6      ROCHESPOINT
1873 07 29 08 00  51.80   -8.30 1011.9      ROCHESPOINT
1873 07 30 08 00  51.80   -8.30 1009.1      ROCHESPOINT
1873 07 31 08 00  51.80   -8.30 1010.8      ROCHESPOINT
1873 07 01 08 00  50.38   -4.14 1017.9         PLYMOUTH
1873 07 02 08 00  50.38   -4.14 1017.6         PLYMOUTH
1873 07 03 08 00  50.38   -4.14 1012.5         PLYMOUTH
1873 07 04 08 00  50.38   -4.14 1007.8         PLYMOUTH
1873 07 05 08 00  50.38   -4.14 1006.1         PLYMOUTH
1873 07 06 08 00  50.38   -4.14 1013.2         PLYMOUTH
1873 07 07 08 00  50.38   -4.14 1018.6         PLYMOUTH
1873 07 08 08 00  50.38   -4.14 1019.0         PLYMOUTH
1873 07 09 08 00  50.38   -4.14 1022.4         PLYMOUTH
1873 07 10 08 00  50.38   -4.14 1015.2         PLYMOUTH
1873 07 11 08 00  50.38   -4.14 1012.5         PLYMOUTH
1873 07 12 08 00  50.38   -4.14 1008.1         PLYMOUTH
1873 07 13 08 00  50.38   -4.14 1002.0         PLYMOUTH
1873 07 14 08 00  50.38   -4.14 1005.1         PLYMOUTH
1873 07 15 08 00  50.38   -4.14 1009.5         PLYMOUTH
1873 07 16 08 00  50.38   -4.14 1020.3         PLYMOUTH
1873 07 17 08 00  50.38   -4.14 1020.7         PLYMOUTH
1873 07 18 08 00  50.38   -4.14 1015.6         PLYMOUTH
1873 07 19 08 00  50.38   -4.14 1024.0         PLYMOUTH
1873 07 20 08 00  50.38   -4.14 1023.4         PLYMOUTH
1873 07 21 08 00  50.38   -4.14 1020.7         PLYMOUTH
1873 07 22 08 00  50.38   -4.14 1014.2         PLYMOUTH
1873 07 23 08 00  50.38   -4.14 1016.6         PLYMOUTH
1873 07 24 08 00  50.38   -4.14 1017.9         PLYMOUTH
1873 07 25 08 00  50.38   -4.14 1014.9         PLYMOUTH
1873 07 26 08 00  50.38   -4.14 1015.6         PLYMOUTH
1873 07 27 08 00  50.38   -4.14 1016.9         PLYMOUTH
1873 07 28 08 00  50.38   -4.14 1017.6         PLYMOUTH
1873 07 29 08 00  50.38   -4.14 1014.2         PLYMOUTH
1873 07 30 08 00  50.38   -4.14 1015.6         PLYMOUTH
1873 07 31 08 00  50.38   -4.14 1016.9         PLYMOUTH
1873 07 01 08 00  41.90   12.50 1016.7             ROME
1873 07 02 08 00  41.90   12.50 1015.1             ROME
1873 07 03 08 00  41.90   12.50 1016.3             ROME
1873 07 04 08 00  41.90   12.50 1014.7             ROME
1873 07 05 08 00  41.90   12.50 1014.1             ROME
1873 07 06 08 00  41.90   12.50 1014.3             ROME
1873 07 07 08 00  41.90   12.50 1016.7             ROME
1873 07 08 08 00  41.90   12.50 1017.3             ROME
1873 07 09 08 00  41.90   12.50 1014.3             ROME
1873 07 10 08 00  41.90   12.50 1012.9             ROME
1873 07 11 08 00  41.90   12.50 1012.8             ROME
1873 07 12 08 00  41.90   12.50 1014.8             ROME
1873 07 13 08 00  41.90   12.50 1012.5             ROME
1873 07 14 08 00  41.90   12.50 1012.7             ROME
1873 07 15 08 00  41.90   12.50 1011.9             ROME
1873 07 16 08 00  41.90   12.50 1014.8             ROME
1873 07 17 08 00  41.90   12.50 1018.4             ROME
1873 07 18 08 00  41.90   12.50 1019.4             ROME
1873 07 19 08 00  41.90   12.50 1015.6             ROME
1873 07 20 08 00  41.90   12.50 1012.3             ROME
1873 07 21 08 00  41.90   12.50 1016.3             ROME
1873 07 22 08 00  41.90   12.50 1018.4             ROME
1873 07 23 08 00  41.90   12.50 1017.1             ROME
1873 07 24 08 00  41.90   12.50 1013.6             ROME
1873 07 25 08 00  41.90   12.50 1014.3             ROME
1873 07 26 08 00  41.90   12.50 1014.3             ROME
1873 07 27 08 00  41.90   12.50 1014.5             ROME
1873 07 28 08 00  41.90   12.50 1015.5             ROME
1873 07 29 08 00  41.90   12.50 1017.3             ROME
1873 07 30 08 00  41.90   12.50 1019.4             ROME
1873 07 31 08 00  41.90   12.50 1017.5             ROME
1873 07 01 08 00  48.39   -4.49 1020.7            BREST
1873 07 02 08 00  48.39   -4.49 1020.0            BREST
1873 07 03 08 00  48.39   -4.49 1014.2            BREST
1873 07 04 08 00  48.39   -4.49 1011.2            BREST
1873 07 05 08 00  48.39   -4.49 1007.8            BREST
1873 07 06 08 00  48.39   -4.49 1014.2            BREST
1873 07 07 08 00  48.39   -4.49 1019.0            BREST
1873 07 08 08 00  48.39   -4.49 1020.7            BREST
1873 07 09 08 00  48.39   -4.49 1023.7            BREST
1873 07 10 08 00  48.39   -4.49 1017.6            BREST
1873 07 11 08 00  48.39   -4.49 1014.2            BREST
1873 07 12 08 00  48.39   -4.49 1010.8            BREST
1873 07 13 08 00  48.39   -4.49 1001.0            BREST
1873 07 14 08 00  48.39   -4.49 1008.5            BREST
1873 07 15 08 00  48.39   -4.49 1014.2            BREST
1873 07 16 08 00  48.39   -4.49 1021.7            BREST
1873 07 17 08 00  48.39   -4.49 1024.4            BREST
1873 07 18 08 00  48.39   -4.49 1019.3            BREST
1873 07 19 08 00  48.39   -4.49 1026.1            BREST
1873 07 20 08 00  48.39   -4.49 1024.7            BREST
1873 07 21 08 00  48.39   -4.49 1017.6            BREST
1873 07 22 08 00  48.39   -4.49 1014.2            BREST
1873 07 23 08 00  48.39   -4.49 1019.3            BREST
1873 07 24 08 00  48.39   -4.49 1020.0            BREST
1873 07 25 08 00  48.39   -4.49 1017.6            BREST
1873 07 26 08 00  48.39   -4.49 1017.3            BREST
1873 07 27 08 00  48.39   -4.49 1019.3            BREST
1873 07 28 08 00  48.39   -4.49 1019.3            BREST
1873 07 29 08 00  48.39   -4.49 1013.5            BREST
1873 07 30 08 00  48.39   -4.49 1016.6            BREST
1873 07 31 08 00  48.39   -4.49 1019.3            BREST
1873 07 01 08 00  45.76    4.84 1022.0            LYONS
1873 07 02 08 00  45.76    4.84 1023.0            LYONS
1873 07 03 08 00  45.76    4.84 1022.0            LYONS
1873 07 04 08 00  45.76    4.84 1017.3            LYONS
1873 07 05 08 00  45.76    4.84 1019.3            LYONS
1873 07 06 08 00  45.76    4.84 1013.5            LYONS
1873 07 07 08 00  45.76    4.84 1019.6            LYONS
1873 07 08 08 00  45.76    4.84 1021.3            LYONS
1873 07 09 08 00  45.76    4.84 1023.0            LYONS
1873 07 10 08 00  45.76    4.84 1022.4            LYONS
1873 07 11 08 00  45.76    4.84 1015.9            LYONS
1873 07 12 08 00  45.76    4.84 1015.9            LYONS
1873 07 13 08 00  45.76    4.84 1017.9            LYONS
1873 07 14 08 00  45.76    4.84 1015.9            LYONS
1873 07 15 08 00  45.76    4.84 1015.9            LYONS
1873 07 16 08 00  45.76    4.84 1025.4            LYONS
1873 07 17 08 00  45.76    4.84 1025.1            LYONS
1873 07 18 08 00  45.76    4.84 1025.4            LYONS
1873 07 19 08 00  45.76    4.84 1025.4            LYONS
1873 07 20 08 00  45.76    4.84 1024.7            LYONS
1873 07 21 08 00  45.76    4.84 1024.4            LYONS
1873 07 22 08 00  45.76    4.84 1022.7            LYONS
1873 07 23 08 00  45.76    4.84 1021.0            LYONS
1873 07 24 08 00  45.76    4.84 1021.3            LYONS
1873 07 25 08 00  45.76    4.84 1021.3            LYONS
1873 07 26 08 00  45.76    4.84 1019.0            LYONS
1873 07 27 08 00  45.76    4.84 1021.3            LYONS
1873 07 28 08 00  45.76    4.84 1020.0            LYONS
1873 07 29 08 00  45.76    4.84 1018.6            LYONS
1873 07 30 08 00  45.76    4.84 1022.0            LYONS
1873 07 31 08 00  45.76    4.84 1025.4            LYONS
1873 07 01 08 00  43.12    5.93 1016.6           TOULON
1873 07 02 08 00  43.12    5.93 1016.3           TOULON
1873 07 03 08 00  43.12    5.93 1017.9           TOULON
1873 07 04 08 00  43.12    5.93 1017.9           TOULON
1873 07 05 08 00  43.12    5.93 1015.9           TOULON
1873 07 07 08 00  43.12    5.93 1021.0           TOULON
1873 07 08 08 00  43.12    5.93 1020.3           TOULON
1873 07 09 08 00  43.12    5.93 1016.6           TOULON
1873 07 10 08 00  43.12    5.93 1015.6           TOULON
1873 07 11 08 00  43.12    5.93 1015.2           TOULON
1873 07 12 08 00  43.12    5.93 1014.9           TOULON
1873 07 13 08 00  43.12    5.93 1012.5           TOULON
1873 07 14 08 00  43.12    5.93 1015.2           TOULON
1873 07 15 08 00  43.12    5.93 1016.3           TOULON
1873 07 16 08 00  43.12    5.93 1020.0           TOULON
1873 07 17 08 00  43.12    5.93 1024.1           TOULON
1873 07 18 08 00  43.12    5.93 1023.0           TOULON
1873 07 19 08 00  43.12    5.93 1017.9           TOULON
1873 07 20 08 00  43.12    5.93 1013.5           TOULON
1873 07 21 08 00  43.12    5.93 1019.3           TOULON
1873 07 22 08 00  43.12    5.93 1021.0           TOULON
1873 07 23 08 00  43.12    5.93 1019.6           TOULON
1873 07 24 08 00  43.12    5.93 1017.5           TOULON
1873 07 26 08 00  43.12    5.93 1015.9           TOULON
1873 07 27 08 00  43.12    5.93 1017.9           TOULON
1873 07 28 08 00  43.12    5.93 1017.6           TOULON
1873 07 29 08 00  43.12    5.93 1019.6           TOULON
1873 07 30 08 00  43.12    5.93 1021.0           TOULON
1873 07 31 08 00  43.12    5.93 1021.0           TOULON
1873 07 01 08 00  33.31   44.36 1006.8          BAGHDAD
1873 07 06 08 00  33.31   44.36 1001.5          BAGHDAD
1873 07 08 08 00  33.31   44.36 1001.5          BAGHDAD
1873 07 09 08 00  33.31   44.36 1000.2          BAGHDAD
1873 07 10 08 00  33.31   44.36  998.8          BAGHDAD
1873 07 11 08 00  33.31   44.36 1000.2          BAGHDAD
1873 07 16 08 00  33.31   44.36 1001.5          BAGHDAD
1873 07 28 08 00  33.31   44.36  998.8          BAGHDAD
1873 07 31 08 00  33.31   44.36 1002.8          BAGHDAD
1873 07 01 08 00  58.20   -6.30 1015.9        STORNOWAY
1873 07 02 08 00  58.20   -6.30 1009.1        STORNOWAY
1873 07 03 08 00  58.20   -6.30  998.0        STORNOWAY
1873 07 04 08 00  58.20   -6.30  998.0        STORNOWAY
1873 07 05 08 00  58.20   -6.30 1004.7        STORNOWAY
1873 07 06 08 00  58.20   -6.30  995.3        STORNOWAY
1873 07 07 08 00  58.20   -6.30 1007.5        STORNOWAY
1873 07 08 08 00  58.20   -6.30 1009.1        STORNOWAY
1873 07 09 08 00  58.20   -6.30 1008.5        STORNOWAY
1873 07 10 08 00  58.20   -6.30 1001.4        STORNOWAY
1873 07 11 08 00  58.20   -6.30 1001.7        STORNOWAY
1873 07 12 08 00  58.20   -6.30 1000.0        STORNOWAY
1873 07 13 08 00  58.20   -6.30  999.3        STORNOWAY
1873 07 14 08 00  58.20   -6.30  995.9        STORNOWAY
1873 07 15 08 00  58.20   -6.30 1003.0        STORNOWAY
1873 07 16 08 00  58.20   -6.30 1012.5        STORNOWAY
1873 07 17 08 00  58.20   -6.30 1006.4        STORNOWAY
1873 07 18 08 00  58.20   -6.30 1003.4        STORNOWAY
1873 07 19 08 00  58.20   -6.30 1010.2        STORNOWAY
1873 07 20 08 00  58.20   -6.30 1005.4        STORNOWAY
1873 07 21 08 00  58.20   -6.30 1013.2        STORNOWAY
1873 07 22 08 00  58.20   -6.30 1011.2        STORNOWAY
1873 07 23 08 00  58.20   -6.30 1012.2        STORNOWAY
1873 07 24 08 00  58.20   -6.30 1012.5        STORNOWAY
1873 07 25 08 00  58.20   -6.30 1007.1        STORNOWAY
1873 07 26 08 00  58.20   -6.30 1008.8        STORNOWAY
1873 07 27 08 00  58.20   -6.30 1011.2        STORNOWAY
1873 07 28 08 00  58.20   -6.30 1010.5        STORNOWAY
1873 07 29 08 00  58.20   -6.30 1011.5        STORNOWAY
1873 07 30 08 00  58.20   -6.30 1006.1        STORNOWAY
1873 07 31 08 00  58.20   -6.30 1001.7        STORNOWAY
1873 07 27 08 00  37.93   40.21 1010.8       DIYARBAKIR
1873 07 28 08 00  37.93   40.21 1010.8       DIYARBAKIR
1873 07 01 08 00  32.67  -16.92 1016.9          FUNCHAL
1873 07 02 08 00  32.67  -16.92 1014.9          FUNCHAL
1873 07 03 08 00  32.67  -16.92 1014.8          FUNCHAL
1873 07 04 08 00  32.67  -16.92 1016.3          FUNCHAL
1873 07 05 08 00  32.67  -16.92 1016.1          FUNCHAL
1873 07 06 08 00  32.67  -16.92 1014.4          FUNCHAL
1873 07 07 08 00  32.67  -16.92 1014.9          FUNCHAL
1873 07 08 08 00  32.67  -16.92 1016.0          FUNCHAL
1873 07 09 08 00  32.67  -16.92 1016.0          FUNCHAL
1873 07 10 08 00  32.67  -16.92 1014.0          FUNCHAL
1873 07 11 08 00  32.67  -16.92 1012.9          FUNCHAL
1873 07 12 08 00  32.67  -16.92 1014.9          FUNCHAL
1873 07 13 08 00  32.67  -16.92 1014.8          FUNCHAL
1873 07 14 08 00  32.67  -16.92 1016.1          FUNCHAL
1873 07 15 08 00  32.67  -16.92 1016.5          FUNCHAL
1873 07 17 08 00  32.67  -16.92 1019.7          FUNCHAL
1873 07 18 08 00  32.67  -16.92 1018.2          FUNCHAL
1873 07 19 08 00  32.67  -16.92 1015.3          FUNCHAL
1873 07 20 08 00  32.67  -16.92 1010.9          FUNCHAL
1873 07 21 08 00  32.67  -16.92 1013.5          FUNCHAL
1873 07 22 08 00  32.67  -16.92 1016.3          FUNCHAL
1873 07 28 08 00  32.67  -16.92 1013.9          FUNCHAL
1873 07 29 08 00  32.67  -16.92 1013.6          FUNCHAL
1873 07 30 08 00  32.67  -16.92 1016.1          FUNCHAL
1873 07 31 08 00  32.67  -16.92 1017.5          FUNCHAL
1873 07 01 08 00  55.20   -6.99 1017.3      GREENCASTLE
1873 07 01 14 00  55.20   -6.99 1013.9      GREENCASTLE
1873 07 02 08 00  55.20   -6.99 1011.2      GREENCASTLE
1873 07 02 14 00  55.20   -6.99 1017.6      GREENCASTLE
1873 07 03 08 00  55.20   -6.99  998.6      GREENCASTLE
1873 07 03 14 00  55.20   -6.99 1009.1      GREENCASTLE
1873 07 04 08 00  55.20   -6.99  997.3      GREENCASTLE
1873 07 04 14 00  55.20   -6.99  999.3      GREENCASTLE
1873 07 05 08 00  55.20   -6.99 1003.7      GREENCASTLE
1873 07 05 14 00  55.20   -6.99 1001.4      GREENCASTLE
1873 07 06 08 00  55.20   -6.99 1004.4      GREENCASTLE
1873 07 06 14 00  55.20   -6.99 1001.0      GREENCASTLE
1873 07 07 08 00  55.20   -6.99 1008.1      GREENCASTLE
1873 07 08 08 00  55.20   -6.99 1012.5      GREENCASTLE
1873 07 08 14 00  55.20   -6.99 1007.5      GREENCASTLE
1873 07 09 08 00  55.20   -6.99 1014.9      GREENCASTLE
1873 07 09 14 00  55.20   -6.99 1013.2      GREENCASTLE
1873 07 10 08 00  55.20   -6.99 1006.8      GREENCASTLE
1873 07 10 14 00  55.20   -6.99 1013.9      GREENCASTLE
1873 07 11 08 00  55.20   -6.99 1006.1      GREENCASTLE
1873 07 11 14 00  55.20   -6.99 1008.1      GREENCASTLE
1873 07 12 08 00  55.20   -6.99 1001.4      GREENCASTLE
1873 07 12 14 00  55.20   -6.99 1004.1      GREENCASTLE
1873 07 13 08 00  55.20   -6.99 1000.0      GREENCASTLE
1873 07 13 14 00  55.20   -6.99 1000.3      GREENCASTLE
1873 07 14 08 00  55.20   -6.99  999.3      GREENCASTLE
1873 07 15 08 00  55.20   -6.99 1003.7      GREENCASTLE
1873 07 15 14 00  55.20   -6.99  999.7      GREENCASTLE
1873 07 16 08 00  55.20   -6.99 1017.6      GREENCASTLE
1873 07 16 14 00  55.20   -6.99 1006.8      GREENCASTLE
1873 07 17 08 00  55.20   -6.99 1007.8      GREENCASTLE
1873 07 17 14 00  55.20   -6.99 1016.3      GREENCASTLE
1873 07 18 08 00  55.20   -6.99 1007.1      GREENCASTLE
1873 07 18 14 00  55.20   -6.99 1004.7      GREENCASTLE
1873 07 19 08 00  55.20   -6.99 1016.3      GREENCASTLE
1873 07 19 14 00  55.20   -6.99 1012.9      GREENCASTLE
1873 07 20 08 00  55.20   -6.99 1013.2      GREENCASTLE
1873 07 20 14 00  55.20   -6.99 1013.2      GREENCASTLE
1873 07 21 08 00  55.20   -6.99 1016.3      GREENCASTLE
1873 07 22 08 00  55.20   -6.99 1013.2      GREENCASTLE
1873 07 22 14 00  55.20   -6.99 1016.3      GREENCASTLE
1873 07 23 08 00  55.20   -6.99 1014.2      GREENCASTLE
1873 07 23 14 00  55.20   -6.99 1013.5      GREENCASTLE
1873 07 24 08 00  55.20   -6.99 1011.2      GREENCASTLE
1873 07 24 14 00  55.20   -6.99 1014.6      GREENCASTLE
1873 07 25 08 00  55.20   -6.99 1009.8      GREENCASTLE
1873 07 25 14 00  55.20   -6.99 1007.8      GREENCASTLE
1873 07 26 08 00  55.20   -6.99 1009.8      GREENCASTLE
1873 07 26 14 00  55.20   -6.99 1010.2      GREENCASTLE
1873 07 27 08 00  55.20   -6.99 1010.5      GREENCASTLE
1873 07 27 14 00  55.20   -6.99 1009.8      GREENCASTLE
1873 07 28 08 00  55.20   -6.99 1013.9      GREENCASTLE
1873 07 29 08 00  55.20   -6.99 1011.5      GREENCASTLE
1873 07 29 14 00  55.20   -6.99 1014.2      GREENCASTLE
1873 07 30 08 00  55.20   -6.99 1007.8      GREENCASTLE
1873 07 30 14 00  55.20   -6.99 1010.8      GREENCASTLE
1873 07 31 08 00  55.20   -6.99 1005.8      GREENCASTLE
1873 07 31 14 00  55.20   -6.99 1007.8      GREENCASTLE
