1869 07 01 08 00  50.82   -1.09 1023.0       PORTSMOUTH
1869 07 02 08 00  50.82   -1.09 1021.7       PORTSMOUTH
1869 07 03 08 00  50.82   -1.09 1022.0       PORTSMOUTH
1869 07 04 08 00  50.82   -1.09 1020.3       PORTSMOUTH
1869 07 05 08 00  50.82   -1.09 1014.2       PORTSMOUTH
1869 07 06 08 00  50.82   -1.09 1014.2       PORTSMOUTH
1869 07 07 08 00  50.82   -1.09 1021.3       PORTSMOUTH
1869 07 08 08 00  50.82   -1.09 1018.6       PORTSMOUTH
1869 07 09 08 00  50.82   -1.09 1024.4       PORTSMOUTH
1869 07 10 08 00  50.82   -1.09 1030.1       PORTSMOUTH
1869 07 11 08 00  50.82   -1.09 1029.1       PORTSMOUTH
1869 07 12 08 00  50.82   -1.09 1021.0       PORTSMOUTH
1869 07 13 08 00  50.82   -1.09 1021.0       PORTSMOUTH
1869 07 14 08 00  50.82   -1.09 1026.8       PORTSMOUTH
1869 07 15 08 00  50.82   -1.09 1026.4       PORTSMOUTH
1869 07 16 08 00  50.82   -1.09 1024.0       PORTSMOUTH
1869 07 17 08 00  50.82   -1.09 1020.0       PORTSMOUTH
1869 07 18 08 00  50.82   -1.09 1017.6       PORTSMOUTH
1869 07 19 08 00  50.82   -1.09 1017.3       PORTSMOUTH
1869 07 20 08 00  50.82   -1.09 1021.3       PORTSMOUTH
1869 07 21 08 00  50.82   -1.09 1019.0       PORTSMOUTH
1869 07 22 08 00  50.82   -1.09 1014.2       PORTSMOUTH
1869 07 23 08 00  50.82   -1.09 1019.3       PORTSMOUTH
1869 07 24 08 00  50.82   -1.09 1017.6       PORTSMOUTH
1869 07 25 08 00  50.82   -1.09 1013.9       PORTSMOUTH
1869 07 26 08 00  50.82   -1.09 1010.5       PORTSMOUTH
1869 07 27 08 00  50.82   -1.09 1012.5       PORTSMOUTH
1869 07 28 08 00  50.82   -1.09 1015.6       PORTSMOUTH
1869 07 29 08 00  50.82   -1.09 1015.2       PORTSMOUTH
1869 07 30 08 00  50.82   -1.09 1018.6       PORTSMOUTH
1869 07 31 08 00  50.82   -1.09 1019.3       PORTSMOUTH
1869 07 01 08 00  57.59   -3.87 1025.1            NAIRN
1869 07 01 14 00  57.59   -3.87 1024.0            NAIRN
1869 07 02 08 00  57.59   -3.87 1023.0            NAIRN
1869 07 02 14 00  57.59   -3.87 1022.0            NAIRN
1869 07 03 08 00  57.59   -3.87 1023.4            NAIRN
1869 07 03 14 00  57.59   -3.87 1023.4            NAIRN
1869 07 04 08 00  57.59   -3.87 1015.2            NAIRN
1869 07 05 08 00  57.59   -3.87 1005.8            NAIRN
1869 07 05 14 00  57.59   -3.87 1003.0            NAIRN
1869 07 06 08 00  57.59   -3.87  998.6            NAIRN
1869 07 06 14 00  57.59   -3.87 1002.0            NAIRN
1869 07 07 08 00  57.59   -3.87 1011.9            NAIRN
1869 07 07 14 00  57.59   -3.87 1008.1            NAIRN
1869 07 08 08 00  57.59   -3.87 1002.4            NAIRN
1869 07 08 14 00  57.59   -3.87 1001.7            NAIRN
1869 07 09 08 00  57.59   -3.87 1004.4            NAIRN
1869 07 09 14 00  57.59   -3.87 1007.5            NAIRN
1869 07 10 08 00  57.59   -3.87 1020.3            NAIRN
1869 07 10 14 00  57.59   -3.87 1023.4            NAIRN
1869 07 11 08 00  57.59   -3.87 1026.8            NAIRN
1869 07 12 08 00  57.59   -3.87 1014.9            NAIRN
1869 07 12 14 00  57.59   -3.87 1014.9            NAIRN
1869 07 13 08 00  57.59   -3.87 1017.9            NAIRN
1869 07 13 14 00  57.59   -3.87 1020.0            NAIRN
1869 07 14 08 00  57.59   -3.87 1015.2            NAIRN
1869 07 14 14 00  57.59   -3.87 1016.6            NAIRN
1869 07 15 08 00  57.59   -3.87 1020.0            NAIRN
1869 07 15 14 00  57.59   -3.87 1017.3            NAIRN
1869 07 16 08 00  57.59   -3.87 1019.6            NAIRN
1869 07 16 14 00  57.59   -3.87 1019.6            NAIRN
1869 07 17 08 00  57.59   -3.87 1021.3            NAIRN
1869 07 17 14 00  57.59   -3.87 1019.0            NAIRN
1869 07 18 08 00  57.59   -3.87 1014.2            NAIRN
1869 07 19 08 00  57.59   -3.87 1021.7            NAIRN
1869 07 19 14 00  57.59   -3.87 1022.4            NAIRN
1869 07 20 08 00  57.59   -3.87 1020.7            NAIRN
1869 07 20 14 00  57.59   -3.87 1018.3            NAIRN
1869 07 21 08 00  57.59   -3.87 1013.5            NAIRN
1869 07 21 14 00  57.59   -3.87 1010.8            NAIRN
1869 07 22 08 00  57.59   -3.87 1008.1            NAIRN
1869 07 22 14 00  57.59   -3.87 1007.8            NAIRN
1869 07 23 08 00  57.59   -3.87 1008.8            NAIRN
1869 07 23 14 00  57.59   -3.87 1009.8            NAIRN
1869 07 24 08 00  57.59   -3.87 1011.2            NAIRN
1869 07 24 14 00  57.59   -3.87 1010.2            NAIRN
1869 07 25 08 00  57.59   -3.87 1010.8            NAIRN
1869 07 26 08 00  57.59   -3.87 1003.0            NAIRN
1869 07 26 14 00  57.59   -3.87 1002.0            NAIRN
1869 07 27 08 00  57.59   -3.87 1007.5            NAIRN
1869 07 27 14 00  57.59   -3.87 1008.1            NAIRN
1869 07 28 08 00  57.59   -3.87 1011.9            NAIRN
1869 07 28 14 00  57.59   -3.87 1012.2            NAIRN
1869 07 29 08 00  57.59   -3.87 1005.8            NAIRN
1869 07 29 14 00  57.59   -3.87 1004.7            NAIRN
1869 07 30 08 00  57.59   -3.87 1003.4            NAIRN
1869 07 30 14 00  57.59   -3.87 1004.1            NAIRN
1869 07 31 08 00  57.59   -3.87 1006.8            NAIRN
1869 07 31 14 00  57.59   -3.87 1006.1            NAIRN
1869 07 01 08 00  38.72   -9.14 1015.9           LISBON
1869 07 02 08 00  38.72   -9.14 1018.9           LISBON
1869 07 03 08 00  38.72   -9.14 1018.0           LISBON
1869 07 04 08 00  38.72   -9.14 1017.6           LISBON
1869 07 05 08 00  38.72   -9.14 1013.3           LISBON
1869 07 06 08 00  38.72   -9.14 1021.3           LISBON
1869 07 07 08 00  38.72   -9.14 1020.0           LISBON
1869 07 08 08 00  38.72   -9.14 1018.6           LISBON
1869 07 09 08 00  38.72   -9.14 1018.9           LISBON
1869 07 10 08 00  38.72   -9.14 1019.6           LISBON
1869 07 11 08 00  38.72   -9.14 1019.4           LISBON
1869 07 12 08 00  38.72   -9.14 1016.7           LISBON
1869 07 13 08 00  38.72   -9.14 1017.6           LISBON
1869 07 14 08 00  38.72   -9.14 1017.6           LISBON
1869 07 15 08 00  38.72   -9.14 1020.0           LISBON
1869 07 16 08 00  38.72   -9.14 1025.8           LISBON
1869 07 17 08 00  38.72   -9.14 1016.9           LISBON
1869 07 18 08 00  38.72   -9.14 1012.1           LISBON
1869 07 19 08 00  38.72   -9.14 1015.5           LISBON
1869 07 20 08 00  38.72   -9.14 1016.1           LISBON
1869 07 21 08 00  38.72   -9.14 1018.6           LISBON
1869 07 22 08 00  38.72   -9.14 1019.3           LISBON
1869 07 23 08 00  38.72   -9.14 1015.6           LISBON
1869 07 24 08 00  38.72   -9.14 1016.5           LISBON
1869 07 25 08 00  38.72   -9.14 1016.5           LISBON
1869 07 26 08 00  38.72   -9.14 1015.6           LISBON
1869 07 27 08 00  38.72   -9.14 1014.8           LISBON
1869 07 28 08 00  38.72   -9.14 1012.7           LISBON
1869 07 29 08 00  38.72   -9.14 1016.3           LISBON
1869 07 30 08 00  38.72   -9.14 1018.4           LISBON
1869 07 31 08 00  38.72   -9.14 1020.4           LISBON
1869 07 01 08 00  57.20   -2.20 1025.1         ABERDEEN
1869 07 02 08 00  57.20   -2.20 1024.4         ABERDEEN
1869 07 03 08 00  57.20   -2.20 1023.7         ABERDEEN
1869 07 04 08 00  57.20   -2.20 1017.6         ABERDEEN
1869 07 05 08 00  57.20   -2.20 1008.1         ABERDEEN
1869 07 06 08 00  57.20   -2.20  999.3         ABERDEEN
1869 07 07 08 00  57.20   -2.20 1013.2         ABERDEEN
1869 07 08 08 00  57.20   -2.20 1007.8         ABERDEEN
1869 07 09 08 00  57.20   -2.20 1009.1         ABERDEEN
1869 07 10 08 00  57.20   -2.20 1021.7         ABERDEEN
1869 07 11 08 00  57.20   -2.20 1026.8         ABERDEEN
1869 07 12 08 00  57.20   -2.20 1014.6         ABERDEEN
1869 07 13 08 00  57.20   -2.20 1018.3         ABERDEEN
1869 07 14 08 00  57.20   -2.20 1015.9         ABERDEEN
1869 07 15 08 00  57.20   -2.20 1017.9         ABERDEEN
1869 07 16 08 00  57.20   -2.20 1019.0         ABERDEEN
1869 07 17 08 00  57.20   -2.20 1021.7         ABERDEEN
1869 07 18 08 00  57.20   -2.20 1014.2         ABERDEEN
1869 07 19 08 00  57.20   -2.20 1021.7         ABERDEEN
1869 07 20 08 00  57.20   -2.20 1021.7         ABERDEEN
1869 07 21 08 00  57.20   -2.20 1014.6         ABERDEEN
1869 07 22 08 00  57.20   -2.20 1009.1         ABERDEEN
1869 07 23 08 00  57.20   -2.20 1010.8         ABERDEEN
1869 07 24 08 00  57.20   -2.20 1012.5         ABERDEEN
1869 07 25 08 00  57.20   -2.20 1011.5         ABERDEEN
1869 07 26 08 00  57.20   -2.20 1006.1         ABERDEEN
1869 07 27 08 00  57.20   -2.20 1007.5         ABERDEEN
1869 07 28 08 00  57.20   -2.20 1013.2         ABERDEEN
1869 07 29 08 00  57.20   -2.20 1010.5         ABERDEEN
1869 07 30 08 00  57.20   -2.20 1002.4         ABERDEEN
1869 07 31 08 00  57.20   -2.20 1006.8         ABERDEEN
1869 07 01 08 00  51.68   -5.18 1024.7         PEMBROKE
1869 07 02 08 00  51.68   -5.18 1021.7         PEMBROKE
1869 07 03 08 00  51.68   -5.18 1021.7         PEMBROKE
1869 07 04 08 00  51.68   -5.18 1027.8         PEMBROKE
1869 07 05 08 00  51.68   -5.18 1011.2         PEMBROKE
1869 07 06 08 00  51.68   -5.18 1010.8         PEMBROKE
1869 07 07 08 00  51.68   -5.18 1016.9         PEMBROKE
1869 07 08 08 00  51.68   -5.18 1012.2         PEMBROKE
1869 07 09 08 00  51.68   -5.18 1021.7         PEMBROKE
1869 07 10 08 00  51.68   -5.18 1029.8         PEMBROKE
1869 07 11 08 00  51.68   -5.18 1026.8         PEMBROKE
1869 07 12 08 00  51.68   -5.18 1020.0         PEMBROKE
1869 07 13 08 00  51.68   -5.18 1024.7         PEMBROKE
1869 07 14 08 00  51.68   -5.18 1027.8         PEMBROKE
1869 07 15 08 00  51.68   -5.18 1026.8         PEMBROKE
1869 07 16 08 00  51.68   -5.18 1024.0         PEMBROKE
1869 07 17 08 00  51.68   -5.18 1018.6         PEMBROKE
1869 07 18 08 00  51.68   -5.18 1016.9         PEMBROKE
1869 07 19 08 00  51.68   -5.18 1019.3         PEMBROKE
1869 07 20 08 00  51.68   -5.18 1020.7         PEMBROKE
1869 07 21 08 00  51.68   -5.18 1016.9         PEMBROKE
1869 07 22 08 00  51.68   -5.18 1013.5         PEMBROKE
1869 07 23 08 00  51.68   -5.18 1017.6         PEMBROKE
1869 07 24 08 00  51.68   -5.18 1016.9         PEMBROKE
1869 07 25 08 00  51.68   -5.18 1012.5         PEMBROKE
1869 07 26 08 00  51.68   -5.18 1005.4         PEMBROKE
1869 07 27 08 00  51.68   -5.18 1013.2         PEMBROKE
1869 07 28 08 00  51.68   -5.18 1014.6         PEMBROKE
1869 07 29 08 00  51.68   -5.18 1013.5         PEMBROKE
1869 07 30 08 00  51.68   -5.18 1014.6         PEMBROKE
1869 07 31 08 00  51.68   -5.18 1014.9         PEMBROKE
1869 07 01 08 00  45.94   -0.96 1017.3        ROCHEFORT
1869 07 02 08 00  45.94   -0.96 1017.3        ROCHEFORT
1869 07 03 08 00  45.94   -0.96 1020.0        ROCHEFORT
1869 07 04 08 00  45.94   -0.96 1017.3        ROCHEFORT
1869 07 05 08 00  45.94   -0.96 1015.6        ROCHEFORT
1869 07 06 08 00  45.94   -0.96 1021.3        ROCHEFORT
1869 07 07 08 00  45.94   -0.96 1021.3        ROCHEFORT
1869 07 08 08 00  45.94   -0.96 1025.1        ROCHEFORT
1869 07 09 08 00  45.94   -0.96 1026.4        ROCHEFORT
1869 07 10 08 00  45.94   -0.96 1026.4        ROCHEFORT
1869 07 11 08 00  45.94   -0.96 1023.4        ROCHEFORT
1869 07 12 08 00  45.94   -0.96 1017.9        ROCHEFORT
1869 07 13 08 00  45.94   -0.96 1014.9        ROCHEFORT
1869 07 14 08 00  45.94   -0.96 1022.0        ROCHEFORT
1869 07 15 08 00  45.94   -0.96 1026.1        ROCHEFORT
1869 07 16 08 00  45.94   -0.96 1023.4        ROCHEFORT
1869 07 17 08 00  45.94   -0.96 1017.9        ROCHEFORT
1869 07 18 08 00  45.94   -0.96 1013.9        ROCHEFORT
1869 07 19 08 00  45.94   -0.96 1012.5        ROCHEFORT
1869 07 20 08 00  45.94   -0.96 1013.5        ROCHEFORT
1869 07 21 08 00  45.94   -0.96 1013.9        ROCHEFORT
1869 07 22 08 00  45.94   -0.96 1017.9        ROCHEFORT
1869 07 23 08 00  45.94   -0.96 1019.6        ROCHEFORT
1869 07 24 08 00  45.94   -0.96 1016.9        ROCHEFORT
1869 07 25 08 00  45.94   -0.96 1015.9        ROCHEFORT
1869 07 26 08 00  45.94   -0.96 1014.2        ROCHEFORT
1869 07 27 08 00  45.94   -0.96 1015.6        ROCHEFORT
1869 07 28 08 00  45.94   -0.96 1013.2        ROCHEFORT
1869 07 29 08 00  45.94   -0.96 1018.6        ROCHEFORT
1869 07 30 08 00  45.94   -0.96 1023.4        ROCHEFORT
1869 07 31 08 00  45.94   -0.96 1023.7        ROCHEFORT
1869 07 01 08 00  53.31   -4.63 1024.7         HOLYHEAD
1869 07 02 08 00  53.31   -4.63 1022.4         HOLYHEAD
1869 07 03 08 00  53.31   -4.63 1021.7         HOLYHEAD
1869 07 04 08 00  53.31   -4.63 1018.3         HOLYHEAD
1869 07 05 08 00  53.31   -4.63 1009.1         HOLYHEAD
1869 07 06 08 00  53.31   -4.63 1008.5         HOLYHEAD
1869 07 07 08 00  53.31   -4.63 1015.2         HOLYHEAD
1869 07 08 08 00  53.31   -4.63 1010.2         HOLYHEAD
1869 07 09 08 00  53.31   -4.63 1019.3         HOLYHEAD
1869 07 10 08 00  53.31   -4.63 1029.1         HOLYHEAD
1869 07 11 08 00  53.31   -4.63 1027.1         HOLYHEAD
1869 07 12 08 00  53.31   -4.63 1020.7         HOLYHEAD
1869 07 13 08 00  53.31   -4.63 1025.1         HOLYHEAD
1869 07 14 08 00  53.31   -4.63 1027.1         HOLYHEAD
1869 07 15 08 00  53.31   -4.63 1026.8         HOLYHEAD
1869 07 16 08 00  53.31   -4.63 1024.7         HOLYHEAD
1869 07 17 08 00  53.31   -4.63 1019.6         HOLYHEAD
1869 07 18 08 00  53.31   -4.63 1017.9         HOLYHEAD
1869 07 19 08 00  53.31   -4.63 1021.0         HOLYHEAD
1869 07 20 08 00  53.31   -4.63 1021.7         HOLYHEAD
1869 07 21 08 00  53.31   -4.63 1017.3         HOLYHEAD
1869 07 22 08 00  53.31   -4.63 1012.5         HOLYHEAD
1869 07 23 08 00  53.31   -4.63 1016.6         HOLYHEAD
1869 07 24 08 00  53.31   -4.63 1016.3         HOLYHEAD
1869 07 25 08 00  53.31   -4.63 1012.5         HOLYHEAD
1869 07 26 08 00  53.31   -4.63 1005.8         HOLYHEAD
1869 07 27 08 00  53.31   -4.63 1011.2         HOLYHEAD
1869 07 28 08 00  53.31   -4.63 1014.6         HOLYHEAD
1869 07 29 08 00  53.31   -4.63 1011.9         HOLYHEAD
1869 07 30 08 00  53.31   -4.63 1012.2         HOLYHEAD
1869 07 31 08 00  53.31   -4.63 1012.9         HOLYHEAD
1869 07 01 08 00  51.80   -8.30 1024.4      ROCHESPOINT
1869 07 02 08 00  51.80   -8.30 1023.4      ROCHESPOINT
1869 07 03 08 00  51.80   -8.30 1022.0      ROCHESPOINT
1869 07 04 08 00  51.80   -8.30 1015.9      ROCHESPOINT
1869 07 05 08 00  51.80   -8.30 1008.5      ROCHESPOINT
1869 07 06 08 00  51.80   -8.30 1011.9      ROCHESPOINT
1869 07 07 08 00  51.80   -8.30 1012.9      ROCHESPOINT
1869 07 08 08 00  51.80   -8.30 1008.5      ROCHESPOINT
1869 07 09 08 00  51.80   -8.30 1021.3      ROCHESPOINT
1869 07 10 08 00  51.80   -8.30 1029.1      ROCHESPOINT
1869 07 11 08 00  51.80   -8.30 1027.8      ROCHESPOINT
1869 07 12 08 00  51.80   -8.30 1023.4      ROCHESPOINT
1869 07 13 08 00  51.80   -8.30 1027.4      ROCHESPOINT
1869 07 14 08 00  51.80   -8.30 1029.5      ROCHESPOINT
1869 07 15 08 00  51.80   -8.30 1028.4      ROCHESPOINT
1869 07 16 08 00  51.80   -8.30 1024.0      ROCHESPOINT
1869 07 17 08 00  51.80   -8.30 1019.3      ROCHESPOINT
1869 07 18 08 00  51.80   -8.30 1019.0      ROCHESPOINT
1869 07 19 08 00  51.80   -8.30 1020.7      ROCHESPOINT
1869 07 20 08 00  51.80   -8.30 1021.3      ROCHESPOINT
1869 07 21 08 00  51.80   -8.30 1015.2      ROCHESPOINT
1869 07 22 08 00  51.80   -8.30 1012.5      ROCHESPOINT
1869 07 23 08 00  51.80   -8.30 1016.6      ROCHESPOINT
1869 07 24 08 00  51.80   -8.30 1015.9      ROCHESPOINT
1869 07 25 08 00  51.80   -8.30 1010.8      ROCHESPOINT
1869 07 26 08 00  51.80   -8.30 1008.5      ROCHESPOINT
1869 07 27 08 00  51.80   -8.30 1012.9      ROCHESPOINT
1869 07 28 08 00  51.80   -8.30 1013.9      ROCHESPOINT
1869 07 29 08 00  51.80   -8.30 1009.5      ROCHESPOINT
1869 07 30 08 00  51.80   -8.30 1012.2      ROCHESPOINT
1869 07 31 08 00  51.80   -8.30 1015.2      ROCHESPOINT
1869 07 01 08 00  50.38   -4.14 1024.7         PLYMOUTH
1869 07 02 08 00  50.38   -4.14 1023.0         PLYMOUTH
1869 07 03 08 00  50.38   -4.14 1022.7         PLYMOUTH
1869 07 04 08 00  50.38   -4.14 1017.9         PLYMOUTH
1869 07 05 08 00  50.38   -4.14 1012.5         PLYMOUTH
1869 07 06 08 00  50.38   -4.14 1015.2         PLYMOUTH
1869 07 07 08 00  50.38   -4.14 1020.7         PLYMOUTH
1869 07 08 08 00  50.38   -4.14 1017.6         PLYMOUTH
1869 07 09 08 00  50.38   -4.14 1025.1         PLYMOUTH
1869 07 10 08 00  50.38   -4.14 1031.2         PLYMOUTH
1869 07 11 08 00  50.38   -4.14 1027.8         PLYMOUTH
1869 07 12 08 00  50.38   -4.14 1020.7         PLYMOUTH
1869 07 13 08 00  50.38   -4.14 1023.4         PLYMOUTH
1869 07 14 08 00  50.38   -4.14 1029.1         PLYMOUTH
1869 07 15 08 00  50.38   -4.14 1028.1         PLYMOUTH
1869 07 16 08 00  50.38   -4.14 1024.7         PLYMOUTH
1869 07 17 08 00  50.38   -4.14 1020.0         PLYMOUTH
1869 07 18 08 00  50.38   -4.14 1017.9         PLYMOUTH
1869 07 19 08 00  50.38   -4.14 1019.0         PLYMOUTH
1869 07 20 08 00  50.38   -4.14 1021.7         PLYMOUTH
1869 07 21 08 00  50.38   -4.14 1017.6         PLYMOUTH
1869 07 22 08 00  50.38   -4.14 1015.2         PLYMOUTH
1869 07 23 08 00  50.38   -4.14 1020.0         PLYMOUTH
1869 07 24 08 00  50.38   -4.14 1019.0         PLYMOUTH
1869 07 25 08 00  50.38   -4.14 1015.6         PLYMOUTH
1869 07 26 08 00  50.38   -4.14 1008.8         PLYMOUTH
1869 07 27 08 00  50.38   -4.14 1013.9         PLYMOUTH
1869 07 28 08 00  50.38   -4.14 1014.9         PLYMOUTH
1869 07 29 08 00  50.38   -4.14 1016.6         PLYMOUTH
1869 07 30 08 00  50.38   -4.14  405.4         PLYMOUTH
1869 07 31 08 00  50.38   -4.14 1019.3         PLYMOUTH
1869 07 01 08 00  41.90   12.50 1009.7             ROME
1869 07 03 08 00  41.90   12.50 1012.8             ROME
1869 07 04 08 00  41.90   12.50 1012.5             ROME
1869 07 05 08 00  41.90   12.50 1012.9             ROME
1869 07 06 08 00  41.90   12.50 1015.7             ROME
1869 07 07 08 00  41.90   12.50 1017.5             ROME
1869 07 08 08 00  41.90   12.50 1019.8             ROME
1869 07 09 08 00  41.90   12.50 1020.6             ROME
1869 07 10 08 00  41.90   12.50 1020.8             ROME
1869 07 11 08 00  41.90   12.50 1020.2             ROME
1869 07 12 08 00  41.90   12.50 1017.5             ROME
1869 07 13 08 00  41.90   12.50 1017.7             ROME
1869 07 14 08 00  41.90   12.50 1014.7             ROME
1869 07 15 08 00  41.90   12.50 1015.9             ROME
1869 07 16 08 00  41.90   12.50 1015.9             ROME
1869 07 17 08 00  41.90   12.50 1014.4             ROME
1869 07 18 08 00  41.90   12.50 1010.1             ROME
1869 07 19 08 00  41.90   12.50 1012.3             ROME
1869 07 20 08 00  41.90   12.50 1013.2             ROME
1869 07 21 08 00  41.90   12.50 1015.6             ROME
1869 07 22 08 00  41.90   12.50 1013.7             ROME
1869 07 23 08 00  41.90   12.50 1013.5             ROME
1869 07 24 08 00  41.90   12.50 1012.4             ROME
1869 07 25 08 00  41.90   12.50 1010.8             ROME
1869 07 26 08 00  41.90   12.50 1011.9             ROME
1869 07 27 08 00  41.90   12.50 1014.4             ROME
1869 07 28 08 00  41.90   12.50 1015.7             ROME
1869 07 29 08 00  41.90   12.50 1020.1             ROME
1869 07 30 08 00  41.90   12.50 1020.1             ROME
1869 07 31 08 00  41.90   12.50 1018.9             ROME
1869 07 01 08 00  48.39   -4.49 1019.0            BREST
1869 07 02 08 00  48.39   -4.49 1019.0            BREST
1869 07 03 08 00  48.39   -4.49 1019.0            BREST
1869 07 04 08 00  48.39   -4.49 1020.0            BREST
1869 07 05 08 00  48.39   -4.49 1013.5            BREST
1869 07 06 08 00  48.39   -4.49 1020.0            BREST
1869 07 07 08 00  48.39   -4.49 1019.0            BREST
1869 07 08 08 00  48.39   -4.49 1016.3            BREST
1869 07 09 08 00  48.39   -4.49 1024.4            BREST
1869 07 10 08 00  48.39   -4.49 1028.1            BREST
1869 07 11 08 00  48.39   -4.49 1022.7            BREST
1869 07 12 08 00  48.39   -4.49 1016.6            BREST
1869 07 13 08 00  48.39   -4.49 1018.6            BREST
1869 07 14 08 00  48.39   -4.49 1025.4            BREST
1869 07 15 08 00  48.39   -4.49 1026.8            BREST
1869 07 16 08 00  48.39   -4.49 1021.3            BREST
1869 07 17 08 00  48.39   -4.49 1016.9            BREST
1869 07 18 08 00  48.39   -4.49 1013.9            BREST
1869 07 19 08 00  48.39   -4.49 1013.9            BREST
1869 07 20 08 00  48.39   -4.49 1013.9            BREST
1869 07 21 08 00  48.39   -4.49 1012.5            BREST
1869 07 22 08 00  48.39   -4.49 1014.2            BREST
1869 07 23 08 00  48.39   -4.49 1018.3            BREST
1869 07 24 08 00  48.39   -4.49 1016.9            BREST
1869 07 25 08 00  48.39   -4.49 1012.9            BREST
1869 07 26 08 00  48.39   -4.49 1009.1            BREST
1869 07 27 08 00  48.39   -4.49 1013.5            BREST
1869 07 28 08 00  48.39   -4.49 1009.5            BREST
1869 07 29 08 00  48.39   -4.49 1015.9            BREST
1869 07 30 08 00  48.39   -4.49 1018.6            BREST
1869 07 31 08 00  48.39   -4.49 1020.0            BREST
1869 07 01 08 00  45.76    4.84 1020.0            LYONS
1869 07 02 08 00  45.76    4.84 1022.7            LYONS
1869 07 03 08 00  45.76    4.84 1024.0            LYONS
1869 07 04 08 00  45.76    4.84 1024.0            LYONS
1869 07 05 08 00  45.76    4.84 1031.2            LYONS
1869 07 06 08 00  45.76    4.84 1026.8            LYONS
1869 07 07 08 00  45.76    4.84 1028.8            LYONS
1869 07 08 08 00  45.76    4.84 1028.1            LYONS
1869 07 09 08 00  45.76    4.84 1028.1            LYONS
1869 07 10 08 00  45.76    4.84 1030.8            LYONS
1869 07 11 08 00  45.76    4.84 1029.4            LYONS
1869 07 12 08 00  45.76    4.84 1018.8            LYONS
1869 07 13 08 00  45.76    4.84 1021.3            LYONS
1869 07 14 08 00  45.76    4.84 1024.1            LYONS
1869 07 15 08 00  45.76    4.84 1022.6            LYONS
1869 07 16 08 00  45.76    4.84 1028.1            LYONS
1869 07 17 08 00  45.76    4.84 1022.8            LYONS
1869 07 18 08 00  45.76    4.84 1018.8            LYONS
1869 07 19 08 00  45.76    4.84 1019.8            LYONS
1869 07 20 08 00  45.76    4.84 1020.1            LYONS
1869 07 21 08 00  45.76    4.84 1019.4            LYONS
1869 07 22 08 00  45.76    4.84 1020.1            LYONS
1869 07 23 08 00  45.76    4.84 1022.0            LYONS
1869 07 24 08 00  45.76    4.84 1018.8            LYONS
1869 07 25 08 00  45.76    4.84 1018.1            LYONS
1869 07 26 08 00  45.76    4.84 1018.8            LYONS
1869 07 27 08 00  45.76    4.84 1020.1            LYONS
1869 07 28 08 00  45.76    4.84 1013.7            LYONS
1869 07 29 08 00  45.76    4.84 1020.8            LYONS
1869 07 30 08 00  45.76    4.84 1026.8            LYONS
1869 07 31 08 00  45.76    4.84 1019.4            LYONS
1869 07 01 08 00  54.28   -0.40 1026.4      SCARBOROUGH
1869 07 01 14 00  54.28   -0.40 1025.7      SCARBOROUGH
1869 07 02 08 00  54.28   -0.40 1025.1      SCARBOROUGH
1869 07 02 14 00  54.28   -0.40 1024.4      SCARBOROUGH
1869 07 03 08 00  54.28   -0.40 1027.1      SCARBOROUGH
1869 07 03 14 00  54.28   -0.40 1022.7      SCARBOROUGH
1869 07 04 08 00  54.28   -0.40 1020.3      SCARBOROUGH
1869 07 05 08 00  54.28   -0.40 1012.5      SCARBOROUGH
1869 07 05 14 00  54.28   -0.40 1010.2      SCARBOROUGH
1869 07 06 08 00  54.28   -0.40 1006.1      SCARBOROUGH
1869 07 06 14 00  54.28   -0.40 1008.1      SCARBOROUGH
1869 07 07 08 00  54.28   -0.40 1016.3      SCARBOROUGH
1869 07 07 14 00  54.28   -0.40 1015.9      SCARBOROUGH
1869 07 08 08 00  54.28   -0.40 1012.5      SCARBOROUGH
1869 07 08 14 00  54.28   -0.40 1011.9      SCARBOROUGH
1869 07 09 08 00  54.28   -0.40 1017.9      SCARBOROUGH
1869 07 09 14 00  54.28   -0.40 1020.0      SCARBOROUGH
1869 07 10 08 00  54.28   -0.40 1027.1      SCARBOROUGH
1869 07 10 14 00  54.28   -0.40 1028.8      SCARBOROUGH
1869 07 11 08 00  54.28   -0.40 1030.5      SCARBOROUGH
1869 07 12 08 00  54.28   -0.40 1020.3      SCARBOROUGH
1869 07 12 14 00  54.28   -0.40 1018.3      SCARBOROUGH
1869 07 13 08 00  54.28   -0.40 1022.0      SCARBOROUGH
1869 07 13 14 00  54.28   -0.40 1022.4      SCARBOROUGH
1869 07 14 08 00  54.28   -0.40 1023.0      SCARBOROUGH
1869 07 14 14 00  54.28   -0.40 1021.0      SCARBOROUGH
1869 07 15 08 00  54.28   -0.40 1022.7      SCARBOROUGH
1869 07 15 14 00  54.28   -0.40 1021.0      SCARBOROUGH
1869 07 16 08 00  54.28   -0.40 1022.0      SCARBOROUGH
1869 07 16 14 00  54.28   -0.40 1021.7      SCARBOROUGH
1869 07 17 08 00  54.28   -0.40 1021.0      SCARBOROUGH
1869 07 17 14 00  54.28   -0.40 1021.3      SCARBOROUGH
1869 07 18 08 00  54.28   -0.40 1016.6      SCARBOROUGH
1869 07 19 08 00  54.28   -0.40 1020.3      SCARBOROUGH
1869 07 19 14 00  54.28   -0.40 1022.0      SCARBOROUGH
1869 07 20 08 00  54.28   -0.40 1023.4      SCARBOROUGH
1869 07 20 14 00  54.28   -0.40 1022.7      SCARBOROUGH
1869 07 21 08 00  54.28   -0.40 1018.6      SCARBOROUGH
1869 07 21 14 00  54.28   -0.40 1017.3      SCARBOROUGH
1869 07 22 08 00  54.28   -0.40 1013.5      SCARBOROUGH
1869 07 22 14 00  54.28   -0.40 1012.5      SCARBOROUGH
1869 07 23 08 00  54.28   -0.40 1015.9      SCARBOROUGH
1869 07 23 14 00  54.28   -0.40 1016.6      SCARBOROUGH
1869 07 24 08 00  54.28   -0.40 1016.6      SCARBOROUGH
1869 07 24 14 00  54.28   -0.40 1014.6      SCARBOROUGH
1869 07 25 08 00  54.28   -0.40 1013.9      SCARBOROUGH
1869 07 26 08 00  54.28   -0.40 1008.8      SCARBOROUGH
1869 07 26 14 00  54.28   -0.40 1007.5      SCARBOROUGH
1869 07 27 08 00  54.28   -0.40 1008.1      SCARBOROUGH
1869 07 27 14 00  54.28   -0.40 1010.8      SCARBOROUGH
1869 07 28 08 00  54.28   -0.40 1015.9      SCARBOROUGH
1869 07 28 14 00  54.28   -0.40 1015.6      SCARBOROUGH
1869 07 29 08 00  54.28   -0.40 1013.9      SCARBOROUGH
1869 07 29 14 00  54.28   -0.40 1011.5      SCARBOROUGH
1869 07 30 08 00  54.28   -0.40 1011.5      SCARBOROUGH
1869 07 30 14 00  54.28   -0.40 1012.9      SCARBOROUGH
1869 07 31 08 00  54.28   -0.40 1012.9      SCARBOROUGH
1869 07 31 14 00  54.28   -0.40 1011.9      SCARBOROUGH
1869 07 01 08 00  53.40   -3.08 1023.0        LIVERPOOL
1869 07 02 08 00  53.40   -3.08 1024.0        LIVERPOOL
1869 07 03 08 00  53.40   -3.08 1022.7        LIVERPOOL
1869 07 04 08 00  53.40   -3.08 1017.6        LIVERPOOL
1869 07 05 08 00  53.40   -3.08 1011.9        LIVERPOOL
1869 07 06 08 00  53.40   -3.08 1007.8        LIVERPOOL
1869 07 07 08 00  53.40   -3.08 1015.9        LIVERPOOL
1869 07 08 08 00  53.40   -3.08 1011.9        LIVERPOOL
1869 07 09 08 00  53.40   -3.08 1019.6        LIVERPOOL
1869 07 10 08 00  53.40   -3.08 1028.8        LIVERPOOL
1869 07 11 08 00  53.40   -3.08 1028.4        LIVERPOOL
1869 07 12 08 00  53.40   -3.08 1020.0        LIVERPOOL
1869 07 13 08 00  53.40   -3.08 1023.7        LIVERPOOL
1869 07 14 08 00  53.40   -3.08 1025.7        LIVERPOOL
1869 07 15 08 00  53.40   -3.08 1025.4        LIVERPOOL
1869 07 16 08 00  53.40   -3.08 1024.4        LIVERPOOL
1869 07 17 08 00  53.40   -3.08 1020.0        LIVERPOOL
1869 07 18 08 00  53.40   -3.08 1017.3        LIVERPOOL
1869 07 19 08 00  53.40   -3.08 1021.0        LIVERPOOL
1869 07 20 08 00  53.40   -3.08 1021.7        LIVERPOOL
1869 07 21 08 00  53.40   -3.08 1017.6        LIVERPOOL
1869 07 22 08 00  53.40   -3.08 1013.5        LIVERPOOL
1869 07 23 08 00  53.40   -3.08 1016.6        LIVERPOOL
1869 07 24 08 00  53.40   -3.08 1016.3        LIVERPOOL
1869 07 25 08 00  53.40   -3.08 1013.2        LIVERPOOL
1869 07 26 08 00  53.40   -3.08 1006.8        LIVERPOOL
1869 07 27 08 00  53.40   -3.08 1009.8        LIVERPOOL
1869 07 28 08 00  53.40   -3.08 1014.9        LIVERPOOL
1869 07 29 08 00  53.40   -3.08 1012.9        LIVERPOOL
1869 07 30 08 00  53.40   -3.08 1012.5        LIVERPOOL
1869 07 31 08 00  53.40   -3.08 1012.9        LIVERPOOL
1869 07 01 08 00  50.12   -5.54 1023.7         PENZANCE
1869 07 01 14 00  50.12   -5.54 1023.4         PENZANCE
1869 07 02 08 00  50.12   -5.54 1021.7         PENZANCE
1869 07 02 14 00  50.12   -5.54 1022.0         PENZANCE
1869 07 03 08 00  50.12   -5.54 1021.3         PENZANCE
1869 07 03 14 00  50.12   -5.54 1021.7         PENZANCE
1869 07 04 08 00  50.12   -5.54 1017.9         PENZANCE
1869 07 05 08 00  50.12   -5.54 1012.5         PENZANCE
1869 07 05 14 00  50.12   -5.54 1012.9         PENZANCE
1869 07 06 08 00  50.12   -5.54 1014.6         PENZANCE
1869 07 06 14 00  50.12   -5.54 1016.9         PENZANCE
1869 07 07 08 00  50.12   -5.54 1018.6         PENZANCE
1869 07 07 14 00  50.12   -5.54 1018.6         PENZANCE
1869 07 08 08 00  50.12   -5.54 1014.9         PENZANCE
1869 07 08 14 00  50.12   -5.54 1015.6         PENZANCE
1869 07 09 08 00  50.12   -5.54 1024.4         PENZANCE
1869 07 09 14 00  50.12   -5.54 1027.1         PENZANCE
1869 07 10 08 00  50.12   -5.54 1030.1         PENZANCE
1869 07 10 14 00  50.12   -5.54 1030.8         PENZANCE
1869 07 11 08 00  50.12   -5.54 1025.4         PENZANCE
1869 07 12 08 00  50.12   -5.54 1019.6         PENZANCE
1869 07 12 14 00  50.12   -5.54 1021.3         PENZANCE
1869 07 13 08 00  50.12   -5.54 1023.7         PENZANCE
1869 07 13 14 00  50.12   -5.54 1026.1         PENZANCE
1869 07 14 08 00  50.12   -5.54 1028.8         PENZANCE
1869 07 14 14 00  50.12   -5.54 1029.1         PENZANCE
1869 07 15 08 00  50.12   -5.54 1027.8         PENZANCE
1869 07 15 14 00  50.12   -5.54 1027.1         PENZANCE
1869 07 16 08 00  50.12   -5.54 1023.7         PENZANCE
1869 07 16 14 00  50.12   -5.54 1022.7         PENZANCE
1869 07 17 08 00  50.12   -5.54 1018.6         PENZANCE
1869 07 17 14 00  50.12   -5.54 1018.3         PENZANCE
1869 07 18 08 00  50.12   -5.54 1016.6         PENZANCE
1869 07 19 08 00  50.12   -5.54 1017.9         PENZANCE
1869 07 19 14 00  50.12   -5.54 1018.6         PENZANCE
1869 07 20 08 00  50.12   -5.54 1020.3         PENZANCE
1869 07 20 14 00  50.12   -5.54 1020.3         PENZANCE
1869 07 21 08 00  50.12   -5.54 1015.9         PENZANCE
1869 07 21 14 00  50.12   -5.54 1015.6         PENZANCE
1869 07 22 08 00  50.12   -5.54 1013.9         PENZANCE
1869 07 22 14 00  50.12   -5.54 1014.9         PENZANCE
1869 07 23 08 00  50.12   -5.54 1019.0         PENZANCE
1869 07 23 14 00  50.12   -5.54 1020.3         PENZANCE
1869 07 24 08 00  50.12   -5.54 1017.9         PENZANCE
1869 07 24 14 00  50.12   -5.54 1017.6         PENZANCE
1869 07 25 08 00  50.12   -5.54 1013.2         PENZANCE
1869 07 26 08 00  50.12   -5.54 1007.8         PENZANCE
1869 07 26 14 00  50.12   -5.54 1009.8         PENZANCE
1869 07 27 08 00  50.12   -5.54 1013.2         PENZANCE
1869 07 27 14 00  50.12   -5.54 1014.6         PENZANCE
1869 07 28 08 00  50.12   -5.54 1013.9         PENZANCE
1869 07 28 14 00  50.12   -5.54 1014.9         PENZANCE
1869 07 29 08 00  50.12   -5.54 1014.9         PENZANCE
1869 07 29 14 00  50.12   -5.54 1014.6         PENZANCE
1869 07 30 08 00  50.12   -5.54 1017.3         PENZANCE
1869 07 30 14 00  50.12   -5.54 1017.9         PENZANCE
1869 07 31 08 00  50.12   -5.54 1017.3         PENZANCE
1869 07 31 14 00  50.12   -5.54 1016.3         PENZANCE
1869 07 01 08 00  43.12    5.93 1011.9           TOULON
1869 07 02 08 00  43.12    5.93 1013.9           TOULON
1869 07 03 08 00  43.12    5.93 1014.6           TOULON
1869 07 04 08 00  43.12    5.93 1012.5           TOULON
1869 07 05 08 00  43.12    5.93 1014.9           TOULON
1869 07 06 08 00  43.12    5.93 1017.6           TOULON
1869 07 07 08 00  43.12    5.93 1020.3           TOULON
1869 07 08 08 00  43.12    5.93 1025.4           TOULON
1869 07 09 08 00  43.12    5.93 1023.0           TOULON
1869 07 10 08 00  43.12    5.93 1023.7           TOULON
1869 07 11 08 00  43.12    5.93 1023.0           TOULON
1869 07 12 08 00  43.12    5.93 1019.0           TOULON
1869 07 13 08 00  43.12    5.93 1017.6           TOULON
1869 07 14 08 00  43.12    5.93 1014.6           TOULON
1869 07 15 08 00  43.12    5.93 1014.9           TOULON
1869 07 16 08 00  43.12    5.93 1017.3           TOULON
1869 07 17 08 00  43.12    5.93 1013.2           TOULON
1869 07 18 08 00  43.12    5.93 1011.2           TOULON
1869 07 19 08 00  43.12    5.93 1014.6           TOULON
1869 07 20 08 00  43.12    5.93 1014.6           TOULON
1869 07 21 08 00  43.12    5.93 1015.9           TOULON
1869 07 22 08 00  43.12    5.93 1014.9           TOULON
1869 07 23 08 00  43.12    5.93 1014.8           TOULON
1869 07 24 08 00  43.12    5.93 1014.9           TOULON
1869 07 25 08 00  43.12    5.93 1010.2           TOULON
1869 07 26 08 00  43.12    5.93 1013.2           TOULON
1869 07 27 08 00  43.12    5.93 1015.2           TOULON
1869 07 28 08 00  43.12    5.93 1015.9           TOULON
1869 07 29 08 00  43.12    5.93 1020.0           TOULON
1869 07 30 08 00  43.12    5.93 1023.0           TOULON
1869 07 31 08 00  43.12    5.93 1021.7           TOULON
1869 07 01 08 00  55.20   -6.99 1027.1      GREENCASTLE
1869 07 01 14 00  55.20   -6.99 1026.1      GREENCASTLE
1869 07 02 08 00  55.20   -6.99 1024.0      GREENCASTLE
1869 07 02 14 00  55.20   -6.99 1023.7      GREENCASTLE
1869 07 03 08 00  55.20   -6.99 1022.4      GREENCASTLE
1869 07 03 14 00  55.20   -6.99 1021.3      GREENCASTLE
1869 07 04 08 00  55.20   -6.99 1015.2      GREENCASTLE
1869 07 05 08 00  55.20   -6.99 1004.7      GREENCASTLE
1869 07 05 14 00  55.20   -6.99 1003.4      GREENCASTLE
1869 07 06 08 00  55.20   -6.99 1006.4      GREENCASTLE
1869 07 06 14 00  55.20   -6.99 1010.2      GREENCASTLE
1869 07 07 08 00  55.20   -6.99 1009.5      GREENCASTLE
1869 07 07 14 00  55.20   -6.99 1007.1      GREENCASTLE
1869 07 08 08 00  55.20   -6.99 1003.7      GREENCASTLE
1869 07 08 14 00  55.20   -6.99 1003.4      GREENCASTLE
1869 07 09 08 00  55.20   -6.99 1012.2      GREENCASTLE
1869 07 09 14 00  55.20   -6.99 1016.6      GREENCASTLE
1869 07 10 08 00  55.20   -6.99 1026.1      GREENCASTLE
1869 07 10 14 00  55.20   -6.99 1027.4      GREENCASTLE
1869 07 11 08 00  55.20   -6.99 1022.4      GREENCASTLE
1869 07 12 08 00  55.20   -6.99 1020.0      GREENCASTLE
1869 07 12 14 00  55.20   -6.99 1021.0      GREENCASTLE
1869 07 13 08 00  55.20   -6.99 1024.0      GREENCASTLE
1869 07 13 14 00  55.20   -6.99 1025.4      GREENCASTLE
1869 07 14 08 00  55.20   -6.99 1023.4      GREENCASTLE
1869 07 14 14 00  55.20   -6.99 1024.0      GREENCASTLE
1869 07 15 08 00  55.20   -6.99 1024.7      GREENCASTLE
1869 07 15 14 00  55.20   -6.99 1024.4      GREENCASTLE
1869 07 16 08 00  55.20   -6.99 1024.7      GREENCASTLE
1869 07 16 14 00  55.20   -6.99 1023.7      GREENCASTLE
1869 07 17 08 00  55.20   -6.99 1019.6      GREENCASTLE
1869 07 17 14 00  55.20   -6.99 1017.6      GREENCASTLE
1869 07 18 08 00  55.20   -6.99 1017.9      GREENCASTLE
1869 07 19 08 00  55.20   -6.99 1022.4      GREENCASTLE
1869 07 19 14 00  55.20   -6.99 1022.0      GREENCASTLE
1869 07 20 08 00  55.20   -6.99 1020.7      GREENCASTLE
1869 07 20 14 00  55.20   -6.99 1018.6      GREENCASTLE
1869 07 21 08 00  55.20   -6.99 1013.5      GREENCASTLE
1869 07 21 14 00  55.20   -6.99 1011.5      GREENCASTLE
1869 07 22 08 00  55.20   -6.99 1009.8      GREENCASTLE
1869 07 22 14 00  55.20   -6.99 1008.8      GREENCASTLE
1869 07 23 08 00  55.20   -6.99 1012.2      GREENCASTLE
1869 07 23 14 00  55.20   -6.99 1012.2      GREENCASTLE
1869 07 24 08 00  55.20   -6.99 1012.2      GREENCASTLE
1869 07 24 14 00  55.20   -6.99 1011.5      GREENCASTLE
1869 07 25 08 00  55.20   -6.99 1009.1      GREENCASTLE
1869 07 26 08 00  55.20   -6.99 1003.7      GREENCASTLE
1869 07 26 14 00  55.20   -6.99 1005.8      GREENCASTLE
1869 07 27 08 00  55.20   -6.99 1010.2      GREENCASTLE
1869 07 27 14 00  55.20   -6.99 1011.9      GREENCASTLE
1869 07 28 08 00  55.20   -6.99 1013.2      GREENCASTLE
1869 07 28 14 00  55.20   -6.99 1013.2      GREENCASTLE
1869 07 29 08 00  55.20   -6.99 1005.8      GREENCASTLE
1869 07 29 14 00  55.20   -6.99  999.3      GREENCASTLE
1869 07 30 08 00  55.20   -6.99 1006.4      GREENCASTLE
1869 07 30 14 00  55.20   -6.99 1007.8      GREENCASTLE
1869 07 31 08 00  55.20   -6.99 1010.2      GREENCASTLE
1869 07 31 14 00  55.20   -6.99 1009.5      GREENCASTLE
