1870 04 01 08 00  50.82   -1.09 1023.4       PORTSMOUTH
1870 04 02 08 00  50.82   -1.09 1024.0       PORTSMOUTH
1870 04 03 08 00  50.82   -1.09 1029.1       PORTSMOUTH
1870 04 04 08 00  50.82   -1.09 1032.2       PORTSMOUTH
1870 04 05 08 00  50.82   -1.09 1027.4       PORTSMOUTH
1870 04 06 08 00  50.82   -1.09 1021.0       PORTSMOUTH
1870 04 07 08 00  50.82   -1.09 1017.3       PORTSMOUTH
1870 04 08 08 00  50.82   -1.09 1007.8       PORTSMOUTH
1870 04 09 08 00  50.82   -1.09  999.3       PORTSMOUTH
1870 04 10 08 00  50.82   -1.09 1009.5       PORTSMOUTH
1870 04 11 08 00  50.82   -1.09 1020.7       PORTSMOUTH
1870 04 12 08 00  50.82   -1.09 1023.0       PORTSMOUTH
1870 04 13 08 00  50.82   -1.09 1024.0       PORTSMOUTH
1870 04 14 08 00  50.82   -1.09 1025.1       PORTSMOUTH
1870 04 15 08 00  50.82   -1.09 1029.1       PORTSMOUTH
1870 04 16 08 00  50.82   -1.09 1032.2       PORTSMOUTH
1870 04 17 08 00  50.82   -1.09 1030.1       PORTSMOUTH
1870 04 18 08 00  50.82   -1.09 1023.4       PORTSMOUTH
1870 04 19 08 00  50.82   -1.09 1015.9       PORTSMOUTH
1870 04 20 08 00  50.82   -1.09 1015.9       PORTSMOUTH
1870 04 21 08 00  50.82   -1.09 1020.7       PORTSMOUTH
1870 04 22 08 00  50.82   -1.09 1027.1       PORTSMOUTH
1870 04 23 08 00  50.82   -1.09 1028.1       PORTSMOUTH
1870 04 24 08 00  50.82   -1.09 1030.8       PORTSMOUTH
1870 04 25 08 00  50.82   -1.09 1029.8       PORTSMOUTH
1870 04 26 08 00  50.82   -1.09 1023.7       PORTSMOUTH
1870 04 27 08 00  50.82   -1.09 1020.3       PORTSMOUTH
1870 04 28 08 00  50.82   -1.09 1019.6       PORTSMOUTH
1870 04 29 08 00  50.82   -1.09 1017.3       PORTSMOUTH
1870 04 30 08 00  50.82   -1.09 1008.1       PORTSMOUTH
1870 04 01 08 00  57.59   -3.87 1015.9            NAIRN
1870 04 01 14 00  57.59   -3.87 1013.9            NAIRN
1870 04 02 08 00  57.59   -3.87 1022.0            NAIRN
1870 04 02 14 00  57.59   -3.87 1024.4            NAIRN
1870 04 03 08 00  57.59   -3.87 1030.5            NAIRN
1870 04 04 08 00  57.59   -3.87 1029.1            NAIRN
1870 04 04 14 00  57.59   -3.87 1028.1            NAIRN
1870 04 05 08 00  57.59   -3.87 1020.0            NAIRN
1870 04 05 14 00  57.59   -3.87 1019.0            NAIRN
1870 04 06 08 00  57.59   -3.87 1016.3            NAIRN
1870 04 06 14 00  57.59   -3.87 1013.2            NAIRN
1870 04 07 08 00  57.59   -3.87 1010.2            NAIRN
1870 04 07 14 00  57.59   -3.87 1007.8            NAIRN
1870 04 08 08 00  57.59   -3.87  995.3            NAIRN
1870 04 08 14 00  57.59   -3.87  995.9            NAIRN
1870 04 09 08 00  57.59   -3.87  994.6            NAIRN
1870 04 09 14 00  57.59   -3.87  994.2            NAIRN
1870 04 10 08 00  57.59   -3.87  999.3            NAIRN
1870 04 11 08 00  57.59   -3.87 1011.2            NAIRN
1870 04 11 14 00  57.59   -3.87 1012.5            NAIRN
1870 04 12 08 00  57.59   -3.87 1007.5            NAIRN
1870 04 12 14 00  57.59   -3.87 1007.5            NAIRN
1870 04 13 08 00  57.59   -3.87 1012.5            NAIRN
1870 04 13 14 00  57.59   -3.87 1013.2            NAIRN
1870 04 14 08 00  57.59   -3.87 1021.3            NAIRN
1870 04 14 14 00  57.59   -3.87 1022.0            NAIRN
1870 04 15 08 00  57.59   -3.87 1023.7            NAIRN
1870 04 16 08 00  57.59   -3.87 1028.8            NAIRN
1870 04 16 14 00  57.59   -3.87 1029.1            NAIRN
1870 04 17 08 00  57.59   -3.87 1026.4            NAIRN
1870 04 18 08 00  57.59   -3.87 1021.3            NAIRN
1870 04 18 14 00  57.59   -3.87 1019.6            NAIRN
1870 04 19 08 00  57.59   -3.87 1015.2            NAIRN
1870 04 19 14 00  57.59   -3.87 1013.5            NAIRN
1870 04 20 08 00  57.59   -3.87 1011.5            NAIRN
1870 04 20 14 00  57.59   -3.87 1009.1            NAIRN
1870 04 21 08 00  57.59   -3.87 1016.3            NAIRN
1870 04 21 14 00  57.59   -3.87 1013.5            NAIRN
1870 04 22 08 00  57.59   -3.87 1010.8            NAIRN
1870 04 22 14 00  57.59   -3.87 1004.1            NAIRN
1870 04 23 08 00  57.59   -3.87 1013.9            NAIRN
1870 04 23 14 00  57.59   -3.87 1014.6            NAIRN
1870 04 24 08 00  57.59   -3.87 1010.8            NAIRN
1870 04 25 08 00  57.59   -3.87 1016.3            NAIRN
1870 04 25 14 00  57.59   -3.87 1014.6            NAIRN
1870 04 26 08 00  57.59   -3.87 1010.2            NAIRN
1870 04 26 14 00  57.59   -3.87 1009.8            NAIRN
1870 04 27 08 00  57.59   -3.87 1020.3            NAIRN
1870 04 27 14 00  57.59   -3.87 1022.0            NAIRN
1870 04 28 08 00  57.59   -3.87 1023.4            NAIRN
1870 04 28 14 00  57.59   -3.87 1021.3            NAIRN
1870 04 29 08 00  57.59   -3.87 1008.5            NAIRN
1870 04 29 14 00  57.59   -3.87 1007.1            NAIRN
1870 04 30 08 00  57.59   -3.87  994.9            NAIRN
1870 04 30 14 00  57.59   -3.87  989.8            NAIRN
1870 04 01 08 00  38.72   -9.14 1012.7           LISBON
1870 04 02 08 00  38.72   -9.14 1011.6           LISBON
1870 04 03 08 00  38.72   -9.14 1015.9           LISBON
1870 04 04 08 00  38.72   -9.14 1019.7           LISBON
1870 04 05 08 00  38.72   -9.14 1017.5           LISBON
1870 04 06 08 00  38.72   -9.14 1017.6           LISBON
1870 04 07 08 00  38.72   -9.14 1013.9           LISBON
1870 04 08 08 00  38.72   -9.14 1011.3           LISBON
1870 04 09 08 00  38.72   -9.14 1015.9           LISBON
1870 04 10 08 00  38.72   -9.14 1019.0           LISBON
1870 04 11 08 00  38.72   -9.14 1021.4           LISBON
1870 04 12 08 00  38.72   -9.14 1021.2           LISBON
1870 04 13 08 00  38.72   -9.14 1021.6           LISBON
1870 04 14 08 00  38.72   -9.14 1024.1           LISBON
1870 04 15 08 00  38.72   -9.14 1024.1           LISBON
1870 04 16 08 00  38.72   -9.14 1019.2           LISBON
1870 04 17 08 00  38.72   -9.14 1014.1           LISBON
1870 04 18 08 00  38.72   -9.14 1009.5           LISBON
1870 04 19 08 00  38.72   -9.14 1010.8           LISBON
1870 04 20 08 00  38.72   -9.14 1014.5           LISBON
1870 04 21 08 00  38.72   -9.14 1021.6           LISBON
1870 04 22 08 00  38.72   -9.14 1022.5           LISBON
1870 04 23 08 00  38.72   -9.14 1024.1           LISBON
1870 04 24 08 00  38.72   -9.14 1024.4           LISBON
1870 04 25 08 00  38.72   -9.14 1024.5           LISBON
1870 04 26 08 00  38.72   -9.14 1020.8           LISBON
1870 04 27 08 00  38.72   -9.14 1018.1           LISBON
1870 04 28 08 00  38.72   -9.14 1013.5           LISBON
1870 04 29 08 00  38.72   -9.14 1010.8           LISBON
1870 04 30 08 00  38.72   -9.14 1013.5           LISBON
1870 04 01 08 00  57.20   -2.20 1020.0         ABERDEEN
1870 04 02 08 00  57.20   -2.20 1023.4         ABERDEEN
1870 04 03 08 00  57.20   -2.20 1031.5         ABERDEEN
1870 04 04 08 00  57.20   -2.20 1030.5         ABERDEEN
1870 04 05 08 00  57.20   -2.20 1023.0         ABERDEEN
1870 04 06 08 00  57.20   -2.20 1017.3         ABERDEEN
1870 04 07 08 00  57.20   -2.20 1010.8         ABERDEEN
1870 04 08 08 00  57.20   -2.20  994.2         ABERDEEN
1870 04 09 08 00  57.20   -2.20  996.3         ABERDEEN
1870 04 10 08 00  57.20   -2.20  999.0         ABERDEEN
1870 04 11 08 00  57.20   -2.20 1011.9         ABERDEEN
1870 04 12 08 00  57.20   -2.20 1010.8         ABERDEEN
1870 04 13 08 00  57.20   -2.20 1014.6         ABERDEEN
1870 04 14 08 00  57.20   -2.20 1021.3         ABERDEEN
1870 04 15 08 00  57.20   -2.20 1023.7         ABERDEEN
1870 04 16 08 00  57.20   -2.20 1030.1         ABERDEEN
1870 04 17 08 00  57.20   -2.20 1027.4         ABERDEEN
1870 04 18 08 00  57.20   -2.20 1024.4         ABERDEEN
1870 04 19 08 00  57.20   -2.20 1019.6         ABERDEEN
1870 04 20 08 00  57.20   -2.20 1015.6         ABERDEEN
1870 04 21 08 00  57.20   -2.20 1017.3         ABERDEEN
1870 04 22 08 00  57.20   -2.20 1014.9         ABERDEEN
1870 04 23 08 00  57.20   -2.20 1016.3         ABERDEEN
1870 04 24 08 00  57.20   -2.20 1013.2         ABERDEEN
1870 04 25 08 00  57.20   -2.20 1017.6         ABERDEEN
1870 04 26 08 00  57.20   -2.20 1010.2         ABERDEEN
1870 04 27 08 00  57.20   -2.20 1016.9         ABERDEEN
1870 04 28 08 00  57.20   -2.20 1019.6         ABERDEEN
1870 04 29 08 00  57.20   -2.20 1010.5         ABERDEEN
1870 04 30 08 00  57.20   -2.20  995.6         ABERDEEN
1870 04 01 08 00  51.68   -5.18 1023.4         PEMBROKE
1870 04 02 08 00  51.68   -5.18 1024.4         PEMBROKE
1870 04 03 08 00  51.68   -5.18 1029.1         PEMBROKE
1870 04 04 08 00  51.68   -5.18 1032.2         PEMBROKE
1870 04 05 08 00  51.68   -5.18 1027.8         PEMBROKE
1870 04 06 08 00  51.68   -5.18 1021.0         PEMBROKE
1870 04 07 08 00  51.68   -5.18 1017.6         PEMBROKE
1870 04 08 08 00  51.68   -5.18 1004.1         PEMBROKE
1870 04 09 08 00  51.68   -5.18  992.9         PEMBROKE
1870 04 10 08 00  51.68   -5.18 1009.5         PEMBROKE
1870 04 11 08 00  51.68   -5.18 1020.0         PEMBROKE
1870 04 12 08 00  51.68   -5.18 1019.3         PEMBROKE
1870 04 13 08 00  51.68   -5.18 1022.7         PEMBROKE
1870 04 14 08 00  51.68   -5.18 1026.4         PEMBROKE
1870 04 15 08 00  51.68   -5.18 1029.1         PEMBROKE
1870 04 16 08 00  51.68   -5.18 1032.5         PEMBROKE
1870 04 17 08 00  51.68   -5.18 1029.8         PEMBROKE
1870 04 18 08 00  51.68   -5.18 1020.0         PEMBROKE
1870 04 19 08 00  51.68   -5.18 1013.5         PEMBROKE
1870 04 20 08 00  51.68   -5.18 1011.9         PEMBROKE
1870 04 21 08 00  51.68   -5.18 1019.6         PEMBROKE
1870 04 22 08 00  51.68   -5.18 1021.3         PEMBROKE
1870 04 23 08 00  51.68   -5.18 1028.8         PEMBROKE
1870 04 24 08 00  51.68   -5.18 1029.8         PEMBROKE
1870 04 25 08 00  51.68   -5.18 1030.8         PEMBROKE
1870 04 26 08 00  51.68   -5.18 1022.7         PEMBROKE
1870 04 27 08 00  51.68   -5.18 1025.7         PEMBROKE
1870 04 28 08 00  51.68   -5.18 1023.0         PEMBROKE
1870 04 29 08 00  51.68   -5.18 1020.0         PEMBROKE
1870 04 30 08 00  51.68   -5.18 1012.2         PEMBROKE
1870 04 01 08 00  45.94   -0.96 1019.3        ROCHEFORT
1870 04 02 08 00  45.94   -0.96 1019.3        ROCHEFORT
1870 04 03 08 00  45.94   -0.96 1021.7        ROCHEFORT
1870 04 04 08 00  45.94   -0.96 1024.7        ROCHEFORT
1870 04 05 08 00  45.94   -0.96 1024.0        ROCHEFORT
1870 04 06 08 00  45.94   -0.96 1022.4        ROCHEFORT
1870 04 07 08 00  45.94   -0.96 1019.6        ROCHEFORT
1870 04 08 08 00  45.94   -0.96 1011.2        ROCHEFORT
1870 04 09 08 00  45.94   -0.96 1005.8        ROCHEFORT
1870 04 10 08 00  45.94   -0.96 1016.3        ROCHEFORT
1870 04 11 08 00  45.94   -0.96 1024.4        ROCHEFORT
1870 04 12 08 00  45.94   -0.96 1024.4        ROCHEFORT
1870 04 13 08 00  45.94   -0.96 1025.7        ROCHEFORT
1870 04 14 08 00  45.94   -0.96 1027.8        ROCHEFORT
1870 04 15 08 00  45.94   -0.96 1028.8        ROCHEFORT
1870 04 16 08 00  45.94   -0.96 1031.2        ROCHEFORT
1870 04 17 08 00  45.94   -0.96 1027.8        ROCHEFORT
1870 04 18 08 00  45.94   -0.96 1016.6        ROCHEFORT
1870 04 19 08 00  45.94   -0.96 1016.3        ROCHEFORT
1870 04 20 08 00  45.94   -0.96 1016.3        ROCHEFORT
1870 04 21 08 00  45.94   -0.96 1022.0        ROCHEFORT
1870 04 22 08 00  45.94   -0.96 1026.8        ROCHEFORT
1870 04 23 08 00  45.94   -0.96 1027.1        ROCHEFORT
1870 04 24 08 00  45.94   -0.96 1031.5        ROCHEFORT
1870 04 25 08 00  45.94   -0.96 1032.5        ROCHEFORT
1870 04 26 08 00  45.94   -0.96 1025.1        ROCHEFORT
1870 04 27 08 00  45.94   -0.96 1022.4        ROCHEFORT
1870 04 28 08 00  45.94   -0.96 1022.7        ROCHEFORT
1870 04 29 08 00  45.94   -0.96 1016.3        ROCHEFORT
1870 04 30 08 00  45.94   -0.96 1016.6        ROCHEFORT
1870 04 01 08 00  53.31   -4.63 1022.7         HOLYHEAD
1870 04 02 08 00  53.31   -4.63 1025.4         HOLYHEAD
1870 04 03 08 00  53.31   -4.63 1029.8         HOLYHEAD
1870 04 04 08 00  53.31   -4.63 1032.2         HOLYHEAD
1870 04 05 08 00  53.31   -4.63 1027.8         HOLYHEAD
1870 04 06 08 00  53.31   -4.63 1020.7         HOLYHEAD
1870 04 07 08 00  53.31   -4.63 1016.3         HOLYHEAD
1870 04 08 08 00  53.31   -4.63 1002.4         HOLYHEAD
1870 04 09 08 00  53.31   -4.63  992.9         HOLYHEAD
1870 04 10 08 00  53.31   -4.63 1006.4         HOLYHEAD
1870 04 11 08 00  53.31   -4.63 1019.0         HOLYHEAD
1870 04 12 08 00  53.31   -4.63 1017.6         HOLYHEAD
1870 04 13 08 00  53.31   -4.63 1020.3         HOLYHEAD
1870 04 14 08 00  53.31   -4.63 1026.4         HOLYHEAD
1870 04 15 08 00  53.31   -4.63 1031.2         HOLYHEAD
1870 04 16 08 00  53.31   -4.63 1033.2         HOLYHEAD
1870 04 17 08 00  53.31   -4.63 1029.8         HOLYHEAD
1870 04 18 08 00  53.31   -4.63 1021.7         HOLYHEAD
1870 04 19 08 00  53.31   -4.63 1015.2         HOLYHEAD
1870 04 20 08 00  53.31   -4.63 1011.9         HOLYHEAD
1870 04 21 08 00  53.31   -4.63 1018.6         HOLYHEAD
1870 04 22 08 00  53.31   -4.63 1018.6         HOLYHEAD
1870 04 23 08 00  53.31   -4.63 1026.8         HOLYHEAD
1870 04 24 08 00  53.31   -4.63 1026.8         HOLYHEAD
1870 04 25 08 00  53.31   -4.63 1028.4         HOLYHEAD
1870 04 26 08 00  53.31   -4.63 1020.0         HOLYHEAD
1870 04 27 08 00  53.31   -4.63 1024.7         HOLYHEAD
1870 04 28 08 00  53.31   -4.63 1023.0         HOLYHEAD
1870 04 29 08 00  53.31   -4.63 1019.0         HOLYHEAD
1870 04 30 08 00  53.31   -4.63 1009.5         HOLYHEAD
1870 04 01 08 00  51.80   -8.30 1022.0      ROCHESPOINT
1870 04 02 08 00  51.80   -8.30 1025.4      ROCHESPOINT
1870 04 03 08 00  51.80   -8.30 1029.5      ROCHESPOINT
1870 04 04 08 00  51.80   -8.30 1031.2      ROCHESPOINT
1870 04 05 08 00  51.80   -8.30 1026.8      ROCHESPOINT
1870 04 06 08 00  51.80   -8.30 1020.3      ROCHESPOINT
1870 04 07 08 00  51.80   -8.30 1016.6      ROCHESPOINT
1870 04 08 08 00  51.80   -8.30 1002.7      ROCHESPOINT
1870 04 09 08 00  51.80   -8.30  987.1      ROCHESPOINT
1870 04 10 08 00  51.80   -8.30 1013.5      ROCHESPOINT
1870 04 11 08 00  51.80   -8.30 1020.0      ROCHESPOINT
1870 04 12 08 00  51.80   -8.30 1016.3      ROCHESPOINT
1870 04 13 08 00  51.80   -8.30 1020.3      ROCHESPOINT
1870 04 14 08 00  51.80   -8.30 1027.4      ROCHESPOINT
1870 04 15 08 00  51.80   -8.30 1032.2      ROCHESPOINT
1870 04 16 08 00  51.80   -8.30 1032.8      ROCHESPOINT
1870 04 17 08 00  51.80   -8.30 1028.1      ROCHESPOINT
1870 04 18 08 00  51.80   -8.30 1016.6      ROCHESPOINT
1870 04 19 08 00  51.80   -8.30 1011.2      ROCHESPOINT
1870 04 20 08 00  51.80   -8.30 1007.1      ROCHESPOINT
1870 04 21 08 00  51.80   -8.30 1017.6      ROCHESPOINT
1870 04 22 08 00  51.80   -8.30 1015.9      ROCHESPOINT
1870 04 23 08 00  51.80   -8.30 1029.1      ROCHESPOINT
1870 04 24 08 00  51.80   -8.30 1030.5      ROCHESPOINT
1870 04 25 08 00  51.80   -8.30 1030.5      ROCHESPOINT
1870 04 26 08 00  51.80   -8.30 1022.0      ROCHESPOINT
1870 04 27 08 00  51.80   -8.30 1029.5      ROCHESPOINT
1870 04 28 08 00  51.80   -8.30 1027.1      ROCHESPOINT
1870 04 29 08 00  51.80   -8.30 1022.4      ROCHESPOINT
1870 04 30 08 00  51.80   -8.30 1014.6      ROCHESPOINT
1870 04 01 08 00  50.38   -4.14 1023.0         PLYMOUTH
1870 04 02 08 00  50.38   -4.14 1025.1         PLYMOUTH
1870 04 03 08 00  50.38   -4.14 1028.1         PLYMOUTH
1870 04 04 08 00  50.38   -4.14 1031.5         PLYMOUTH
1870 04 05 08 00  50.38   -4.14 1027.4         PLYMOUTH
1870 04 06 08 00  50.38   -4.14 1022.4         PLYMOUTH
1870 04 07 08 00  50.38   -4.14 1018.3         PLYMOUTH
1870 04 08 08 00  50.38   -4.14 1007.1         PLYMOUTH
1870 04 09 08 00  50.38   -4.14  997.3         PLYMOUTH
1870 04 10 08 00  50.38   -4.14 1013.2         PLYMOUTH
1870 04 11 08 00  50.38   -4.14 1022.4         PLYMOUTH
1870 04 12 08 00  50.38   -4.14 1023.0         PLYMOUTH
1870 04 13 08 00  50.38   -4.14 1025.1         PLYMOUTH
1870 04 14 08 00  50.38   -4.14 1027.4         PLYMOUTH
1870 04 15 08 00  50.38   -4.14 1031.5         PLYMOUTH
1870 04 16 08 00  50.38   -4.14 1033.5         PLYMOUTH
1870 04 17 08 00  50.38   -4.14 1030.1         PLYMOUTH
1870 04 18 08 00  50.38   -4.14 1021.0         PLYMOUTH
1870 04 19 08 00  50.38   -4.14 1013.9         PLYMOUTH
1870 04 20 08 00  50.38   -4.14 1014.6         PLYMOUTH
1870 04 21 08 00  50.38   -4.14 1021.7         PLYMOUTH
1870 04 22 08 00  50.38   -4.14 1026.4         PLYMOUTH
1870 04 23 08 00  50.38   -4.14 1030.5         PLYMOUTH
1870 04 24 08 00  50.38   -4.14 1032.5         PLYMOUTH
1870 04 25 08 00  50.38   -4.14 1032.5         PLYMOUTH
1870 04 26 08 00  50.38   -4.14 1026.1         PLYMOUTH
1870 04 27 08 00  50.38   -4.14 1025.1         PLYMOUTH
1870 04 28 08 00  50.38   -4.14 1023.0         PLYMOUTH
1870 04 29 08 00  50.38   -4.14 1020.0         PLYMOUTH
1870 04 30 08 00  50.38   -4.14 1012.5         PLYMOUTH
1870 04 01 08 00  41.90   12.50 1004.4             ROME
1870 04 02 08 00  41.90   12.50 1010.3             ROME
1870 04 03 08 00  41.90   12.50 1017.8             ROME
1870 04 04 08 00  41.90   12.50 1022.0             ROME
1870 04 05 08 00  41.90   12.50 1028.1             ROME
1870 04 06 08 00  41.90   12.50 1029.3             ROME
1870 04 07 08 00  41.90   12.50 1024.6             ROME
1870 04 08 08 00  41.90   12.50 1013.2             ROME
1870 04 09 08 00  41.90   12.50 1011.5             ROME
1870 04 10 08 00  41.90   12.50 1010.3             ROME
1870 04 11 08 00  41.90   12.50 1012.1             ROME
1870 04 12 08 00  41.90   12.50 1015.6             ROME
1870 04 13 08 00  41.90   12.50 1012.1             ROME
1870 04 14 08 00  41.90   12.50 1013.2             ROME
1870 04 15 08 00  41.90   12.50 1010.8             ROME
1870 04 16 08 00  41.90   12.50 1014.1             ROME
1870 04 17 08 00  41.90   12.50 1014.3             ROME
1870 04 18 08 00  41.90   12.50 1017.5             ROME
1870 04 19 08 00  41.90   12.50 1018.9             ROME
1870 04 20 08 00  41.90   12.50 1023.6             ROME
1870 04 21 08 00  41.90   12.50 1024.1             ROME
1870 04 22 08 00  41.90   12.50 1024.0             ROME
1870 04 23 08 00  41.90   12.50 1024.6             ROME
1870 04 24 08 00  41.90   12.50 1024.1             ROME
1870 04 25 08 00  41.90   12.50 1020.4             ROME
1870 04 26 08 00  41.90   12.50 1020.5             ROME
1870 04 27 08 00  41.90   12.50 1018.1             ROME
1870 04 28 08 00  41.90   12.50 1010.0             ROME
1870 04 29 08 00  41.90   12.50 1008.1             ROME
1870 04 30 08 00  41.90   12.50 1008.0             ROME
1870 04 01 08 00  48.39   -4.49 1019.8            BREST
1870 04 02 08 00  48.39   -4.49 1020.5            BREST
1870 04 03 08 00  48.39   -4.49 1022.9            BREST
1870 04 04 08 00  48.39   -4.49 1026.1            BREST
1870 04 05 08 00  48.39   -4.49 1023.0            BREST
1870 04 06 08 00  48.39   -4.49 1018.8            BREST
1870 04 07 08 00  48.39   -4.49 1015.3            BREST
1870 04 08 08 00  48.39   -4.49 1006.7            BREST
1870 04 09 08 00  48.39   -4.49 1006.4            BREST
1870 04 10 08 00  48.39   -4.49 1011.5            BREST
1870 04 11 08 00  48.39   -4.49 1022.4            BREST
1870 04 12 08 00  48.39   -4.49 1021.6            BREST
1870 04 13 08 00  48.39   -4.49 1023.3            BREST
1870 04 14 08 00  48.39   -4.49 1027.2            BREST
1870 04 15 08 00  48.39   -4.49 1029.0            BREST
1870 04 16 08 00  48.39   -4.49 1030.6            BREST
1870 04 17 08 00  48.39   -4.49 1026.4            BREST
1870 04 18 08 00  48.39   -4.49 1014.9            BREST
1870 04 19 08 00  48.39   -4.49 1009.9            BREST
1870 04 20 08 00  48.39   -4.49 1011.6            BREST
1870 04 21 08 00  48.39   -4.49 1023.3            BREST
1870 04 22 08 00  48.39   -4.49 1025.6            BREST
1870 04 23 08 00  48.39   -4.49 1028.4            BREST
1870 04 24 08 00  48.39   -4.49 1031.9            BREST
1870 04 25 08 00  48.39   -4.49 1032.1            BREST
1870 04 26 08 00  48.39   -4.49 1024.6            BREST
1870 04 27 08 00  48.39   -4.49 1023.8            BREST
1870 04 28 08 00  48.39   -4.49 1021.4            BREST
1870 04 29 08 00  48.39   -4.49 1018.0            BREST
1870 04 30 08 00  48.39   -4.49 1012.8            BREST
1870 04 01 08 00  45.76    4.84 1014.6            LYONS
1870 04 02 08 00  45.76    4.84 1017.3            LYONS
1870 04 03 08 00  45.76    4.84 1023.4            LYONS
1870 04 04 08 00  45.76    4.84 1026.1            LYONS
1870 04 05 08 00  45.76    4.84 1020.0            LYONS
1870 04 06 08 00  45.76    4.84 1026.8            LYONS
1870 04 07 08 00  45.76    4.84 1022.7            LYONS
1870 04 08 08 00  45.76    4.84 1015.9            LYONS
1870 04 09 08 00  45.76    4.84 1009.5            LYONS
1870 04 10 08 00  45.76    4.84 1014.9            LYONS
1870 04 11 08 00  45.76    4.84 1021.3            LYONS
1870 04 12 08 00  45.76    4.84 1022.7            LYONS
1870 04 13 08 00  45.76    4.84 1022.0            LYONS
1870 04 14 08 00  45.76    4.84 1026.1            LYONS
1870 04 15 08 00  45.76    4.84 1025.4            LYONS
1870 04 16 08 00  45.76    4.84 1026.8            LYONS
1870 04 17 08 00  45.76    4.84 1026.8            LYONS
1870 04 18 08 00  45.76    4.84 1022.0            LYONS
1870 04 19 08 00  45.76    4.84 1023.4            LYONS
1870 04 20 08 00  45.76    4.84 1022.7            LYONS
1870 04 21 08 00  45.76    4.84 1025.4            LYONS
1870 04 22 08 00  45.76    4.84 1026.1            LYONS
1870 04 23 08 00  45.76    4.84 1026.8            LYONS
1870 04 24 08 00  45.76    4.84 1021.3            LYONS
1870 04 25 08 00  45.76    4.84 1029.5            LYONS
1870 04 26 08 00  45.76    4.84 1026.8            LYONS
1870 04 27 08 00  45.76    4.84 1016.6            LYONS
1870 04 28 08 00  45.76    4.84 1016.1            LYONS
1870 04 29 08 00  45.76    4.84 1011.9            LYONS
1870 04 30 08 00  45.76    4.84 1016.6            LYONS
1870 04 01 08 00  54.28   -0.40 1023.7      SCARBOROUGH
1870 04 01 14 00  54.28   -0.40 1022.4      SCARBOROUGH
1870 04 02 08 00  54.28   -0.40 1025.1      SCARBOROUGH
1870 04 02 14 00  54.28   -0.40 1027.1      SCARBOROUGH
1870 04 03 08 00  54.28   -0.40 1031.8      SCARBOROUGH
1870 04 04 08 00  54.28   -0.40 1033.5      SCARBOROUGH
1870 04 04 14 00  54.28   -0.40 1032.5      SCARBOROUGH
1870 04 05 08 00  54.28   -0.40 1028.4      SCARBOROUGH
1870 04 05 14 00  54.28   -0.40 1026.1      SCARBOROUGH
1870 04 06 08 00  54.28   -0.40 1021.0      SCARBOROUGH
1870 04 06 14 00  54.28   -0.40 1017.9      SCARBOROUGH
1870 04 07 08 00  54.28   -0.40 1014.9      SCARBOROUGH
1870 04 07 14 00  54.28   -0.40 1013.5      SCARBOROUGH
1870 04 08 08 00  54.28   -0.40 1004.4      SCARBOROUGH
1870 04 08 14 00  54.28   -0.40 1001.4      SCARBOROUGH
1870 04 09 08 00  54.28   -0.40  997.6      SCARBOROUGH
1870 04 09 14 00  54.28   -0.40  995.6      SCARBOROUGH
1870 04 10 08 00  54.28   -0.40 1002.7      SCARBOROUGH
1870 04 11 08 00  54.28   -0.40 1015.6      SCARBOROUGH
1870 04 11 14 00  54.28   -0.40 1017.3      SCARBOROUGH
1870 04 12 08 00  54.28   -0.40 1018.3      SCARBOROUGH
1870 04 12 14 00  54.28   -0.40 1017.3      SCARBOROUGH
1870 04 13 08 00  54.28   -0.40 1019.0      SCARBOROUGH
1870 04 13 14 00  54.28   -0.40 1019.6      SCARBOROUGH
1870 04 14 08 00  54.28   -0.40 1021.7      SCARBOROUGH
1870 04 14 14 00  54.28   -0.40 1025.4      SCARBOROUGH
1870 04 15 08 00  54.28   -0.40 1026.8      SCARBOROUGH
1870 04 16 08 00  54.28   -0.40 1031.2      SCARBOROUGH
1870 04 16 14 00  54.28   -0.40 1031.5      SCARBOROUGH
1870 04 17 08 00  54.28   -0.40 1029.8      SCARBOROUGH
1870 04 18 08 00  54.28   -0.40 1027.1      SCARBOROUGH
1870 04 18 14 00  54.28   -0.40 1024.7      SCARBOROUGH
1870 04 19 08 00  54.28   -0.40 1021.3      SCARBOROUGH
1870 04 19 14 00  54.28   -0.40 1018.6      SCARBOROUGH
1870 04 20 08 00  54.28   -0.40 1016.3      SCARBOROUGH
1870 04 20 14 00  54.28   -0.40 1015.2      SCARBOROUGH
1870 04 21 08 00  54.28   -0.40 1019.3      SCARBOROUGH
1870 04 21 14 00  54.28   -0.40 1019.6      SCARBOROUGH
1870 04 22 08 00  54.28   -0.40 1022.7      SCARBOROUGH
1870 04 22 14 00  54.28   -0.40 1019.3      SCARBOROUGH
1870 04 23 08 00  54.28   -0.40 1021.3      SCARBOROUGH
1870 04 23 14 00  54.28   -0.40 1024.7      SCARBOROUGH
1870 04 24 08 00  54.28   -0.40 1023.0      SCARBOROUGH
1870 04 25 08 00  54.28   -0.40 1024.0      SCARBOROUGH
1870 04 25 14 00  54.28   -0.40 1024.0      SCARBOROUGH
1870 04 26 08 00  54.28   -0.40 1016.3      SCARBOROUGH
1870 04 26 14 00  54.28   -0.40 1014.6      SCARBOROUGH
1870 04 27 08 00  54.28   -0.40 1017.9      SCARBOROUGH
1870 04 27 14 00  54.28   -0.40 1020.0      SCARBOROUGH
1870 04 28 08 00  54.28   -0.40 1019.0      SCARBOROUGH
1870 04 28 14 00  54.28   -0.40 1018.3      SCARBOROUGH
1870 04 29 08 00  54.28   -0.40 1014.9      SCARBOROUGH
1870 04 29 14 00  54.28   -0.40 1010.5      SCARBOROUGH
1870 04 30 08 00  54.28   -0.40 1004.1      SCARBOROUGH
1870 04 30 14 00  54.28   -0.40  999.3      SCARBOROUGH
1870 04 01 08 00  53.40   -3.08 1022.7        LIVERPOOL
1870 04 02 08 00  53.40   -3.08 1025.7        LIVERPOOL
1870 04 03 08 00  53.40   -3.08 1029.5        LIVERPOOL
1870 04 04 08 00  53.40   -3.08 1032.5        LIVERPOOL
1870 04 05 08 00  53.40   -3.08 1027.8        LIVERPOOL
1870 04 06 08 00  53.40   -3.08 1020.7        LIVERPOOL
1870 04 07 08 00  53.40   -3.08 1016.3        LIVERPOOL
1870 04 08 08 00  53.40   -3.08 1005.1        LIVERPOOL
1870 04 09 08 00  53.40   -3.08  994.6        LIVERPOOL
1870 04 10 08 00  53.40   -3.08 1003.4        LIVERPOOL
1870 04 11 08 00  53.40   -3.08 1018.6        LIVERPOOL
1870 04 12 08 00  53.40   -3.08 1018.3        LIVERPOOL
1870 04 13 08 00  53.40   -3.08 1020.0        LIVERPOOL
1870 04 14 08 00  53.40   -3.08 1025.1        LIVERPOOL
1870 04 15 08 00  53.40   -3.08 1029.5        LIVERPOOL
1870 04 16 08 00  53.40   -3.08 1033.2        LIVERPOOL
1870 04 17 08 00  53.40   -3.08 1026.4        LIVERPOOL
1870 04 18 08 00  53.40   -3.08 1023.7        LIVERPOOL
1870 04 20 08 00  53.40   -3.08 1013.5        LIVERPOOL
1870 04 21 08 00  53.40   -3.08 1019.3        LIVERPOOL
1870 04 22 08 00  53.40   -3.08 1021.3        LIVERPOOL
1870 04 23 08 00  53.40   -3.08 1026.4        LIVERPOOL
1870 04 24 08 00  53.40   -3.08 1025.7        LIVERPOOL
1870 04 25 08 00  53.40   -3.08 1027.8        LIVERPOOL
1870 04 26 08 00  53.40   -3.08 1019.3        LIVERPOOL
1870 04 27 08 00  53.40   -3.08 1021.3        LIVERPOOL
1870 04 28 08 00  53.40   -3.08 1021.7        LIVERPOOL
1870 04 29 08 00  53.40   -3.08 1016.9        LIVERPOOL
1870 04 30 08 00  53.40   -3.08 1008.1        LIVERPOOL
1870 04 01 08 00  50.12   -5.54 1023.4         PENZANCE
1870 04 01 14 00  50.12   -5.54 1023.0         PENZANCE
1870 04 02 08 00  50.12   -5.54 1025.1         PENZANCE
1870 04 02 14 00  50.12   -5.54 1024.7         PENZANCE
1870 04 03 08 00  50.12   -5.54 1028.8         PENZANCE
1870 04 03 14 00  50.12   -5.54 1028.8         PENZANCE
1870 04 04 08 00  50.12   -5.54 1031.8         PENZANCE
1870 04 04 14 00  50.12   -5.54 1030.1         PENZANCE
1870 04 05 08 00  50.12   -5.54 1027.8         PENZANCE
1870 04 05 14 00  50.12   -5.54 1026.1         PENZANCE
1870 04 06 08 00  50.12   -5.54 1021.7         PENZANCE
1870 04 06 14 00  50.12   -5.54 1021.0         PENZANCE
1870 04 07 08 00  50.12   -5.54 1017.9         PENZANCE
1870 04 07 14 00  50.12   -5.54 1015.6         PENZANCE
1870 04 08 08 00  50.12   -5.54 1007.1         PENZANCE
1870 04 08 14 00  50.12   -5.54 1004.4         PENZANCE
1870 04 09 08 00  50.12   -5.54  997.3         PENZANCE
1870 04 09 14 00  50.12   -5.54  998.3         PENZANCE
1870 04 10 08 00  50.12   -5.54 1014.9         PENZANCE
1870 04 10 14 00  50.12   -5.54 1017.3         PENZANCE
1870 04 11 08 00  50.12   -5.54 1023.0         PENZANCE
1870 04 11 14 00  50.12   -5.54 1023.4         PENZANCE
1870 04 12 08 00  50.12   -5.54 1021.7         PENZANCE
1870 04 12 14 00  50.12   -5.54 1022.0         PENZANCE
1870 04 13 08 00  50.12   -5.54 1024.4         PENZANCE
1870 04 13 14 00  50.12   -5.54 1025.1         PENZANCE
1870 04 14 08 00  50.12   -5.54 1028.8         PENZANCE
1870 04 14 14 00  50.12   -5.54 1029.8         PENZANCE
1870 04 15 08 00  50.12   -5.54 1032.2         PENZANCE
1870 04 16 08 00  50.12   -5.54 1033.9         PENZANCE
1870 04 16 14 00  50.12   -5.54 1033.9         PENZANCE
1870 04 17 08 00  50.12   -5.54 1029.5         PENZANCE
1870 04 17 14 00  50.12   -5.54 1027.1         PENZANCE
1870 04 18 08 00  50.12   -5.54 1019.0         PENZANCE
1870 04 18 14 00  50.12   -5.54 1016.9         PENZANCE
1870 04 19 08 00  50.12   -5.54 1012.9         PENZANCE
1870 04 19 14 00  50.12   -5.54 1012.5         PENZANCE
1870 04 20 08 00  50.12   -5.54 1013.2         PENZANCE
1870 04 20 14 00  50.12   -5.54 1012.5         PENZANCE
1870 04 21 08 00  50.12   -5.54 1021.7         PENZANCE
1870 04 21 14 00  50.12   -5.54 1022.7         PENZANCE
1870 04 22 08 00  50.12   -5.54 1021.3         PENZANCE
1870 04 22 14 00  50.12   -5.54 1024.7         PENZANCE
1870 04 23 08 00  50.12   -5.54 1032.2         PENZANCE
1870 04 23 14 00  50.12   -5.54 1032.5         PENZANCE
1870 04 24 08 00  50.12   -5.54 1033.9         PENZANCE
1870 04 24 14 00  50.12   -5.54 1034.2         PENZANCE
1870 04 25 08 00  50.12   -5.54 1033.2         PENZANCE
1870 04 25 14 00  50.12   -5.54 1032.8         PENZANCE
1870 04 26 08 00  50.12   -5.54 1026.4         PENZANCE
1870 04 26 14 00  50.12   -5.54 1024.7         PENZANCE
1870 04 27 08 00  50.12   -5.54 1027.4         PENZANCE
1870 04 27 14 00  50.12   -5.54 1029.5         PENZANCE
1870 04 28 08 00  50.12   -5.54 1024.4         PENZANCE
1870 04 28 14 00  50.12   -5.54 1022.4         PENZANCE
1870 04 29 08 00  50.12   -5.54 1021.0         PENZANCE
1870 04 29 14 00  50.12   -5.54 1020.0         PENZANCE
1870 04 30 08 00  50.12   -5.54 1014.2         PENZANCE
1870 04 30 14 00  50.12   -5.54 1012.9         PENZANCE
1870 04 01 08 00  43.12    5.93 1010.2           TOULON
1870 04 03 08 00  43.12    5.93 1003.0           TOULON
1870 04 04 08 00  43.12    5.93 1021.7           TOULON
1870 04 05 08 00  43.12    5.93 1027.4           TOULON
1870 04 06 08 00  43.12    5.93 1027.8           TOULON
1870 04 07 08 00  43.12    5.93 1020.1           TOULON
1870 04 08 08 00  43.12    5.93 1014.2           TOULON
1870 04 09 08 00  43.12    5.93 1009.8           TOULON
1870 04 10 08 00  43.12    5.93 1014.6           TOULON
1870 04 11 08 00  43.12    5.93 1014.6           TOULON
1870 04 12 08 00  43.12    5.93 1015.9           TOULON
1870 04 13 08 00  43.12    5.93 1020.0           TOULON
1870 04 14 08 00  43.12    5.93 1020.3           TOULON
1870 04 15 08 00  43.12    5.93 1014.6           TOULON
1870 04 16 08 00  43.12    5.93 1018.6           TOULON
1870 04 17 08 00  43.12    5.93 1022.7           TOULON
1870 04 18 08 00  43.12    5.93 1021.7           TOULON
1870 04 19 08 00  43.12    5.93 1022.7           TOULON
1870 04 20 08 00  43.12    5.93 1024.0           TOULON
1870 04 21 08 00  43.12    5.93 1024.1           TOULON
1870 04 22 08 00  43.12    5.93 1025.1           TOULON
1870 04 23 08 00  43.12    5.93 1026.8           TOULON
1870 04 24 08 00  43.12    5.93 1025.4           TOULON
1870 04 25 08 00  43.12    5.93 1023.0           TOULON
1870 04 26 08 00  43.12    5.93 1022.7           TOULON
1870 04 27 08 00  43.12    5.93 1018.6           TOULON
1870 04 28 08 00  43.12    5.93 1009.1           TOULON
1870 04 29 08 00  43.12    5.93 1004.7           TOULON
1870 04 30 08 00  43.12    5.93 1009.8           TOULON
1870 04 01 08 00  33.31   44.36  998.8          BAGHDAD
1870 04 02 08 00  33.31   44.36 1001.5          BAGHDAD
1870 04 03 08 00  33.31   44.36 1000.2          BAGHDAD
1870 04 04 08 00  33.31   44.36 1009.5          BAGHDAD
1870 04 05 08 00  33.31   44.36 1010.8          BAGHDAD
1870 04 06 08 00  33.31   44.36 1006.8          BAGHDAD
1870 04 07 08 00  33.31   44.36  990.9          BAGHDAD
1870 04 08 08 00  33.31   44.36 1000.2          BAGHDAD
1870 04 09 08 00  33.31   44.36 1013.5          BAGHDAD
1870 04 10 08 00  33.31   44.36 1014.1          BAGHDAD
1870 04 11 08 00  33.31   44.36 1010.8          BAGHDAD
1870 04 12 08 00  33.31   44.36 1008.1          BAGHDAD
1870 04 13 08 00  33.31   44.36 1005.5          BAGHDAD
1870 04 14 08 00  33.31   44.36 1009.5          BAGHDAD
1870 04 15 08 00  33.31   44.36 1008.1          BAGHDAD
1870 04 16 08 00  33.31   44.36 1007.1          BAGHDAD
1870 04 17 08 00  33.31   44.36 1004.9          BAGHDAD
1870 04 18 08 00  33.31   44.36 1005.5          BAGHDAD
1870 04 19 08 00  33.31   44.36 1005.5          BAGHDAD
1870 04 20 08 00  33.31   44.36 1006.8          BAGHDAD
1870 04 21 08 00  33.31   44.36 1009.6          BAGHDAD
1870 04 22 08 00  33.31   44.36 1005.5          BAGHDAD
1870 04 23 08 00  33.31   44.36 1012.1          BAGHDAD
1870 04 25 08 00  33.31   44.36 1008.5          BAGHDAD
1870 04 26 08 00  33.31   44.36 1005.7          BAGHDAD
1870 04 27 08 00  33.31   44.36 1003.1          BAGHDAD
1870 04 28 08 00  33.31   44.36 1003.4          BAGHDAD
1870 04 29 08 00  33.31   44.36 1002.3          BAGHDAD
1870 04 30 08 00  33.31   44.36 1015.2          BAGHDAD
1870 04 01 08 00  37.93   40.21 1005.3       DIYARBAKIR
1870 04 02 08 00  37.93   40.21 1005.2       DIYARBAKIR
1870 04 03 08 00  37.93   40.21 1012.3       DIYARBAKIR
1870 04 04 08 00  37.93   40.21 1013.3       DIYARBAKIR
1870 04 05 08 00  37.93   40.21 1012.0       DIYARBAKIR
1870 04 06 08 00  37.93   40.21 1011.1       DIYARBAKIR
1870 04 07 08 00  37.93   40.21 1003.5       DIYARBAKIR
1870 04 08 08 00  37.93   40.21 1006.9       DIYARBAKIR
1870 04 09 08 00  37.93   40.21 1016.1       DIYARBAKIR
1870 04 10 08 00  37.93   40.21 1020.1       DIYARBAKIR
1870 04 11 08 00  37.93   40.21 1016.4       DIYARBAKIR
1870 04 12 08 00  37.93   40.21 1013.2       DIYARBAKIR
1870 04 13 08 00  37.93   40.21 1017.8       DIYARBAKIR
1870 04 14 08 00  37.93   40.21 1014.8       DIYARBAKIR
1870 04 15 08 00  37.93   40.21 1003.9       DIYARBAKIR
1870 04 16 08 00  37.93   40.21 1007.5       DIYARBAKIR
1870 04 17 08 00  37.93   40.21 1012.9       DIYARBAKIR
1870 04 18 08 00  37.93   40.21 1014.5       DIYARBAKIR
1870 04 19 08 00  37.93   40.21 1008.0       DIYARBAKIR
1870 04 20 08 00  37.93   40.21 1010.5       DIYARBAKIR
1870 04 21 08 00  37.93   40.21 1014.8       DIYARBAKIR
1870 04 22 08 00  37.93   40.21 1013.5       DIYARBAKIR
1870 04 23 08 00  37.93   40.21 1018.8       DIYARBAKIR
1870 04 24 08 00  37.93   40.21 1018.9       DIYARBAKIR
1870 04 25 08 00  37.93   40.21 1017.5       DIYARBAKIR
1870 04 26 08 00  37.93   40.21 1016.7       DIYARBAKIR
1870 04 27 08 00  37.93   40.21 1011.9       DIYARBAKIR
1870 04 28 08 00  37.93   40.21 1013.5       DIYARBAKIR
1870 04 29 08 00  37.93   40.21 1015.5       DIYARBAKIR
1870 04 30 08 00  37.93   40.21 1022.8       DIYARBAKIR
1870 04 01 08 00  33.89   35.50 1000.6           BEIRUT
1870 04 02 08 00  33.89   35.50  999.5           BEIRUT
1870 04 03 08 00  33.89   35.50 1003.8           BEIRUT
1870 04 04 08 00  33.89   35.50 1012.1           BEIRUT
1870 04 05 08 00  33.89   35.50 1013.6           BEIRUT
1870 04 06 08 00  33.89   35.50 1008.3           BEIRUT
1870 04 07 08 00  33.89   35.50 1000.4           BEIRUT
1870 04 08 08 00  33.89   35.50 1005.6           BEIRUT
1870 04 09 08 00  33.89   35.50 1014.0           BEIRUT
1870 04 10 08 00  33.89   35.50 1016.5           BEIRUT
1870 04 11 08 00  33.89   35.50 1013.1           BEIRUT
1870 04 12 08 00  33.89   35.50 1002.6           BEIRUT
1870 04 13 08 00  33.89   35.50 1011.1           BEIRUT
1870 04 14 08 00  33.89   35.50 1000.6           BEIRUT
1870 04 15 08 00  33.89   35.50  999.6           BEIRUT
1870 04 16 08 00  33.89   35.50 1008.3           BEIRUT
1870 04 17 08 00  33.89   35.50 1010.1           BEIRUT
1870 04 18 08 00  33.89   35.50 1019.7           BEIRUT
1870 04 19 08 00  33.89   35.50 1003.8           BEIRUT
1870 04 20 08 00  33.89   35.50 1008.1           BEIRUT
1870 04 21 08 00  33.89   35.50 1008.0           BEIRUT
1870 04 22 08 00  33.89   35.50 1010.7           BEIRUT
1870 04 23 08 00  33.89   35.50 1021.8           BEIRUT
1870 04 24 08 00  33.89   35.50 1014.8           BEIRUT
1870 04 25 08 00  33.89   35.50 1009.7           BEIRUT
1870 04 26 08 00  33.89   35.50 1004.3           BEIRUT
1870 04 27 08 00  33.89   35.50 1009.6           BEIRUT
1870 04 28 08 00  33.89   35.50 1010.9           BEIRUT
1870 04 29 08 00  33.89   35.50 1014.8           BEIRUT
1870 04 30 08 00  33.89   35.50 1020.2           BEIRUT
1870 04 01 08 00  55.20   -6.99 1019.6      GREENCASTLE
1870 04 01 14 00  55.20   -6.99 1017.9      GREENCASTLE
1870 04 02 08 00  55.20   -6.99 1026.1      GREENCASTLE
1870 04 02 14 00  55.20   -6.99 1027.8      GREENCASTLE
1870 04 03 08 00  55.20   -6.99 1031.5      GREENCASTLE
1870 04 04 08 00  55.20   -6.99 1031.2      GREENCASTLE
1870 04 04 14 00  55.20   -6.99 1029.8      GREENCASTLE
1870 04 05 08 00  55.20   -6.99 1024.7      GREENCASTLE
1870 04 05 14 00  55.20   -6.99 1023.0      GREENCASTLE
1870 04 06 08 00  55.20   -6.99 1017.3      GREENCASTLE
1870 04 06 14 00  55.20   -6.99 1015.9      GREENCASTLE
1870 04 07 08 00  55.20   -6.99 1013.9      GREENCASTLE
1870 04 07 14 00  55.20   -6.99 1009.5      GREENCASTLE
1870 04 08 08 00  55.20   -6.99  998.3      GREENCASTLE
1870 04 08 14 00  55.20   -6.99  995.9      GREENCASTLE
1870 04 09 08 00  55.20   -6.99  994.2      GREENCASTLE
1870 04 09 14 00  55.20   -6.99  996.6      GREENCASTLE
1870 04 10 08 00  55.20   -6.99 1007.8      GREENCASTLE
1870 04 11 08 00  55.20   -6.99 1015.6      GREENCASTLE
1870 04 11 14 00  55.20   -6.99 1015.6      GREENCASTLE
1870 04 12 08 00  55.20   -6.99 1010.8      GREENCASTLE
1870 04 12 14 00  55.20   -6.99 1011.2      GREENCASTLE
1870 04 13 08 00  55.20   -6.99 1018.3      GREENCASTLE
1870 04 13 14 00  55.20   -6.99 1019.0      GREENCASTLE
1870 04 14 08 00  55.20   -6.99 1025.1      GREENCASTLE
1870 04 14 14 00  55.20   -6.99 1027.8      GREENCASTLE
1870 04 15 08 00  55.20   -6.99 1029.8      GREENCASTLE
1870 04 16 08 00  55.20   -6.99 1032.5      GREENCASTLE
1870 04 17 08 00  55.20   -6.99 1026.8      GREENCASTLE
1870 04 18 08 00  55.20   -6.99 1019.6      GREENCASTLE
1870 04 18 14 00  55.20   -6.99 1020.0      GREENCASTLE
1870 04 19 08 00  55.20   -6.99 1013.9      GREENCASTLE
1870 04 19 14 00  55.20   -6.99 1010.8      GREENCASTLE
1870 04 20 08 00  55.20   -6.99 1009.1      GREENCASTLE
1870 04 20 14 00  55.20   -6.99 1006.1      GREENCASTLE
1870 04 21 08 00  55.20   -6.99 1015.6      GREENCASTLE
1870 04 21 14 00  55.20   -6.99 1011.2      GREENCASTLE
1870 04 22 08 00  55.20   -6.99 1005.1      GREENCASTLE
1870 04 22 14 00  55.20   -6.99 1009.8      GREENCASTLE
1870 04 23 08 00  55.20   -6.99 1021.0      GREENCASTLE
1870 04 23 14 00  55.20   -6.99 1022.4      GREENCASTLE
1870 04 24 08 00  55.20   -6.99 1021.3      GREENCASTLE
1870 04 25 08 00  55.20   -6.99 1023.7      GREENCASTLE
1870 04 25 14 00  55.20   -6.99 1022.7      GREENCASTLE
1870 04 26 08 00  55.20   -6.99 1017.6      GREENCASTLE
1870 04 26 14 00  55.20   -6.99 1018.6      GREENCASTLE
1870 04 27 08 00  55.20   -6.99 1025.7      GREENCASTLE
1870 04 27 14 00  55.20   -6.99 1027.1      GREENCASTLE
1870 04 28 08 00  55.20   -6.99 1026.1      GREENCASTLE
1870 04 28 14 00  55.20   -6.99 1024.7      GREENCASTLE
1870 04 29 08 00  55.20   -6.99 1015.9      GREENCASTLE
1870 04 29 14 00  55.20   -6.99 1013.9      GREENCASTLE
1870 04 30 08 00  55.20   -6.99 1004.7      GREENCASTLE
1870 04 30 14 00  55.20   -6.99  999.7      GREENCASTLE
