1861 10 01 08 00  57.20   -2.20  999.3         ABERDEEN
1861 10 02 08 00  57.20   -2.20 1003.7         ABERDEEN
1861 10 03 08 00  57.20   -2.20 1020.0         ABERDEEN
1861 10 04 08 00  57.20   -2.20 1023.4         ABERDEEN
1861 10 05 08 00  57.20   -2.20 1012.9         ABERDEEN
1861 10 07 08 00  57.20   -2.20 1014.6         ABERDEEN
1861 10 08 08 00  57.20   -2.20 1004.1         ABERDEEN
1861 10 09 08 00  57.20   -2.20 1005.1         ABERDEEN
1861 10 10 08 00  57.20   -2.20 1014.2         ABERDEEN
1861 10 11 08 00  57.20   -2.20  993.2         ABERDEEN
1861 10 12 08 00  57.20   -2.20  995.3         ABERDEEN
1861 10 14 08 00  57.20   -2.20 1008.8         ABERDEEN
1861 10 15 08 00  57.20   -2.20 1022.0         ABERDEEN
1861 10 16 08 00  57.20   -2.20 1025.7         ABERDEEN
1861 10 17 08 00  57.20   -2.20 1027.1         ABERDEEN
1861 10 18 08 00  57.20   -2.20 1023.4         ABERDEEN
1861 10 19 08 00  57.20   -2.20 1013.5         ABERDEEN
1861 10 21 08 00  57.20   -2.20 1010.5         ABERDEEN
1861 10 22 08 00  57.20   -2.20 1009.5         ABERDEEN
1861 10 23 08 00  57.20   -2.20 1011.5         ABERDEEN
1861 10 24 08 00  57.20   -2.20 1008.8         ABERDEEN
1861 10 25 08 00  57.20   -2.20 1019.3         ABERDEEN
1861 10 26 08 00  57.20   -2.20 1028.8         ABERDEEN
1861 10 28 08 00  57.20   -2.20 1028.1         ABERDEEN
1861 10 29 08 00  57.20   -2.20 1022.7         ABERDEEN
1861 10 30 08 00  57.20   -2.20 1013.9         ABERDEEN
1861 10 31 08 00  57.20   -2.20 1003.4         ABERDEEN
1861 10 02 08 00  53.27   -9.06 1012.9           GALWAY
1861 10 03 08 00  53.27   -9.06 1020.3           GALWAY
1861 10 05 08 00  53.27   -9.06 1020.0           GALWAY
1861 10 07 08 00  53.27   -9.06 1012.9           GALWAY
1861 10 08 08 00  53.27   -9.06 1004.1           GALWAY
1861 10 09 08 00  53.27   -9.06 1012.9           GALWAY
1861 10 10 08 00  53.27   -9.06 1010.8           GALWAY
1861 10 11 08 00  53.27   -9.06  980.0           GALWAY
1861 10 12 08 00  53.27   -9.06  996.3           GALWAY
1861 10 14 08 00  53.27   -9.06 1009.8           GALWAY
1861 10 16 08 00  53.27   -9.06 1029.8           GALWAY
1861 10 17 08 00  53.27   -9.06 1026.8           GALWAY
1861 10 18 08 00  53.27   -9.06 1020.0           GALWAY
1861 10 19 08 00  53.27   -9.06 1008.8           GALWAY
1861 10 21 08 00  53.27   -9.06 1002.0           GALWAY
1861 10 22 08 00  53.27   -9.06 1006.1           GALWAY
1861 10 23 08 00  53.27   -9.06 1003.4           GALWAY
1861 10 24 08 00  53.27   -9.06 1010.5           GALWAY
1861 10 25 08 00  53.27   -9.06 1020.3           GALWAY
1861 10 26 08 00  53.27   -9.06 1026.8           GALWAY
1861 10 28 08 00  53.27   -9.06 1026.8           GALWAY
1861 10 29 08 00  53.27   -9.06 1023.7           GALWAY
1861 10 30 08 00  53.27   -9.06 1020.0           GALWAY
1861 10 31 08 00  53.27   -9.06 1009.1           GALWAY
1861 10 01 08 00  50.38   -4.14 1006.1         PLYMOUTH
1861 10 02 08 00  50.38   -4.14 1014.6         PLYMOUTH
1861 10 03 08 00  50.38   -4.14 1019.6         PLYMOUTH
1861 10 04 08 00  50.38   -4.14 1017.3         PLYMOUTH
1861 10 05 08 00  50.38   -4.14 1015.2         PLYMOUTH
1861 10 07 08 00  50.38   -4.14 1016.9         PLYMOUTH
1861 10 08 08 00  50.38   -4.14 1009.5         PLYMOUTH
1861 10 09 08 00  50.38   -4.14 1012.9         PLYMOUTH
1861 10 10 08 00  50.38   -4.14 1010.5         PLYMOUTH
1861 10 11 08 00  50.38   -4.14  991.2         PLYMOUTH
1861 10 12 08 00  50.38   -4.14 1010.5         PLYMOUTH
1861 10 14 08 00  50.38   -4.14 1014.6         PLYMOUTH
1861 10 15 08 00  50.38   -4.14 1017.3         PLYMOUTH
1861 10 16 08 00  50.38   -4.14 1021.7         PLYMOUTH
1861 10 17 08 00  50.38   -4.14 1025.1         PLYMOUTH
1861 10 18 08 00  50.38   -4.14 1019.0         PLYMOUTH
1861 10 19 08 00  50.38   -4.14 1011.5         PLYMOUTH
1861 10 21 08 00  50.38   -4.14 1004.4         PLYMOUTH
1861 10 22 08 00  50.38   -4.14 1003.7         PLYMOUTH
1861 10 23 08 00  50.38   -4.14 1013.5         PLYMOUTH
1861 10 24 08 00  50.38   -4.14 1012.2         PLYMOUTH
1861 10 25 08 00  50.38   -4.14 1019.3         PLYMOUTH
1861 10 26 08 00  50.38   -4.14 1020.7         PLYMOUTH
1861 10 28 08 00  50.38   -4.14 1017.6         PLYMOUTH
1861 10 29 08 00  50.38   -4.14 1018.6         PLYMOUTH
1861 10 30 08 00  50.38   -4.14 1016.6         PLYMOUTH
1861 10 31 08 00  50.38   -4.14 1011.9         PLYMOUTH
1861 10 01 08 00  48.39   -4.49 1006.8            BREST
1861 10 02 08 00  48.39   -4.49 1013.9            BREST
1861 10 03 08 00  48.39   -4.49 1017.6            BREST
1861 10 04 08 00  48.39   -4.49 1015.9            BREST
1861 10 05 08 00  48.39   -4.49 1015.9            BREST
1861 10 07 08 00  48.39   -4.49 1017.3            BREST
1861 10 08 08 00  48.39   -4.49 1011.5            BREST
1861 10 09 08 00  48.39   -4.49 1015.2            BREST
1861 10 10 08 00  48.39   -4.49 1007.1            BREST
1861 10 11 08 00  48.39   -4.49  994.6            BREST
1861 10 12 08 00  48.39   -4.49 1014.9            BREST
1861 10 14 08 00  48.39   -4.49 1015.9            BREST
1861 10 15 08 00  48.39   -4.49 1018.6            BREST
1861 10 16 08 00  48.39   -4.49 1022.4            BREST
1861 10 18 08 00  48.39   -4.49 1016.9            BREST
1861 10 19 08 00  48.39   -4.49 1006.4            BREST
1861 10 21 08 00  48.39   -4.49 1005.4            BREST
1861 10 23 08 00  48.39   -4.49 1016.3            BREST
1861 10 24 08 00  48.39   -4.49 1015.9            BREST
1861 10 25 08 00  48.39   -4.49 1020.0            BREST
1861 10 26 08 00  48.39   -4.49 1016.6            BREST
1861 10 28 08 00  48.39   -4.49 1012.9            BREST
1861 10 29 08 00  48.39   -4.49 1016.6            BREST
1861 10 30 08 00  48.39   -4.49 1015.9            BREST
1861 10 31 08 00  48.39   -4.49 1014.6            BREST
