JANUARY 1882
  1am  2am  3am  4am  5am  6am  7am  8am  9am  10am  11am  Noon  1pm  2pm  3pm  4pm  5pm  6pm  7pm  8pm  9pm  10pm  11pm  Midnight
1  47.7  45.0  41.5  40.1  39.4  37.8  37.7  37.3  36.9  36.8  38.5  40.1  41.0  41.8  42.0  41.7  41.1  41.7  41.2  41.9  42.0  42.0  42.2  42.0  
2  42.2  43.3  45.6  45.0  44.4  44.3  43.9  43.8  43.1  43.9  44.2  45.2  46.7  46.0  48.0  49.0  49.1  49.6  49.9  50.0  50.0  47.6  45.0  45.2  
3  44.9  44.5  43.3  42.3  41.4  41.0  40.6  38.9  38.8  39.8  40.5  40.0  41.9  39.7  38.9  38.2  37.5  36.2  36.6  37.0  35.9  36.5  36.2  35.3  
4  35.2  36.0  35.0  33.9  34.2  34.6  34.9  35.3  35.6  36.0  37.0  37.9  38.9  39.5  40.1  40.0  40.1  40.2  40.3  40.8  42.0  43.0  45.0  47.4
5  48.6  48.9  49.1  49.6  49.3  49.4  49.3  49.5  49.5  49.6  49.5  49.1  48.5  48.0  46.9  45.4  44.3  43.2  42.1  41.0  41.4  41.8  42.3  42.0
6  42.7  43.2  45.0  47.5  50.4  48.8  47.3  45.8  44.3  42.8  43.2  43.2  43.0  43.2  42.0  40.3  38.0  38.1  37.2  37.0  36.0  36.0  36.9  36.0  
7  37.0  36.4  35.8  35.2  35.1  35.1  34.8  34.9  34.2  35.0  35.1  36.3  36.8  38.0  37.1  37.2  37.5  38.0  38.2  38.5  38.1  38.3  38.4  38.4  
8  38.3  38.8  39.7  39.9  40.1  40.9  41.0  40.5  40.3  39.8  39.3  39.8  40.2  40.0  40.0  39.6  40.0  39.7  39.0  38.9  39.5  39.5  39.5  37.8  
9  36.3  35.8  36.1  36.0  35.0  36.0  35.6  36.2  36.6  37.7  39.4  40.5  42.0  42.3  43.0  42.1  42.0  41.8  40.8  40.3  39.8  39.7  39.6  39.8  
10  40.0  40.2  41.0  40.9  41.3  41.6  41.9  42.2  42.8  42.6  43.7  44.0  44.0  43.6  44.2  43.9  43.7  43.5  44.0  44.1  44.0  44.5  44.7  44.4  
11  44.0  44.0  44.2  44.4  44.2  44.0  44.0  43.9  43.9  44.0  45.1  45.0  45.0  45.7  46.0  46.2  46.7  47.0  47.2  47.4  48.0  48.0  47.9  47.7  
12  47.6  47.8  47.9  48.7  48.5  48.6  49.0  49.3  48.5  48.8  49.7  48.8  49.0  49.2  48.0  47.8  47.9  47.5  47.5  47.6  47.7  47.9  47.5  47.4  
13  47.5  47.3  47.6  48.0  47.8  48.0  46.6  46.1  47.3  47.8  47.8  49.2  49.4  49.4  50.0  49.6  49.0  48.0  46.9  46.6  46.1  46.0  46.9  46.8  
14  47.4  47.7  47.0  46.1  46.7  47.3  47.5  47.6  48.0  50.2  50.3  51.3  52.9  53.0  53.0  52.4  52.8  52.6  52.2  52.0  52.2  52.4  52.4  52.2
15  52.2  52.0  52.0  51.9  51.8  51.8  51.3  51.4  51.5  51.5  51.4  51.7  51.7  51.4  51.6  51.1  50.9  50.3  50.0  49.4  50.0  49.8  49.6  49.1  
16  48.4  47.9  47.6  47.0  46.7  46.5  46.7  46.5  46.8  46.5  46.6  47.4  49.4  49.9  49.0  48.1  47.2  46.7  46.5  45.7  45.3  44.8  44.1  43.5  
17  43.0  43.0  42.0  42.9  43.4  43.8  43.7  43.9  44.0  45.0  45.2  45.9  46.9  48.1  47.6  46.3  44.0  42.9  42.1  43.7  43.9  43.9  43.1  43.5  
18  43.6  44.4  44.7  44.9  44.7  44.1  43.6  42.5  42.0  43.0  45.1  46.9  47.7  47.5  47.5  46.6  44.0  42.2  41.3  40.0  39.0  38.0  39.3  39.1  
19  38.7  38.4  38.3  37.0  36.2  37.2  35.7  34.4  35.2  37.0  39.1  42.3  43.0  43.4  43.8  43.2  42.5  42.0  41.6  41.5  42.1  42.3  41.1  40.0  
20  39.9  40.1  39.7  39.7  39.4  39.0  39.7  39.9  40.0  40.2  40.9  41.0  41.2  42.0  42.5  43.1  43.2  42.9  42.9  43.2  44.0  43.9  43.9  43.3  
21  42.2  41.9  40.5  40.2  40.3  40.9  40.5  40.0  39.4  41.3  42.8  43.7  43.7  44.0  44.4  44.0  41.1  39.9  41.3  42.0  43.3  44.4  44.5  45.2  
22  45.1  45.0  43.7  43.0  42.5  42.3  42.1  42.1  42.4  42.8  43.2  43.9  44.0  44.5  44.2  43.3  42.6  41.2  41.9  41.5  41.9  41.1  41.2  41.4  
23  42.2  41.5  41.3  41.7  42.0  43.1  43.1  43.1  43.8  44.2  45.4  46.2  47.4  48.1  48.8  47.1  46.1  45.3  46.0  46.1  45.7  45.0  45.1  45.1  
24  44.3  43.9  44.3  44.3  43.9  43.3  42.7  42.0  42.9  44.0  46.4  48.8  48.3  49.0  48.8  47.7  46.5  45.3  44.7  45.0  44.2  43.3  42.0  41.1  
25  40.6  40.0  40.9  41.7  41.9  42.0  42.0  41.9  41.7  42.1  42.7  43.2  45.0  45.0  44.3  42.8  40.0  38.9  37.8  38.8  40.0  40.4  40.4  40.7  
26  41.0  41.1  41.0  41.0  41.1  41.6  41.5  42.2  42.5  42.4  43.2  43.4  43.2  43.4  43.9  43.8  43.0  42.2  42.2  42.0  42.1  42.2  43.0  42.7  
27  42.2  41.9  43.0  43.9  44.0  43.3  43.3  42.9  44.0  44.9  45.7  46.3  47.3  48.6  48.5  48.5  48.6  48.8  48.9  49.1  49.9  47.5  44.7  44.2  
28  44.0  42.6  40.1  39.6  39.2  38.6  38.3  37.9  38.1  38.7  39.8  40.9  41.0  41.5  41.5  41.0  40.0  38.8  38.0  37.5  36.7  36.0  36.1  35.4  
29  35.0  34.3  34.0  33.0  32.7  33.2  33.5  34.0  34.0  35.0  36.1  38.1  38.9  39.5  38.9  38.4  36.9  37.2  37.0  35.3  36.9  37.0  37.0  36.9  
30  36.9  37.0  37.1  37.3  37.7  38.3  38.4  38.4  38.0  37.5  38.6  39.0  39.7  39.8  39.8  39.8  40.0  40.2  40.4  41.0  41.7  41.9  42.0  42.2  
31  42.4  42.1  42.1  42.6  42.8  42.4  42.9  43.2  44.0  44.0  44.4  44.8  45.2  46.1  46.2  46.5  46.3  46.3  46.3  45.2  46.0  45.0  44.7  44.8
FEBRUARY 1882
  1am  2am  3am  4am  5am  6am  7am  8am  9am  10am  11am  Noon  1pm  2pm  3pm  4pm  5pm  6pm  7pm  8pm  9pm  10pm  11pm  Midnight
1  44.2  43.9  43.2  43.0  42.2  41.9  41.1  41.1  41.0  42.9  44.4  43.6  43.6  43.9  44.0  44.1  43.9  43.2  43.5  43.3  42.8  42.7  42.3  41.2  
2  42.0  41.8  42.0  42.2  42.0  41.9  41.0  41.4  41.9  42.2  43.4  43.8  44.4  45.3  46.0  45.1  43.4  42.3  40.8  40.6  40.1  39.6  40.0  40.0  
3  40.0  39.3  40.0  39.7  38.7  38.9  40.3  41.0  41.8  43.2  44.0  44.3  44.8  44.9  45.3  45.4  45.3  45.0  43.3  42.9  42.6  42.5  42.1  41.8  
4  42.0  42.5  42.6  41.4  42.0  40.9  41.0  40.0  40.9  41.8  44.4  46.0  48.0  48.7  47.8  47.7  45.7  44.3  45.2  45.4  45.5  45.1  45.0  44.3  
5  44.4  44.2  44.0  43.8  43.6  43.5  42.9  43.3  44.0  44.4  45.6  46.1  46.6  46.6  47.0  46.7  46.0  45.3  45.0  44.2  44.2  44.0  43.7  43.3  
6  42.9  42.6  42.8  42.8  41.9  41.6  42.0  41.3  41.8  42.7  43.0  44.0  45.0  46.0  46.2  46.2  45.0  44.4  43.6  43.5  43.5  42.4  42.2  42.0  
7  42.0  41.3  41.9  41.8  40.6  40.8  40.7  40.2  40.2  40.6  41.0  43.0  44.9  45.0  46.0  45.0  43.0  41.1  41.0  40.8  41.0  41.7  41.6  41.3  
8  41.8  42.3  43.0  42.6  43.1  43.4  43.0  42.2  41.8  42.9  44.0  44.1  44.3  43.7  43.9  42.4  42.4  42.0  41.8  42.2  42.0  42.2  42.2  42.4  
9  42.2  42.3  42.9  43.0  43.4  44.0  44.3  45.2  47.8  48.0  49.8  51.0  51.0  52.1  52.2  51.5  51.4  51.0  51.5  51.8  51.4  51.1  51.0  51.0  
10  51.0  50.5  50.4  50.1  50.0  50.0  50.0  49.9  49.9  50.0  50.2  49.8  49.7  50.0  49.6  49.2  48.2  47.4  47.3  46.8  45.7  45.0  45.0  44.7  
11  44.9  45.4  43.6  42.9  45.0  45.8  45.9  44.6  45.4  47.3  48.4  48.7  49.1  49.6  50.4  49.7  48.7  47.7  47.9  47.2  46.5  46.2  45.9  45.5  
12  45.0  44.3  43.3  42.4  41.4  40.7  39.6  39.1  40.0  42.0  44.7  46.5  48.4  46.9  46.6  45.9  45.0  44.5  45.1  45.3  46.0  45.6  46.4  47.4  
13  48.9  50.0  50.9  51.9  52.0  51.7  51.2  51.8  50.9  49.1  48.9  49.8  51.0  50.3  48.0  47.3  46.7  44.5  44.1  43.0  42.9  41.9  42.0  42.0  
14  41.6  41.2  41.0  40.4  40.5  40.0  39.3  39.1  39.6  40.9  43.6  45.0  46.3  47.0  47.0  45.2  45.7  44.3  44.0  44.1  42.7  41.2  40.2  40.0  
15  39.7  39.5  39.0  37.3  37.4  36.1  35.9  34.8  35.0  36.5  37.9  36.3  39.0  41.4  42.6  38.9  37.9  38.0  37.8  37.9  37.0  36.4  36.5  36.4  
16  36.1  37.4  38.4  39.2  40.9  43.1  45.0  45.5  46.3  47.1  47.6  47.9  48.8  48.4  48.7  48.8  48.5  47.9  47.4  47.0  47.0  47.2  47.0  47.2  
17  46.9  46.7  46.5  46.2  46.4  46.3  45.9  46.0  47.7  48.0  50.5  50.1  51.0  51.1  50.4  50.5  50.4  50.0  49.4  49.2  48.7  48.4  48.4  48.2  
18  48.4  48.1  48.5  48.7  48.3  49.0  49.3  49.3  44.9  45.9  47.0  46.8  44.2  46.2  45.0  43.7  42.2  40.4  40.9  39.2  38.1  38.0  38.0  38.0  
19  38.2  39.0  39.6  38.0  38.3  38.3  38.5  38.8  41.0  42.1  44.8  46.9  48.0  47.0  46.3  46.1  44.8  43.8  43.9  43.7  43.3  43.0  42.9  42.2  
20  41.3  41.3  40.7  40.5  41.4  41.9  42.0  42.5  43.6  46.1  47.6  49.0  50.1  50.3  49.9  50.0  49.6  48.8  48.4  48.0  47.8  48.0  48.0  47.9  
21  48.0  47.9  48.0  48.0  48.1  48.6  48.3  48.0  48.2  48.8  49.3  50.0  50.4  49.9  50.9  50.4  49.3  47.6  46.3  46.7  46.9  46.6  46.3  46.1
22  46.0  45.9  45.5  45.4  45.2  45.1  44.5  43.9  44.6  46.3  47.6  45.9  47.0  46.5  46.2  45.7  45.3  44.9  44.6  44.5  44.4  44.3  44.1  44.0  
23  43.9  43.7  43.4  43.3  43.0  43.0  42.9  42.9  43.3  43.9  46.1  46.8  45.8  46.0  46.9  46.1  45.8  45.1  44.7  44.2  43.9  43.7  43.2  42.7  
24  40.7  41.0  41.3  41.9  42.0  41.9  42.0  42.2  43.3  44.0  45.0  46.7  47.2  49.0  50.0  50.4  49.0  47.2  46.3  45.7  44.8  46.0  46.5  47.4  
25  48.0  48.1  48.6  49.4  49.6  49.0  48.1  48.9  49.8  50.6  52.1  51.5  52.0  53.2  52.9  52.7  51.9  51.9  51.4  51.2  50.8  50.5  50.4  50.4  
26  50.2  50.2  50.0  49.6  50.0  50.4  50.8  51.2  51.6  51.9  52.6  52.0  54.0  53.1  52.8  53.3  52.4  51.0  49.8  48.9  48.4  48.1  47.9  47.4
27  47.3  47.4  47.3  47.0  45.9  42.9  42.0  41.5  40.9  40.1  40.1  40.1  40.1  40.1  40.5  40.4  40.3  40.6  40.4  40.0  39.9  39.4  39.7  39.9  
28  39.7  39.9  40.0  41.3  42.8  41.8  40.9  41.0  41.8  43.0  44.7  46.8  47.4  47.7  47.2  46.2  45.2  43.5  43.9  43.7  43.0  42.7  42.0  41.2  
29  -999.  -999.  -999.  -999.  -999.  -999.  -999.  -999.  -999.  -999.  -999.  -999.  -999.  -999.  -999.  -999.  -999.  -999.  -999.  -999.  -999.  -999.  -999.  -999.  
30  -999.  -999.  -999.  -999.  -999.  -999.  -999.  -999.  -999.  -999.  -999.  -999.  -999.  -999.  -999.  -999.  -999.  -999.  -999.  -999.  -999.  -999.  -999.  -999.  
31  -999.  -999.  -999.  -999.  -999.  -999.  -999.  -999.  -999.  -999.  -999.  -999.  -999.  -999.  -999.  -999.  -999.  -999.  -999.  -999.  -999.  -999.  -999.  -999.  
MARCH 1882
  1am  2am  3am  4am  5am  6am  7am  8am  9am  10am  11am  Noon  1pm  2pm  3pm  4pm  5pm  6pm  7pm  8pm  9pm  10pm  11pm  Midnight
1  40.9  40.7  40.6  40.0  39.5  39.9  40.3  40.9  41.4  42.0  42.0  42.7  43.4  43.1  42.9  43.0  42.0  41.9  41.3  41.2  41.1  40.3  39.7  39.4
2  39.5  39.2  39.0  38.7  38.4  38.0  36.7  36.2  36.7  36.0  37.0  38.2  40.0  41.0  41.1  40.8  40.8  40.2  40.0  39.8  39.7  39.9  39.7  40.8
3  40.9  39.8  38.8  40.1  40.7  40.3  39.9  40.0  40.0  40.4  42.3  42.3  43.4  43.0  43.9  44.0  43.3  42.8  42.2  41.9  41.4  41.0  41.0  40.1
4  39.4  39.0  38.9  38.3  38.8  40.0  40.2  40.7  41.9  43.8  45.1  46.2  46.9  48.4  46.4  47.8  47.1  45.5  44.2  44.0  43.0  41.8  42.0  42.3
5  42.8  43.9  44.1  44.4  43.9  44.4  44.7  44.4  45.4  46.4  48.0  49.3  50.5  50.6  51.0  49.8  48.9  48.0  47.6  47.3  46.9  46.1  43.8  42.1
6  40.9  39.4  39.7  37.4  38.1  38.1  37.0  37.3  39.4  40.0  42.3  42.9  43.9  43.7  43.7  43.4  42.9  41.9  41.0  41.5  39.0  38.9  40.1  41.0
7  41.9  43.6  46.7  48.5  49.3  49.9  50.0  50.9  51.7  51.9  52.2  53.9  53.7  54.6  55.2  55.0  54.4  54.0  52.9  52.8  51.8  52.0  51.9  51.3
8  51.8  51.4  51.4  51.3  51.1  51.5  50.9  50.1  49.6  49.0  50.0  47.4  49.9  51.0  51.0  49.5  49.0  47.9  47.1  45.0  44.5  44.5  44.8  45.0
9  46.3  46.9  47.7  49.4  50.4  50.3  50.1  50.8  51.3  52.0  52.8  54.0  54.8  54.9  51.8  50.2  49.3  46.8  46.6  46.3  46.0  45.8  45.7  46.1
10  50.7  52.0  52.0  51.0  50.6  49.7  48.7  48.6  49.9  51.0  52.3  52.7  54.0  54.1  53.2  53.7  49.5  46.6  43.8  43.1  42.0  41.5  41.0  39.8
11  39.2  38.9  38.6  38.0  37.7  37.9  37.9  38.7  40.8  41.9  44.9  47.0  46.9  46.5  46.4  46.9  46.7  45.0  43.2  43.0  41.4  41.0  40.4  40.0
12  39.3  39.2  38.9  38.7  38.6  39.0  38.3  39.9  42.6  44.2  46.3  47.6  49.2  49.6  49.4  49.5  49.0  48.0  47.2  46.6  45.0  45.0  45.7  45.5
13  45.5  45.2  45.3  45.3  45.3  45.2  44.3  45.2  46.5  49.5  51.0  50.8  51.0  51.3  51.3  50.2  49.8  49.1  48.9  48.9  48.7  48.4  48.0  48.2
14  48.0  47.5  47.0  47.0  46.1  45.9  45.0  44.9  46.0  47.8  49.5  49.9  52.0  52.0  51.3  51.3  51.4  51.0  50.0  47.5  47.0  48.0  48.0  45.5
15  43.8  41.8  41.2  40.3  39.7  39.2  38.9  40.3  43.4  46.8  49.4  50.1  51.0  51.9  51.6  51.3  51.0  49.0  47.6  46.1  45.9  45.0  43.1  42.1
16  41.7  41.9  41.1  41.0  40.6  40.5  41.1  42.0  44.0  46.9  50.3  51.9  54.4  55.4  56.0  55.6  54.0  51.3  48.9  46.1  44.7  43.9  43.3  43.3
17  43.8  44.2  44.5  44.3  44.0  44.5  44.8  45.0  45.8  46.8  48.6  48.0  48.0  46.7  47.2  48.0  48.0  47.6  46.7  46.2  45.6  46.0  45.9  45.7
18  46.0  46.0  46.4  46.4  45.4  45.0  45.5  46.1  46.4  47.7  49.3  53.4  52.7  52.9  55.3  54.3  53.4  52.4  51.2  51.2  49.5  49.2  49.3  49.6
19  49.8  49.6  48.5  47.8  47.0  47.7  48.1  48.7  49.5  50.4  50.1  52.9  53.3  53.0  52.9  52.1  52.3  51.9  50.3  49.5  48.7  47.1  46.0  44.9
20  43.0  43.0  42.7  42.7  42.7  41.1  40.8  41.3  42.8  44.7  44.4  46.9  48.7  48.5  49.4  45.9  44.8  43.7  42.9  42.0  40.1  39.5  39.1  36.9
21  37.2  35.9  34.0  33.6  33.3  33.2  34.0  33.5  34.0  35.5  37.0  33.9  32.5  34.3  34.9  35.0  32.9  32.1  31.7  31.5  32.1  33.6  35.0  33.7
22  37.3  37.7  38.0  37.6  37.6  37.1  36.6  37.9  39.9  41.3  42.8  44.4  44.5  45.4  45.0  44.9  44.0  43.2  41.8  41.6  41.5  41.8  41.9  41.3
23  42.0  41.9  42.0  41.3  42.1  42.9  43.0  44.0  45.1  46.9  46.7  48.0  50.2  50.0  49.1  48.6  47.5  47.3  46.8  47.0  47.9  49.0  49.0  49.1
24  48.9  47.2  46.2  46.0  46.4  46.5  47.6  48.9  49.8  50.6  51.6  49.3  48.2  50.3  47.0  47.6  45.9  41.9  42.0  40.0  39.6  39.6  39.0  38.9
25  38.7  39.6  39.3  39.6  40.0  39.7  40.0  40.6  43.1  42.0  43.6  44.0  47.6  46.1  46.1  45.9  46.0  44.3  41.3  40.5  39.5  38.9  38.9  39.1
26  39.4  38.9  37.9  36.9  37.0  36.2  36.1  38.3  42.0  42.7  44.2  44.0  46.6  45.9  45.0  46.0  44.3  43.0  40.9  41.7  40.7  41.1  41.7  41.9
27  42.6  42.7  43.5  43.8  43.4  43.7  43.7  44.1  46.3  46.6  48.0  49.3  50.6  49.3  49.0  48.0  48.5  48.0  46.1  45.9  45.0  45.3  45.1  45.2
28  45.9  46.0  46.3  47.2  47.1  46.9  47.0  47.4  48.3  49.6  50.7  52.6  53.3  53.9  55.4  55.7  53.8  52.3  51.8  51.8  51.2  50.7  50.3  50.0
29  50.0  50.0  49.6  49.8  49.7  49.7  49.0  49.1  49.1  51.0  48.0  52.0  49.9  48.5  48.8  49.8  47.7  46.0  43.5  43.9  43.2  42.7  43.0  42.0
30  41.5  41.1  41.0  41.0  40.6  40.8  39.5  41.3  44.1  45.6  46.3  46.7  47.5  49.8  49.7  48.0  46.2  43.3  41.7  40.2  39.6  39.2  40.2  40.0
31  40.0  39.1  39.5  38.4  38.0  37.9  37.1  37.0  39.6  40.6  43.2  43.5  44.8  45.0  47.0  45.7  44.8  43.4  41.5  40.1  39.0  36.9  37.0  37.4  
APRIL 1882
  1am  2am  3am  4am  5am  6am  7am  8am  9am  10am  11am  Noon  1pm  2pm  3pm  4pm  5pm  6pm  7pm  8pm  9pm  10pm  11pm  Midnight
1  37.3  36.6  37.7  39.0  39.9  39.8  40.0  40.9  40.8  43.0  45.9  48.7  48.0  47.0  47.7  46.7  45.2  45.9  45.5  45.2  44.4  44.0  43.9  43.7
2  43.0  41.9  41.0  41.4  41.3  41.0  40.9  42.7  44.3  45.0  46.0  46.4  46.9  45.4  45.3  44.7  44.3  44.3  44.3  44.3  44.2  43.9  43.4  43.0  
3  43.1  43.1  43.1  43.2  43.1  43.1  43.2  43.4  43.6  44.2  44.6  45.9  47.8  48.7  48.0  47.8  47.4  46.6  45.6  46.5  46.4  47.0  46.8  46.0  
4  46.0  46.2  46.0  46.5  46.0  45.9  45.9  45.2  44.9  44.8  44.8  45.7  45.9  45.4  45.5  45.7  46.5  46.4  45.2  44.9  44.6  45.0  45.0  44.2  
5  43.5  43.0  42.6  42.2  41.2  40.9  41.3  42.5  44.0  45.5  47.0  46.0  46.0  46.0  45.9  45.5  45.0  44.5  44.3  44.0  43.7  43.4  43.1  43.0
6  42.8  42.1  41.5  41.8  41.0  41.3  42.0  42.2  43.7  45.3  46.2  45.8  47.0  48.9  48.0  48.0  47.6  47.4  47.0  46.6  46.0  45.8  45.2  44.0  
7  42.7  42.3  41.9  41.2  40.5  40.8  41.0  42.1  44.9  47.3  49.9  51.0  52.3  53.0  53.5  53.2  52.8  52.0  50.2  47.9  46.6  44.9  43.3  42.6  
8  39.4  39.0  37.0  37.7  37.0  36.1  38.0  40.1  44.9  48.8  51.8  52.8  53.9  54.2  54.3  54.0  53.6  52.3  50.1  47.4  46.3  45.0  44.0  39.7  
9  38.9  36.9  37.9  35.7  34.9  34.6  37.1  38.8  42.0  46.6  49.0  51.1  52.6  54.0  54.3  54.0  52.7  52.2  48.2  45.3  42.2  40.0  38.5  37.6  
10  36.7  36.5  36.0  35.0  34.4  33.8  36.1  40.0  44.6  47.2  50.0  52.9  54.1  55.4  56.1  55.9  54.7  52.9  48.5  45.9  43.6  42.0  41.6  40.6  
11  38.4  38.6  38.8  37.5  38.0  36.9  37.4  37.9  40.9  44.4  48.1  50.0  53.0  52.9  53.0  52.7  51.9  50.2  48.5  46.9  46.8  46.4  46.0  45.3  
12  43.7  42.9  43.8  45.0  45.1  44.8  45.0  45.2  47.0  47.7  47.4  47.0  47.0  47.4  46.4  46.6  46.6  46.5  46.5  46.2  46.1  46.4  46.9  47.2  
13  47.2  46.8  46.3  46.9  46.7  46.5  46.6  47.0  47.7  48.2  50.3  52.9  53.7  54.8  54.1  54.0  53.7  53.0  50.0  49.8  48.3  47.9  46.7  46.2  
14  45.7  45.0  44.7  44.5  44.8  44.4  44.5  44.6  44.6  44.1  43.9  43.7  43.6  43.4  43.4  42.9  42.5  42.2  41.7  41.0  40.1  39.7  39.2  38.9  
15  38.2  37.4  36.8  36.6  35.9  36.0  36.2  37.2  39.2  40.5  42.6  44.9  44.1  46.0  44.4  44.1  44.1  42.2  39.8  37.7  35.1  34.2  33.3  32.9  
16  31.8  31.5  31.9  31.8  32.5  33.4  35.4  37.7  40.5  42.2  45.3  46.0  46.9  47.3  49.5  48.8  47.7  47.1  46.4  45.5  44.9  44.7  44.3  44.1  
17  43.9  44.0  44.3  45.1  45.9  45.5  46.0  46.9  48.5  49.2  49.7  49.0  50.8  51.2  52.5  50.9  48.6  47.3  46.9  44.9  43.6  41.8  40.1  40.1  
18  39.4  38.8  38.5  37.1  37.2  37.4  40.3  42.6  46.0  47.6  48.4  48.5  49.7  52.4  52.8  51.7  51.0  50.4  49.3  48.4  46.5  45.8  45.3  45.0  
19  45.4  46.3  48.0  49.4  50.2  50.5  51.2  51.8  53.0  54.6  55.6  56.9  56.7  56.4  55.7  55.0  54.8  54.1  53.2  52.4  51.9  50.9  50.0  48.9  
20  49.0  48.3  47.0  46.5  46.0  46.4  47.6  49.0  51.0  52.9  55.7  56.5  58.0  58.0  56.8  56.5  55.2  54.0  53.0  52.2  51.4  50.5  51.0  50.8  
21  49.4  48.0  47.0  45.9  45.9  46.0  46.3  48.9  52.1  52.7  53.5  53.8  54.3  55.8  55.9  53.3  52.7  52.7  52.3  50.9  49.8  49.1  50.0  49.3  
22  48.7  48.1  48.0  48.0  47.5  48.7  49.0  49.9  51.3  52.3  53.8  53.1  51.8  51.3  50.5  50.9  51.3  52.3  51.5  50.3  48.7  47.6  47.4  46.8  
23  45.0  46.3  44.7  42.8  42.4  41.9  43.8  46.4  49.0  50.0  51.4  52.5  54.0  54.0  54.8  52.4  51.6  52.0  50.8  47.7  47.6  48.3  47.9  46.9  
24  46.3  46.0  45.3  44.9  44.2  44.0  46.1  48.0  46.3  47.2  48.0  51.2  50.9  49.0  50.4  46.1  45.3  45.4  44.0  42.2  41.9  40.4  39.2  39.3  
25  39.0  37.8  37.3  36.3  35.0  35.2  37.9  42.3  44.9  46.0  46.5  47.4  50.0  47.0  48.4  48.2  48.5  46.4  44.8  42.7  42.4  41.8  41.7  41.8  
26  40.2  39.0  40.3  40.6  39.0  38.9  41.2  43.6  44.7  44.6  46.8  46.8  46.9  47.2  47.5  45.2  45.0  43.7  43.0  42.0  41.0  40.8  40.8  40.5  
27  40.2  40.0  40.0  40.0  40.0  40.4  41.9  43.7  46.0  48.2  48.4  49.4  48.9  48.0  49.5  43.7  47.4  47.0  47.0  46.8  46.0  45.5  45.9  45.9  
28  45.0  44.8  43.0  42.7  41.9  41.2  42.0  43.2  45.0  45.2  46.9  51.2  53.8  52.2  50.2  47.4  46.9  48.0  46.0  43.4  41.1  40.0  39.0  38.2  
29  37.0  36.6  36.1  35.6  34.9  35.9  39.8  41.1  43.7  44.9  44.8  45.7  46.4  46.2  43.0  45.4  43.8  41.8  40.0  39.7  38.0  38.0  37.6  38.1  
30  37.0  35.5  35.2  34.4  34.1  35.0  37.6  40.7  43.8  44.3  46.0  49.2  48.0  46.3  49.3  48.0  41.0  44.0  43.3  42.0  42.0  41.9  42.0  41.4  
31  -999.  -999.  -999.  -999.  -999.  -999.  -999.  -999.  -999.  -999.  -999.  -999.  -999.  -999.  -999.  -999.  -999.  -999.  -999.  -999.  -999.  -999.  -999.  -999.  
MAY 1882                                                
  1am  2am  3am  4am  5am  6am  7am  8am  9am  10am  11am  Noon  1pm  2pm  3pm  4pm  5pm  6pm  7pm  8pm  9pm  10pm  11pm  Midnight
1  42.0  42.2  42.8  43.0  41.9  41.1  40.5  43.7  47.4  49.8  51.0  49.2  52.0  50.4  51.7  47.9  47.7  49.0  47.9  46.5  45.3  43.8  43.5  43.5  
2  42.0  41.8  40.5  41.5  41.6  42.2  42.7  45.0  47.0  48.6  49.4  51.3  53.4  52.0  55.0  54.0  52.7  52.2  50.6  47.8  46.0  45.4  44.3  43.2  
3  43.0  43.4  44.1  44.4  45.0  45.2  46.6  48.0  48.6  50.1  51.9  54.0  54.0  55.7  57.3  55.5  49.0  48.3  47.7  47.0  46.0  44.7  44.0  43.4
4  43.4  43.0  42.4  42.4  41.9  42.2  44.0  46.1  46.0  48.1  50.9  51.7  51.2  53.1  52.9  51.0  51.5  50.0  48.4  47.3  45.0  42.7  41.9  41.0  
5  40.0  38.9  37.9  37.1  36.6  38.0  41.7  46.1  50.0  53.0  52.9  52.9  53.9  57.0  57.8  57.0  52.5  51.0  50.2  48.3  47.2  45.6  44.9  44.0  
6  43.7  42.0  41.0  40.3  41.2  42.0  45.0  46.9  49.2  50.0  52.0  54.0  55.1  54.2  51.0  48.9  48.9  49.2  47.0  46.1  45.5  45.4  45.0  44.9
7  44.7  44.0  44.0  42.9  42.4  42.9  45.1  48.2  50.4  51.4  53.0  49.1  47.9  51.5  51.0  51.0  47.3  47.2  46.7  45.9  45.4  44.3  44.6  44.0  
8  43.6  42.7  42.5  42.7  41.0  43.3  44.3  45.6  49.0  50.7  49.9  50.5  51.3  53.1  53.3  53.6  53.0  52.9  52.3  50.6  48.4  48.2  48.0  48.7  
9  48.0  48.0  47.7  46.6  46.3  46.1  46.3  47.2  48.0  49.4  50.3  51.7  52.0  52.5  53.8  53.9  53.9  53.1  51.0  48.9  48.6  47.1  45.3  43.9  
10  42.9  42.2  41.9  41.1  41.0  43.1  45.8  48.0  50.9  54.0  56.0  57.0  58.1  58.4  59.9  58.0  59.1  56.2  56.8  53.0  50.2  48.6  48.3  47.9  
11  46.5  47.1  47.0  46.9  47.8  49.0  50.3  51.7  53.0  56.0  55.7  55.3  55.1  55.0  56.0  56.5  56.1  55.9  52.2  49.2  47.4  46.4  43.7  43.3  
12  42.1  41.5  40.1  40.0  39.6  41.8  45.2  48.0  51.9  52.7  54.0  55.9  54.2  56.0  55.4  55.0  54.9  52.9  51.1  48.8  47.9  47.0  45.1  44.7  
13  44.0  41.3  40.4  39.0  39.0  39.8  44.7  48.5  51.8  54.0  56.0  57.0  57.3  58.6  58.1  58.5  58.1  56.9  55.1  52.2  49.8  47.0  45.4  43.9  
14  42.4  40.3  39.4  38.7  39.5  42.0  46.9  51.0  55.0  56.5  58.0  59.2  59.0  59.3  59.6  57.8  56.7  55.1  53.9  51.9  49.7  48.0  47.5  46.2  
15  45.5  44.3  43.2  41.9  41.7  43.0  46.7  47.0  49.6  50.3  52.8  53.4  53.3  53.7  53.0  52.7  51.7  50.7  49.4  48.0  46.0  44.9  43.0  42.3  
16  40.0  39.2  38.1  38.8  38.9  41.6  46.0  47.5  49.0  51.0  53.7  54.2  53.9  55.7  56.0  56.4  56.4  55.9  55.0  52.0  49.3  47.0  45.0  43.5  
17  42.7  42.1  41.0  40.1  40.0  41.8  46.0  50.3  54.2  56.7  58.5  60.0  61.5  62.1  63.0  63.0  63.0  61.4  59.2  56.6  53.0  50.4  49.2  47.5  
18  45.8  45.0  43.2  43.1  42.8  44.0  49.2  52.0  57.1  60.2  64.0  64.8  65.9  67.3  66.9  66.9  66.2  64.7  61.2  57.0  53.9  51.9  49.2  48.1  
19  47.0  46.2  45.0  43.4  42.9  44.9  52.8  56.0  59.0  60.1  60.6  60.4  60.0  60.4  60.0  60.0  59.8  59.1  57.9  55.6  53.0  51.7  52.6  51.7  
20  51.9  51.0  48.9  46.6  45.8  47.0  50.2  52.2  54.9  55.2  55.9  57.7  58.0  59.0  59.4  59.3  59.2  58.2  57.0  54.7  52.2  50.9  49.8  49.6  
21  47.9  46.9  46.1  45.2  45.0  45.7  47.9  51.4  54.2  56.7  58.7  60.0  60.7  60.9  61.3  61.0  60.7  58.1  57.1  56.2  56.0  54.9  54.3  53.7  
22  52.2  51.7  51.5  51.3  51.1  52.3  53.6  54.8  56.1  57.4  60.4  59.8  62.6  63.4  64.0  63.1  62.6  61.7  61.1  60.0  58.1  56.5  54.5  53.4  
23  53.0  52.9  52.6  52.0  51.3  50.9  52.6  52.5  54.7  54.1  55.0  57.6  59.2  60.7  61.8  61.9  62.0  61.1  60.0  58.0  57.9  54.3  53.9  53.2  
24  52.8  52.0  52.0  51.9  51.9  52.3  52.9  53.0  54.0  54.2  56.0  58.1  56.6  55.0  55.0  53.8  54.2  53.3  53.0  52.1  50.3  49.9  49.7  48.8  
25  47.7  47.0  46.1  44.9  44.9  45.0  46.0  46.0  47.4  49.6  54.3  52.1  55.3  54.1  56.8  55.3  53.0  53.4  50.0  50.4  50.3  50.1  49.3  48.0  
26  46.9  45.0  44.3  44.3  45.0  46.9  49.9  52.0  55.0  56.0  56.0  57.9  53.7  55.2  58.2  58.4  58.1  57.2  56.3  55.1  54.1  53.6  53.1  52.3  
27  51.8  51.0  50.7  51.0  50.7  50.4  52.0  53.3  55.7  56.4  58.0  55.5  50.0  55.6  57.1  57.4  55.7  54.9  52.4  51.6  51.1  50.5  50.6  49.9  
28  49.6  49.9  49.8  49.2  49.6  50.8  52.2  53.9  54.9  55.7  58.9  59.5  61.0  61.8  61.8  61.2  60.0  58.2  56.4  54.3  51.7  50.2  48.4  47.9  
29  47.8  46.9  46.0  45.2  45.9  48.8  52.1  53.8  56.3  58.9  57.6  58.1  61.0  54.3  57.8  57.0  56.4  57.4  57.8  54.2  53.5  53.8  52.5  51.7  
30  50.5  50.9  51.0  50.9  50.4  50.9  53.7  54.0  57.0  59.4  61.0  60.2  62.6  64.6  64.2  62.2  64.7  62.7  60.0  58.1  56.5  53.9  52.3  50.3  
31  48.7  47.4  47.0  46.1  48.0  49.9  52.6  54.2  57.4  57.5  58.7  59.8  61.3  62.7  63.8  61.7  61.1  60.5  58.4  54.9  52.2  50.0  48.0  47.9  
JUNE 1882
  1am  2am  3am  4am  5am  6am  7am  8am  9am  10am  11am  Noon  1pm  2pm  3pm  4pm  5pm  6pm  7pm  8pm  9pm  10pm  11pm  Midnight
1  46.9  45.8  45.2  45.2  45.2  46.9  51.0  53.3  58.0  62.1  63.1  64.5  64.8  65.0  66.2  64.2  63.9  61.8  59.8  58.0  55.7  53.1  52.7  51.7  
2  49.0  49.9  50.2  49.7  49.0  50.9  51.0  52.3  53.0  55.7  55.2  55.2  55.7  55.4  57.4  56.9  56.9  56.4  54.9  54.0  54.0  53.0  53.0  53.3  
3  54.3  54.1  54.2  54.0  54.0  54.0  54.4  55.0  57.0  57.7  62.0  61.9  59.4  61.5  64.0  63.4  63.0  63.1  60.0  58.0  56.0  53.9  53.9  53.9
4  53.2  53.1  53.0  52.4  52.0  53.0  54.2  55.5  56.5  60.0  58.0  60.0  61.5  56.9  55.3  55.2  54.0  55.0  51.3  51.5  50.5  50.0  49.0  48.4  
5  48.0  47.8  46.2  45.9  46.6  48.1  50.6  52.1  55.2  56.9  58.9  56.9  59.2  62.4  60.4  59.5  59.1  56.9  56.6  55.0  54.2  53.4  52.5  52.2  
6  52.4  52.6  52.5  51.9  52.4  52.7  55.0  54.4  56.7  57.7  57.8  54.8  56.1  60.2  56.2  55.8  56.0  52.6  51.9  52.1  52.5  52.2  50.9  51.5  
7  52.0  51.5  50.1  50.4  51.0  51.5  53.0  55.0  53.8  55.4  56.3  55.9  58.0  57.8  59.2  58.2  59.5  57.6  57.0  54.8  52.8  52.6  51.1  51.0  
8  51.3  51.0  51.1  50.7  50.3  50.5  50.9  52.1  53.1  52.7  54.7  55.9  56.0  56.0  57.5  59.0  58.7  56.8  55.0  53.8  52.7  51.2  50.3  49.4  
9  49.6  49.9  49.3  49.0  48.8  49.4  51.9  52.5  55.0  54.9  53.8  52.7  52.8  53.1  53.8  53.2  53.1  54.3  53.9  53.6  53.3  53.0  52.9  52.7  
10  52.2  51.9  51.1  51.5  51.7  51.9  52.4  53.5  55.0  53.3  52.5  54.1  55.2  53.9  56.4  53.9  53.4  51.5  51.1  48.7  46.7  46.2  45.9  43.9  
11  43.3  43.3  42.2  42.8  45.0  46.3  48.1  50.0  50.9  54.0  56.4  54.1  53.9  52.7  54.0  50.3  49.0  49.8  50.4  48.0  47.0  45.8  45.1  45.0  
12  44.9  43.1  41.9  41.2  40.0  42.5  45.5  45.7  46.3  49.2  47.9  48.9  51.1  51.1  50.0  51.8  50.0  49.7  48.7  47.0  45.0  44.0  43.0  42.4  
13  42.0  41.5  42.0  42.7  43.2  44.8  46.4  47.0  45.9  46.3  47.8  49.5  50.6  51.7  53.7  53.1  53.3  52.9  52.7  52.1  51.8  51.7  52.4  52.2  
14  50.9  50.8  50.5  50.4  50.1  50.3  51.1  52.0  54.0  56.4  56.4  55.8  56.6  55.8  54.7  56.0  55.0  51.2  49.9  49.5  49.8  50.0  49.0  47.5  
15  48.1  47.6  47.9  47.0  47.1  48.4  51.8  52.3  55.0  51.0  51.1  55.0  58.0  57.7  59.2  57.4  57.2  54.0  53.0  50.3  47.4  45.9  43.9  42.6  
16  41.3  42.0  41.0  41.9  43.0  44.7  47.2  50.2  52.9  53.7  54.0  54.9  58.2  58.7  57.8  58.6  57.5  57.3  53.7  51.9  50.8  50.2  50.9  51.9
17  51.3  50.7  50.0  49.9  50.1  50.7  50.7  50.9  50.9  50.4  50.9  51.2  51.9  52.8  52.4  52.3  52.5  52.7  52.9  53.1  52.4  51.7  51.6  51.5  
18  50.9  49.7  49.1  48.9  48.7  48.9  49.7  50.3  53.2  54.2  56.4  56.9  52.9  51.9  51.7  54.6  54.9  54.9  52.8  51.4  51.1  50.2  48.4  47.5  
19  47.8  48.0  47.6  48.0  48.7  49.7  51.0  52.4  53.6  54.4  55.9  55.9  55.7  56.8  57.4  58.7  58.3  57.7  56.5  54.5  52.8  52.3  52.0  51.9  
20  51.2  51.0  51.1  51.1  51.7  52.6  53.9  55.7  55.5  57.3  57.1  58.5  60.0  60.1  60.1  58.9  58.2  55.3  53.9  52.9  52.0  51.8  51.9  52.2  
21  53.0  54.1  54.9  54.4  52.0  51.1  51.3  51.4  54.8  55.0  56.6  58.7  58.4  60.5  57.0  59.4  55.0  57.4  58.2  56.9  53.9  52.0  51.5  51.8  
22  51.1  50.7  50.2  48.3  48.0  50.8  53.0  53.6  55.9  58.5  59.1  58.3  60.7  59.7  60.5  58.7  55.6  53.1  53.5  53.9  50.7  50.0  50.0  50.9  
23  50.0  49.2  47.6  46.9  47.2  48.6  51.4  53.9  56.4  55.0  54.0  59.0  55.0  54.7  57.0  56.6  54.8  51.1  52.2  52.8  52.2  50.7  50.1  50.0  
24  49.0  49.1  49.7  50.2  50.7  52.2  51.9  52.9  55.9  57.8  59.3  59.9  60.7  59.2  59.6  58.2  59.0  58.1  56.4  55.4  54.6  54.0  52.5  52.1  
25  51.8  51.0  50.2  49.8  49.4  51.6  52.8  54.3  55.5  59.2  60.7  60.9  61.4  61.9  61.2  57.8  58.2  58.1  56.1  54.5  53.8  52.4  52.0  51.6  
26  52.0  51.3  50.7  50.8  51.6  52.2  53.0  55.6  57.0  56.9  58.2  60.5  60.9  60.9  63.2  63.4  62.9  61.3  60.7  56.7  55.1  52.9  51.2  50.0  
27  48.9  48.0  47.9  47.0  47.0  49.0  53.1  56.9  60.2  62.9  64.5  64.8  67.9  67.8  66.9  65.8  66.0  64.3  61.2  60.9  59.8  58.9  57.9  57.1  
28  57.0  56.0  55.7  55.7  56.0  56.0  56.6  56.4  57.9  58.8  63.5  65.7  61.7  63.6  59.5  60.0  61.1  59.8  59.4  58.5  58.0  55.9  54.5  53.9  
29  53.6  52.2  51.0  52.4  52.0  52.2  53.8  55.7  58.3  59.5  61.2  62.0  64.4  66.4  65.2  65.8  65.9  63.0  63.0  60.3  58.9  56.4  54.8  53.7  
30  53.7  54.0  53.7  53.6  53.4  54.0  54.7  56.2  60.4  62.7  65.9  66.7  68.4  69.4  71.1  70.5  69.8  69.3  66.8  64.2  61.6  59.0  57.4  56.4  
31  -999.  -999.  -999.  -999.  -999.  -999.  -999.  -999.  -999.  -999.  -999.  -999.  -999.  -999.  -999.  -999.  -999.  -999.  -999.  -999.  -999.  -999.  -999.  -999.  
JULY 1882
  1am  2am  3am  4am  5am  6am  7am  8am  9am  10am  11am  Noon  1pm  2pm  3pm  4pm  5pm  6pm  7pm  8pm  9pm  10pm  11pm  Midnight
1  56.0  55.5  55.9  54.4  54.9  56.4  58.4  59.9  62.3  64.7  65.5  65.9  63.2  60.9  60.0  60.4  60.5  61.4  62.7  61.4  60.7  60.1  60.0  59.4  
2  58.9  58.9  58.2  57.9  57.7  57.3  58.0  58.8  61.7  63.3  63.1  64.9  64.5  63.3  65.0  65.9  63.9  62.9  61.3  60.0  58.0  57.1  57.0  57.0  
3  57.0  57.2  56.7  56.3  56.1  56.4  58.4  60.7  62.3  62.9  62.6  64.4  65.0  64.2  66.2  65.3  66.0  65.0  65.3  64.0  62.8  62.0  61.7  61.0  
4  60.8  59.5  59.1  59.1  56.5  56.5  57.5  58.3  60.3  61.2  60.0  63.0  64.9  57.9  60.9  62.0  60.9  60.7  59.9  57.1  56.3  55.9  55.6  54.7  
5  54.4  54.5  53.6  51.8  52.8  53.7  55.0  56.0  58.0  57.9  59.0  58.7  58.3  59.0  57.0  57.3  57.3  56.1  55.1  54.7  53.6  53.7  53.2  53.1  
6  52.9  52.7  52.4  52.0  52.1  52.4  53.9  54.7  55.9  57.4  58.9  56.4  57.9  59.0  56.4  58.3  57.2  57.3  55.4  53.9  52.2  52.1  51.9  52.3  
7  52.1  52.0  51.8  51.9  52.2  53.1  54.0  55.0  57.2  59.6  61.4  60.3  60.0  60.0  58.3  62.2  60.5  59.0  58.1  55.7  53.9  53.0  52.4  52.8  
8  53.0  52.8  52.6  52.5  52.4  53.1  53.3  56.2  57.5  60.7  63.1  61.5  64.8  61.1  60.7  55.9  60.2  60.0  59.0  58.0  57.6  55.8  54.7  54.9  
9  54.0  54.0  53.6  53.1  52.3  52.0  53.6  55.0  57.3  57.4  61.5  60.0  58.9  62.3  58.7  57.8  60.9  58.1  56.8  55.4  54.8  53.6  53.2  53.3  
10  53.3  52.7  51.1  50.4  50.4  51.0  53.7  55.9  57.0  58.8  59.2  62.9  64.0  56.1  61.5  60.9  57.8  59.0  58.3  57.6  56.9  55.9  54.8  52.8  
11  52.1  52.0  52.0  52.0  52.1  53.0  54.3  55.4  56.0  57.0  58.4  58.2  55.3  56.2  55.6  56.2  57.2  57.2  55.7  54.8  53.9  53.0  53.3  52.4  
12  51.7  50.9  50.2  49.4  51.4  53.5  55.6  57.7  59.8  60.0  63.0  62.7  63.6  64.3  65.2  64.0  63.2  62.1  60.0  58.5  57.5  56.8  55.0  54.0  
13  53.0  52.2  53.1  54.0  54.2  55.7  57.0  58.0  60.6  61.2  61.8  63.7  63.0  63.0  62.0  61.0  60.4  60.2  59.9  57.1  56.6  55.4  55.6  55.1  
14  56.0  56.0  56.0  54.9  55.4  55.0  57.0  58.1  61.2  62.9  63.8  62.5  61.8  61.3  58.9  57.6  57.9  57.2  57.6  57.0  57.0  57.3  57.7  57.3  
15  57.8  58.0  58.0  55.1  55.0  55.5  56.4  56.9  60.0  58.8  61.7  60.6  63.7  62.6  62.5  61.0  59.4  59.0  58.5  57.7  56.6  56.5  56.0  55.9  
16  55.2  55.0  54.4  54.6  55.3  56.0  56.4  57.2  57.9  59.8  59.1  60.9  60.5  61.1  61.7  61.5  60.6  59.1  58.3  56.7  55.9  54.5  54.7  54.2  
17  53.5  51.2  50.2  50.6  51.5  52.1  53.7  55.9  57.0  58.9  56.9  56.0  56.1  56.8  57.7  58.7  59.9  59.0  55.0  54.9  55.4  55.7  54.7  54.0  
18  53.0  52.4  52.1  52.2  52.3  52.1  52.8  55.0  58.2  57.9  59.2  58.0  59.8  62.0  62.4  57.5  56.0  58.1  57.3  55.9  54.0  53.0  54.0  54.0  
19  54.0  53.9  53.6  54.2  54.5  54.0  55.7  56.5  58.0  60.0  59.0  60.7  61.7  63.3  62.5  61.3  60.0  59.0  57.2  55.9  54.2  53.5  52.2  51.9  
20  51.0  51.4  50.7  50.0  50.2  51.0  53.2  54.3  56.3  56.9  52.8  52.8  54.6  54.3  60.0  59.4  61.5  58.7  58.4  56.8  54.5  54.0  53.8  53.1  
21  52.8  51.9  52.0  52.3  53.0  53.5  55.0  55.6  56.3  57.8  59.4  60.1  60.9  62.3  62.0  62.0  61.9  61.2  60.3  59.1  58.0  58.0  57.1  56.3  
22  55.2  53.6  53.0  52.6  53.0  53.4  53.9  55.0  56.7  59.9  60.3  58.1  60.8  59.8  59.6  59.8  58.2  55.2  56.8  53.0  53.0  52.4  52.4  51.7  
23  51.7  52.0  52.1  52.0  52.3  52.3  53.9  53.9  55.5  58.1  56.0  56.1  55.8  58.0  56.0  56.8  53.2  51.6  51.9  52.0  51.6  51.0  50.7  50.9  
24  49.9  49.7  49.7  49.9  50.0  51.0  52.4  54.2  57.1  56.0  57.2  57.0  59.5  56.7  60.4  61.8  60.7  58.7  57.5  56.2  54.2  53.8  53.8  53.4  
25  53.2  52.6  52.2  50.9  50.0  50.6  53.0  54.4  56.4  58.0  57.0  59.8  59.0  59.7  59.0  59.0  59.8  57.4  56.7  54.3  51.7  49.1  49.8  48.4  
26  48.0  47.6  47.5  46.5  46.0  47.9  51.0  53.4  57.5  57.0  59.5  60.7  61.3  61.5  62.0  63.1  62.9  61.1  59.0  57.7  56.6  56.6  56.2  55.4  
27  55.0  54.1  52.9  53.0  53.4  53.8  54.0  55.0  57.5  56.9  57.5  60.2  60.0  60.9  60.7  62.2  62.7  61.3  61.7  61.2  59.0  57.4  56.1  55.7  
28  54.2  53.5  54.0  54.7  54.9  55.7  56.9  57.4  59.0  59.5  60.0  60.0  62.0  60.4  61.9  62.1  61.1  61.0  60.0  59.7  59.2  58.9  58.6  58.2  
29  57.5  56.0  54.4  52.7  51.9  53.0  55.7  55.9  55.9  57.8  58.9  58.5  60.3  60.1  62.2  61.9  61.7  61.5  61.2  60.3  60.0  59.8  59.7  59.4  
30  58.8  58.6  58.2  57.1  57.0  55.1  55.1  55.9  57.7  59.2  59.8  61.1  61.0  61.1  62.0  62.1  60.7  58.8  57.7  55.4  52.4  51.5  49.9  50.2  
31  49.3  51.0  51.3  51.6  51.7  52.1  52.3  54.2  56.0  55.3  54.8  55.2  54.9  56.0  56.9  58.0  59.4  60.1  60.4  60.3  59.9  59.7  59.7  59.6  
AUGUST 1882
  1am  2am  3am  4am  5am  6am  7am  8am  9am  10am  11am  Noon  1pm  2pm  3pm  4pm  5pm  6pm  7pm  8pm  9pm  10pm  11pm  Midnight
1  59.0  58.6  58.8  58.7  58.9  59.4  60.6  60.9  62.0  62.0  64.0  65.9  66.0  66.0  65.4  65.6  64.9  65.1  65.2  64.2  62.4  61.2  61.0  60.8
2  60.3  60.5  60.2  59.9  58.9  57.9  57.4  57.0  57.0  58.2  59.9  60.2  60.4  61.0  59.4  59.5  58.8  57.8  57.0  56.0  55.0  54.5  54.2  53.2  
3  53.6  53.0  53.1  53.0  53.0  53.1  54.1  55.0  56.4  57.5  58.8  61.6  60.8  60.0  58.5  58.4  58.2  57.1  56.5  55.6  55.0  54.2  53.6  53.6  
4  53.0  53.2  53.4  53.3  53.7  54.0  54.8  56.0  59.1  59.3  61.4  62.3  66.7  64.9  65.2  63.0  63.0  62.1  60.2  59.3  58.6  57.9  56.7  56.9  
5  56.2  56.0  54.1  54.0  54.7  54.9  56.0  56.7  57.1  58.0  59.9  61.0  63.4  64.4  65.9  65.9  66.0  66.2  64.2  61.0  58.8  56.9  56.9  57.0  
6  57.1  57.1  57.4  56.6  57.1  56.9  58.3  59.2  59.8  60.0  60.7  62.3  63.4  66.0  64.3  65.4  65.0  62.9  61.0  60.3  59.8  59.5  59.0  58.9  
7  58.8  58.3  58.0  57.7  57.4  57.6  58.5  59.4  60.3  61.3  62.1  62.8  64.2  65.6  65.0  65.0  64.0  64.0  62.3  61.9  60.3  59.2  57.4  56.0  
8  54.2  53.6  53.1  51.9  51.9  52.4  53.0  54.2  55.0  57.7  60.6  63.2  65.2  66.1  66.7  66.8  67.0  66.3  65.0  63.0  60.8  59.0  58.0  55.0  
9  55.0  55.1  56.3  56.6  57.0  57.3  58.9  60.2  61.7  63.0  65.0  66.6  68.0  70.3  71.4  71.9  71.8  69.1  67.6  64.1  61.0  59.4  57.3  56.0  
10  55.2  54.0  53.0  52.1  51.9  51.0  52.4  54.9  59.2  64.5  68.9  72.0  74.8  75.4  75.9  75.9  74.9  72.8  69.9  65.7  63.0  60.2  58.0  55.3  
11  55.4  56.6  55.6  54.5  56.0  57.5  59.0  60.9  62.9  64.9  64.6  66.3  65.6  63.7  66.9  68.0  66.8  66.2  65.0  62.8  61.1  60.9  59.4  58.9  
12  58.5  57.9  57.0  55.8  54.6  55.6  58.2  59.7  60.7  63.0  64.0  64.0  64.2  64.2  65.6  65.0  65.0  63.2  61.0  59.2  58.2  58.4  57.7  56.9  
13  56.0  55.0  54.6  54.6  54.9  55.5  56.6  57.0  58.1  59.7  61.5  64.3  66.1  67.1  69.3  67.6  63.6  63.9  62.5  61.4  60.9  60.9  60.6  60.0  
14  59.1  58.2  57.9  57.2  57.8  58.2  59.2  60.2  61.2  62.3  65.4  62.8  61.7  63.3  65.0  66.2  64.6  64.1  63.3  62.0  60.9  60.6  59.2  58.0  
15  57.4  57.0  57.3  57.1  54.9  53.0  53.0  53.4  54.0  55.9  57.0  59.2  61.0  62.6  57.7  58.2  59.7  59.5  57.3  55.6  53.6  52.0  52.4  52.5  
16  52.0  52.5  53.0  54.0  54.7  56.4  57.0  57.6  57.8  58.5  58.3  58.8  59.0  58.9  59.0  59.0  59.0  58.3  57.9  57.0  56.6  56.0  55.2  54.7  
17  54.0  53.4  53.1  52.8  50.9  49.6  52.5  55.0  58.5  60.6  62.7  64.5  63.5  63.4  63.4  62.5  61.3  61.6  59.6  57.6  57.1  55.8  54.4  54.0  
18  52.4  51.9  50.7  51.0  51.0  52.1  53.9  55.2  56.6  58.4  60.2  61.1  61.3  61.9  63.0  63.5  62.9  61.7  60.7  59.3  58.4  58.2  57.4  56.0  
19  55.7  55.8  55.1  54.5  53.0  52.1  53.9  54.9  57.9  61.7  63.4  63.6  62.7  59.6  60.9  61.0  60.6  59.9  56.9  55.0  54.8  54.0  53.6  53.6  
20  53.3  53.0  53.6  53.0  52.9  52.5  53.0  54.7  55.0  54.2  54.5  56.2  57.2  60.2  61.6  61.9  60.0  57.9  56.9  54.8  54.7  54.1  53.9  53.1  
21  53.4  53.0  52.0  51.6  51.6  51.2  52.2  52.7  53.9  57.0  57.9  57.9  58.0  59.3  55.7  56.2  56.8  56.4  55.7  54.4  54.2  53.7  53.7  52.6
22  52.8  52.4  52.0  51.9  51.7  51.6  52.5  54.0  54.8  55.3  53.4  54.3  55.8  55.1  54.7  53.9  52.3  50.8  49.4  49.4  49.2  49.1  49.3  49.2  
23  48.0  47.9  48.0  48.0  47.8  47.5  49.1  51.5  52.5  54.4  56.0  55.9  55.1  55.5  52.9  54.1  54.0  54.0  50.9  50.2  50.0  49.8  49.8  49.3  
24  49.1  49.1  49.2  49.6  50.3  50.7  51.2  52.8  56.0  56.7  56.0  55.0  58.0  57.9  58.1  58.1  59.9  55.8  54.8  53.4  53.3  53.0  52.6  52.1  
25  52.0  51.5  50.8  50.3  50.0  50.1  51.0  51.8  54.0  54.6  58.6  56.2  57.2  58.6  57.8  58.9  57.9  55.0  54.0  53.1  51.8  50.2  50.2  50.5  
26  50.9  51.5  51.9  52.0  51.7  52.0  52.1  53.0  54.3  54.4  56.0  55.7  56.8  57.3  56.0  56.4  56.0  55.8  54.8  54.4  54.4  54.1  52.9  52.6  
27  53.0  53.0  52.2  51.8  51.1  51.3  51.9  53.0  54.5  55.4  56.1  57.0  57.6  58.1  57.6  57.8  57.0  56.4  56.0  55.1  54.9  54.3  54.1  54.0  
28  52.5  51.9  52.1  52.6  52.2  53.0  53.0  54.1  55.7  56.9  55.8  56.0  58.9  59.1  60.0  55.9  56.8  54.7  53.8  53.2  52.0  51.4  51.0  50.9  
29  50.5  50.5  50.6  50.0  49.2  48.7  50.0  52.3  53.8  55.5  58.2  58.2  58.3  59.9  59.4  57.7  57.3  56.4  54.7  52.8  52.2  51.0  50.7  50.0  
30  49.0  49.5  50.0  49.9  49.4  49.4  50.2  52.6  54.3  56.6  58.0  59.2  60.1  60.5  59.6  59.8  58.9  57.3  55.0  53.1  52.3  51.0  50.2  49.7
31  49.3  48.8  49.0  48.1  48.0  49.8  51.1  51.5  53.9  55.9  54.6  54.4  54.2  54.0  -888.  -888.  52.9  53.2  54.0  54.8  55.1  55.9  56.0  56.5
SEPTEMBER 1882
  1am  2am  3am  4am  5am  6am  7am  8am  9am  10am  11am  Noon  1pm  2pm  3pm  4pm  5pm  6pm  7pm  8pm  9pm  10pm  11pm  Midnight
1  57.5  57.2  57.9  58.0  58.5  59.0  59.0  58.3  57.9  58.0  59.9  62.6  64.0  63.0  64.7  62.8  63.0  60.5  58.3  58.0  59.2  56.9  56.0  56.0  
2  55.9  56.0  55.1  55.0  54.8  54.6  55.0  55.0  56.6  57.0  59.3  58.0  58.6  60.0  60.0  60.0  60.0  58.5  57.2  55.4  55.0  54.1  55.0  54.9  
3  54.9  54.6  54.5  54.4  54.5  54.0  54.2  55.4  55.3  55.8  56.2  58.0  58.0  57.9  57.5  57.2  56.0  54.4  54.1  52.8  51.6  51.5  50.0  48.9  
4  49.0  50.0  50.3  50.2  50.0  50.0  50.9  51.9  53.2  53.1  54.3  55.4  55.7  55.9  56.0  56.1  55.8  55.2  55.2  54.6  54.2  52.5  53.6  54.1  
5  55.0  55.8  56.3  57.1  57.8  57.7  57.7  57.9  56.3  57.0  59.0  60.1  59.9  58.9  59.0  58.1  56.4  55.5  53.5  51.5  50.3  50.3  49.3  48.0  
6  47.2  46.9  47.7  48.0  46.1  45.0  46.8  48.9  51.8  54.9  56.9  59.0  59.0  57.4  59.0  58.2  56.8  55.2  52.9  52.8  52.6  51.9  49.2  48.2  
7  46.8  45.2  44.9  44.4  43.5  43.9  43.9  50.0  53.5  57.8  57.2  59.2  61.0  60.4  60.9  61.2  60.7  58.8  56.7  54.2  52.8  52.0  51.0  51.1  
8  51.8  51.3  51.4  51.2  51.2  51.2  51.7  53.2  55.8  57.7  57.4  57.4  59.8  60.0  59.0  58.7  57.3  55.6  53.0  51.0  50.1  49.1  47.0  45.2  
9  44.4  44.2  43.0  42.6  42.6  42.4  42.4  45.2  50.7  57.3  60.1  61.7  61.0  61.9  63.3  62.4  61.9  60.2  58.3  55.4  55.2  54.9  54.2  53.7  
10  53.0  53.9  53.9  54.1  54.2  54.7  54.9  53.5  53.4  53.7  54.6  54.5  54.8  54.0  54.0  54.8  54.7  51.4  50.0  48.3  47.4  46.8  46.9  46.0  
11  47.0  45.8  44.8  43.8  42.5  42.4  43.0  46.0  48.7  51.3  54.0  52.5  54.9  53.4  53.1  52.9  52.7  50.4  48.9  46.5  45.3  44.0  43.4  42.6  
12  41.8  41.0  41.0  40.9  40.2  40.1  41.2  44.2  48.0  50.9  53.4  54.6  55.4  52.1  52.7  53.7  53.2  52.1  49.4  47.7  46.1  45.0  43.7  43.2  
13  43.0  42.9  42.1  41.9  41.7  42.0  42.8  43.6  45.4  47.4  48.9  52.2  51.7  52.9  51.8  51.7  53.1  52.3  49.6  46.1  44.6  44.0  42.4  40.9  
14  40.1  39.9  40.2  39.8  39.2  39.1  39.6  42.9  48.5  49.7  51.7  51.2  51.0  50.5  50.9  50.5  50.7  50.8  50.6  50.6  51.4  51.2  51.4  51.3  
15  51.7  52.0  52.1  52.2  52.3  52.5  52.8  52.9  53.5  54.9  54.8  55.6  56.9  55.2  55.4  55.1  54.8  54.4  53.9  53.0  52.7  52.8  52.2  50.9  
16  50.4  50.4  50.1  50.0  49.4  49.1  50.0  50.3  52.6  54.7  56.9  53.0  55.8  55.0  54.3  55.2  54.7  53.8  52.0  51.1  50.9  50.7  50.3  49.2  
17  49.1  48.2  48.0  48.1  47.0  46.8  48.0  49.0  50.9  51.7  54.9  55.0  53.5  54.6  54.6  54.2  52.0  51.0  49.9  48.3  48.0  47.3  47.2  45.7  
18  45.0  45.0  44.1  44.0  44.0  43.1  43.5  45.7  49.1  51.2  52.9  52.7  55.9  52.7  55.2  55.7  53.9  51.7  48.5  48.6  47.4  46.7  47.4  47.6  
19  46.3  46.1  44.9  44.3  43.6  42.5  42.4  44.5  48.0  51.8  53.8  55.1  56.7  55.2  55.0  53.4  52.9  52.8  51.6  51.8  52.3  53.0  53.3  52.5  
20  53.0  52.0  52.1  51.9  52.0  51.9  51.1  52.1  54.2  54.4  57.0  56.3  56.2  57.0  56.0  55.5  55.0  53.5  50.7  50.1  50.0  49.0  49.3  48.1  
21  47.0  46.7  47.7  48.8  50.0  50.0  50.4  50.9  52.6  53.2  53.8  54.0  55.7  55.4  55.5  55.2  54.2  53.7  53.0  52.9  52.9  52.7  52.5  52.0  
22  51.9  52.3  51.6  51.3  51.1  51.1  51.4  52.6  53.9  54.7  55.4  56.0  56.0  56.3  56.1  55.3  54.7  53.7  53.1  52.9  52.7  52.3  52.0  51.9  
23  51.5  51.1  51.4  51.5  51.1  51.3  51.0  50.7  50.9  51.1  51.4  51.9  52.0  52.9  53.3  53.4  53.5  53.0  52.9  52.8  52.8  52.8  52.4  52.2  
24  52.4  51.9  50.2  49.9  49.8  49.2  49.2  49.2  49.8  52.0  52.3  53.4  54.0  54.2  53.9  53.5  52.8  52.6  52.0  51.7  51.7  51.5  51.2  51.2  
25  50.8  50.7  50.8  51.0  50.8  50.5  50.4  50.9  51.8  53.9  53.9  55.0  55.0  56.8  56.9  56.0  56.7  54.2  53.0  52.1  49.4  47.4  46.9  45.7  
26  44.7  44.5  45.1  46.2  47.0  47.3  48.6  49.0  49.2  49.3  49.9  50.7  50.8  51.0  50.7  50.8  50.3  50.0  50.0  49.4  49.3  49.2  48.9  48.6  
27  48.7  48.2  48.7  48.7  48.7  48.7  48.5  48.5  48.5  48.1  48.1  48.6  48.4  48.5  49.0  49.0  48.8  48.2  48.3  48.4  47.5  47.1  46.7  44.7  
28  44.1  44.0  44.0  43.2  42.9  42.4  42.9  44.5  47.5  50.8  52.4  53.6  54.9  53.9  54.0  50.0  51.0  49.2  48.7  49.8  48.3  47.2  46.8  46.2  
29  44.7  42.3  42.2  40.6  38.2  38.4  38.3  41.3  45.8  47.8  50.1  51.0  50.4  49.0  48.8  49.0  47.9  46.7  44.5  43.0  40.9  40.2  39.5  39.1  
30  38.8  39.0  40.2  41.6  43.6  43.7  43.2  44.7  48.0  50.2  52.1  52.4  53.2  53.5  53.7  54.2  57.2  57.3  56.4  56.0  55.9  55.9  55.2  55.0  
31  -999.  -999.  -999.  -999.  -999.  -999.  -999.  -999.  -999.  -999.  -999.  -999.  -999.  -999.  -999.  -999.  -999.  -999.  -999.  -999.  -999.  -999.  -999.  -999.  
OCTOBER 1882
  1am  2am  3am  4am  5am  6am  7am  8am  9am  10am  11am  Noon  1pm  2pm  3pm  4pm  5pm  6pm  7pm  8pm  9pm  10pm  11pm  Midnight
1  56.1  56.6  58.8  59.3  59.4  59.5  60.0  60.1  61.0  61.0  60.3  61.2  62.2  64.4  61.0  57.6  53.2  52.0  52.0  51.4  50.0  49.8  48.9  48.5  
2  48.1  47.8  47.9  47.7  46.7  46.9  47.9  50.0  52.7  55.2  57.3  57.4  57.4  58.4  55.0  53.0  50.7  50.2  48.9  47.0  46.7  47.4  47.5  47.6  
3  47.9  48.7  48.9  48.4  48.6  48.0  48.0  48.9  50.0  51.7  52.6  53.3  53.9  56.4  55.2  55.4  54.7  53.4  53.2  53.3  53.9  53.9  53.3  52.7  
4  52.4  52.5  52.3  52.8  53.0  52.9  53.0  52.9  54.0  55.3  57.6  57.1  59.0  58.3  58.3  57.7  57.1  55.0  54.4  53.6  52.8  52.0  51.8  51.8  
5  51.5  51.5  51.4  51.2  51.0  50.8  50.5  51.5  52.5  54.7  56.1  57.0  58.0  57.6  56.8  56.5  56.1  55.1  54.6  54.3  54.0  54.5  54.0  52.4  
6  50.9  50.9  50.3  49.4  49.2  48.9  49.7  50.6  52.2  54.1  54.6  55.0  56.1  57.2  58.0  57.4  56.1  53.7  51.7  51.9  50.9  50.5  49.6  47.9  
7  49.0  49.3  49.0  49.1  50.0  50.4  51.0  51.2  51.7  52.3  52.7  52.0  53.4  53.1  52.2  51.9  52.0  51.9  51.9  52.2  52.5  52.6  52.6  52.5  
8  52.1  52.0  51.4  50.4  49.2  50.2  50.4  50.7  52.9  54.9  55.8  56.4  57.6  55.9  56.7  53.7  51.9  50.4  50.0  48.4  48.1  48.4  47.6  46.0  
9  45.8  44.9  44.7  45.0  46.3  47.3  47.2  47.1  47.1  47.8  48.9  49.9  52.1  53.4  53.3  54.0  52.0  49.7  48.7  48.8  48.0  47.9  47.9  47.6  
10  47.7  47.7  48.0  48.1  49.7  49.7  49.2  47.8  49.0  51.4  55.3  54.1  54.5  54.6  54.4  53.8  53.6  53.3  52.9  53.5  54.4  55.6  55.0  53.9  
11  52.3  52.0  52.0  52.1  51.1  51.6  51.9  53.7  54.0  53.4  50.1  48.8  48.7  49.0  51.4  51.0  51.4  49.9  48.8  48.0  47.0  47.9  46.0  44.7  
12  43.2  42.0  42.6  43.4  43.0  42.9  42.4  44.4  46.6  50.4  53.0  53.8  55.0  54.3  55.0  54.0  53.6  53.0  52.8  52.8  52.8  52.9  53.0  53.0  
13  53.5  53.3  53.3  53.1  53.0  52.7  53.0  53.4  54.0  55.0  56.3  58.2  59.1  59.1  58.9  57.8  57.0  56.4  56.4  56.2  55.8  55.6  55.8  55.2  
14  54.9  54.9  55.9  55.0  54.3  53.2  53.0  55.7  57.0  58.4  59.0  60.6  60.6  60.2  58.5  57.3  56.9  56.3  56.1  55.9  55.9  56.0  56.0  55.2  
15  54.9  54.8  54.5  54.2  54.0  53.4  52.0  52.0  51.8  52.2  52.4  54.0  54.0  54.7  54.4  53.9  51.1  48.7  48.9  47.8  46.8  45.0  43.6  42.2  
16  40.8  40.0  40.5  39.1  38.9  38.6  40.5  42.2  42.5  43.4  45.1  45.7  46.7  47.8  48.0  48.0  47.9  47.1  46.7  46.4  46.4  46.7  46.8  46.4  
17  46.0  45.9  45.5  45.2  45.1  45.0  43.9  44.8  45.9  46.8  47.7  48.4  49.6  50.0  49.9  49.4  47.9  47.3  47.3  47.0  47.0  47.2  47.5  47.5  
18  48.1  49.1  49.6  48.9  49.2  48.9  48.5  48.7  49.2  50.8  51.4  52.7  51.9  51.7  51.5  51.5  51.0  50.5  51.1  51.3  51.3  51.3  51.8  51.9  
19  52.1  52.1  52.7  52.9  52.6  53.0  52.7  51.5  50.9  51.3  51.9  53.3  53.1  54.0  53.5  53.7  52.0  50.2  49.5  49.8  49.9  49.9  49.0  48.0  
20  47.8  47.7  47.4  47.0  47.8  47.2  47.2  47.9  49.0  50.0  52.5  53.7  54.7  53.0  53.3  53.2  51.8  50.4  48.0  46.9  46.4  45.9  44.4  44.3  
21  44.0  43.9  44.6  45.2  43.4  43.7  45.0  47.6  51.1  51.3  51.3  50.7  51.4  50.4  50.7  49.6  47.7  46.5  46.5  46.8  47.0  47.0  47.0  46.0  
22  46.0  46.1  45.8  45.7  45.7  45.5  45.5  45.3  46.4  46.7  47.5  47.4  47.5  48.9  47.1  45.6  44.0  43.1  43.6  42.6  42.7  42.1  42.0  42.0  
23  42.0  42.6  42.9  43.0  43.0  43.5  43.5  44.7  46.0  48.3  49.5  49.5  50.0  48.6  47.7  47.5  45.9  45.3  44.1  43.9  43.2  42.5  42.2  42.1  
24  41.3  40.4  40.2  39.6  38.9  39.1  38.0  39.5  40.4  41.0  41.3  42.2  43.2  44.0  44.9  44.3  43.9  42.0  41.0  39.7  39.0  39.0  38.3  37.8  
25  38.0  37.6  37.1  36.8  36.5  36.0  36.0  37.0  40.4  43.0  44.7  47.0  48.3  47.9  48.0  47.0  44.0  41.9  39.9  40.1  39.3  39.1  39.6  38.2  
26  38.9  40.3  39.9  39.5  37.7  36.2  34.6  34.9  35.6  38.0  40.7  45.6  47.2  47.7  47.2  46.0  43.1  41.4  40.0  39.0  38.0  40.1  39.0  41.5  
27  41.0  42.4  41.9  41.2  41.4  42.1  42.0  41.6  42.2  44.4  46.4  47.2  47.3  47.4  48.0  47.1  46.0  44.9  43.7  43.6  42.2  43.6  43.1  40.6  
28  40.0  39.0  38.7  38.1  38.0  37.7  37.5  37.8  39.9  43.5  46.3  47.8  48.2  48.0  46.9  46.2  43.8  41.5  40.1  39.0  37.7  36.3  35.1  35.4  
29  33.6  34.0  33.0  32.7  32.9  32.3  32.3  33.3  35.3  38.2  41.2  43.2  44.5  45.7  45.8  44.9  44.1  44.0  44.5  43.5  43.5  44.9  44.4  45.4  
30  45.5  45.5  44.6  44.9  45.3  45.7  45.1  44.7  45.1  47.0  48.6  50.0  49.8  51.1  48.0  47.2  46.0  44.4  44.5  43.1  42.6  42.3  42.6  41.4  
31  40.6  40.3  40.0  40.1  40.0  39.5  39.6  40.0  41.1  43.9  46.4  48.1  47.9  48.0  47.9  47.9  47.9  47.2  47.6  49.0  50.2  51.4  51.6  51.4  
NOVEMBER 1882
  1am  2am  3am  4am  5am  6am  7am  8am  9am  10am  11am  Noon  1pm  2pm  3pm  4pm  5pm  6pm  7pm  8pm  9pm  10pm  11pm  Midnight
1  52.0  51.7  52.0  51.5  51.5  51.4  51.4  52.0  53.0  53.1  53.0  53.2  52.9  53.0  52.5  48.1  46.8  46.7  47.0  45.2  45.1  45.2  45.0  45.0
2  45.0  44.0  44.0  45.2  45.1  45.9  47.8  48.8  48.8  49.0  50.0  50.4  51.7  51.4  51.1  50.3  50.0  49.2  47.5  46.4  45.4  44.4  43.0  42.7  
3  43.0  43.2  43.6  42.2  41.8  41.2  42.0  43.0  43.1  44.2  45.4  46.0  48.4  50.0  50.7  49.9  48.6  47.6  46.8  45.3  44.2  44.1  44.4  44.4  
4  44.5  43.4  44.4  44.8  44.9  44.2  43.9  43.6  44.8  45.9  47.2  48.8  48.1  48.9  48.0  47.9  46.5  45.0  45.7  45.0  45.0  44.6  45.2  45.3  
5  46.0  45.8  45.0  45.0  46.1  49.3  52.6  53.2  54.1  54.6  54.6  54.9  56.0  55.0  51.9  49.9  48.2  46.6  45.9  45.2  45.0  44.4  44.0  42.3  
6  40.8  40.9  40.3  40.3  40.3  40.0  40.0  40.3  41.5  42.7  43.7  45.0  45.5  46.1  46.1  45.0  43.8  41.0  40.0  38.1  37.1  35.5  33.4  32.5
7  33.0  32.7  32.4  31.0  29.9  31.0  35.3  40.0  42.3  43.4  44.7  45.7  46.9  47.2  47.2  41.0  41.8  40.4  39.4  37.7  38.3  37.8  38.0  38.3  
8  38.3  37.8  37.2  36.7  36.7  37.0  37.8  37.0  37.0  38.0  38.8  41.5  39.9  38.7  40.0  40.8  40.0  37.1  36.6  36.6  36.3  37.4  37.3  38.4  
9  38.5  38.1  37.7  37.1  37.0  39.0  41.5  42.2  42.0  42.7  43.5  43.5  42.0  41.2  42.1  41.3  39.5  38.0  37.2  37.5  37.2  37.9  37.0  36.1  
10  35.2  34.2  33.9  34.9  34.5  34.9  35.5  35.3  37.2  39.2  40.7  40.9  42.0  41.2  41.0  39.0  37.8  37.8  37.5  37.9  38.5  38.3  38.9  37.4  
11  36.5  37.2  37.0  36.1  34.4  34.5  34.7  33.6  35.0  38.2  40.1  41.9  43.2  44.3  43.5  41.0  39.6  38.0  36.2  35.3  34.0  32.9  33.4  32.2  
12  32.3  31.8  30.6  30.8  30.6  30.0  29.0  29.4  30.0  30.4  33.5  36.6  37.9  37.8  34.9  36.0  36.1  35.8  35.0  33.7  31.4  30.4  29.2  30.0
13  31.7  30.2  31.0  30.2  30.3  31.0  32.5  32.8  33.0  33.0  34.1  35.7  37.8  39.3  39.6  38.3  36.0  34.3  32.7  33.1  32.3  31.5  31.3  32.3  
14  32.0  30.7  29.3  28.6  28.4  28.4  27.8  27.9  28.9  30.8  33.4  34.9  37.2  38.5  38.6  39.0  39.5  39.3  39.9  39.4  39.8  39.4  39.3  40.0
15  40.0  40.0  38.9  39.6  39.9  40.0  40.4  40.6  41.1  40.0  37.1  35.3  38.0  39.2  39.9  40.0  38.8  36.9  35.1  34.2  34.2  34.4  34.0  33.9  
16  34.3  34.5  35.0  35.1  35.4  35.0  35.4  35.3  36.2  37.8  38.5  40.0  40.9  39.6  39.8  40.0  38.1  38.4  37.1  35.1  34.4  32.9  32.3  32.0  
17  31.7  30.9  31.1  30.4  30.5  31.1  31.0  31.6  31.8  32.7  33.1  35.1  41.6  41.1  40.4  38.9  38.9  39.2  39.0  39.6  39.0  40.0  40.6  40.8  
18  40.8  41.1  41.9  42.4  43.1  43.2  43.7  44.0  44.2  45.7  46.3  47.3  47.4  48.0  48.8  49.3  50.0  50.0  47.5  45.9  44.9  43.0  42.6  41.8  
19  40.0  40.0  39.0  38.2  38.0  38.0  37.2  37.5  37.0  37.7  38.3  38.1  39.0  38.2  37.4  37.8  36.7  34.9  35.5  35.7  34.4  34.8  35.1  33.7  
20  34.3  35.3  36.2  37.9  39.4  39.6  38.3  38.9  39.3  40.6  42.3  42.2  43.7  42.9  43.8  43.0  42.7  41.9  41.0  41.8  41.9  40.6  39.0  37.3  
21  35.4  34.9  34.7  34.0  34.9  35.3  35.8  36.3  37.7  39.0  40.5  41.7  42.7  42.5  41.1  40.4  40.2  39.8  40.4  42.0  44.0  47.3  48.0  47.9
22  48.2  48.7  48.9  48.9  49.3  49.6  49.7  49.7  50.1  50.5  51.0  51.0  51.7  52.0  51.8  51.3  51.5  51.2  51.3  51.2  51.2  50.7  50.6  50.5  
23  50.4  49.7  49.3  48.7  48.6  48.6  48.4  49.0  50.0  50.6  51.1  50.8  50.0  49.3  48.6  48.5  48.2  48.0  47.8  47.2  46.9  46.9  46.5  46.4  
24  46.4  45.7  45.7  45.0  43.3  44.0  43.5  42.3  41.7  41.3  43.0  37.0  38.7  40.0  39.2  40.0  38.9  37.8  37.1  35.2  36.9  38.3  37.3  37.0  
25  37.1  36.6  37.0  36.4  35.6  35.7  35.7  35.9  36.0  37.0  38.7  40.7  42.2  41.9  40.6  40.0  38.8  38.4  39.2  38.7  39.6  40.7  39.0  38.9  
26  39.2  39.0  38.9  38.4  39.2  39.1  39.5  39.0  40.1  41.0  42.3  43.3  41.3  43.1  41.0  40.2  39.4  39.0  38.4  37.2  36.5  36.1  36.0  35.4  
27  35.0  35.1  35.3  34.7  35.3  35.6  35.0  35.8  36.1  37.5  38.2  39.0  40.1  37.9  37.0  36.5  35.7  34.9  35.5  36.4  36.6  36.3  35.9  35.8  
28  34.9  34.0  35.4  35.6  36.2  35.5  35.0  35.2  35.8  36.8  38.9  39.0  39.0  39.4  39.0  38.8  38.6  38.9  38.7  39.0  39.8  40.9  42.0  43.0  
29  41.9  42.4  41.0  39.9  39.9  39.3  39.6  39.6  39.8  41.2  41.4  43.8  44.8  45.0  45.0  44.1  42.9  40.0  41.0  40.8  40.0  39.0  39.2  39.3  
30  38.3  36.4  35.7  33.8  33.5  32.7  31.7  31.0  31.0  33.1  35.4  37.0  37.4  38.8  37.8  36.7  36.6  37.0  36.3  38.2  37.8  37.9  38.9  40.0  
31  -999.  -999.  -999.  -999.  -999.  -999.  -999.  -999.  -999.  -999.  -999.  -999.  -999.  -999.  -999.  -999.  -999.  -999.  -999.  -999.  -999.  -999.  -999.  -999.  
DECEMBER 1882
  1am  2am  3am  4am  5am  6am  7am  8am  9am  10am  11am  Noon  1pm  2pm  3pm  4pm  5pm  6pm  7pm  8pm  9pm  10pm  11pm  Midnight
1  39.5  39.2  38.6  38.1  38.0  37.7  37.8  37.8  37.9  38.0  38.0  37.9  37.1  37.4  37.4  37.0  36.9  37.2  37.6  37.2  36.4  36.5  36.9  37.1  
2  36.6  35.7  34.3  33.6  34.0  35.0  35.1  35.9  35.9  36.2  36.8  37.2  37.0  37.9  39.3  40.0  41.2  41.9  42.2  42.5  42.8  42.6  42.0  41.4  
3  41.8  41.3  41.5  41.9  41.8  42.0  42.0  42.2  42.7  43.0  43.8  43.9  44.0  44.5  44.8  43.2  41.7  40.1  40.2  40.4  42.0  41.9  41.9  41.1  
4  37.7  36.8  37.8  37.9  38.0  37.8  37.0  37.1  37.1  38.5  39.4  40.4  40.8  41.4  39.9  37.8  37.4  36.1  36.0  36.0  36.0  36.1  35.9  36.4  
5  36.0  35.9  35.3  34.8  34.2  34.7  34.9  35.2  35.4  35.6  36.3  36.3  36.0  35.6  35.5  35.0  34.8  33.3  32.2  31.7  31.0  30.4  31.1  30.6  
6  29.0  29.1  28.4  27.8  27.4  28.1  27.6  28.1  27.1  28.4  29.2  28.2  28.9  29.9  29.9  30.0  29.1  29.1  27.4  28.9  27.3  26.9  26.9  27.9  
7  28.1  29.1  28.1  27.6  25.9  26.4  26.9  26.1  24.9  26.7  29.4  31.3  32.8  32.4  33.5  33.6  33.1  32.8  32.1  31.4  31.8  31.0  30.2  30.8  
8  31.8  31.0  31.8  29.3  28.1  27.1  27.2  26.9  25.4  26.7  28.7  30.3  31.0  32.2  32.2  30.4  30.0  28.0  27.0  25.9  25.0  24.4  24.4  24.9  
9  24.2  23.9  23.0  22.0  23.7  24.0  24.1  23.4  22.0  21.6  22.4  23.9  24.5  23.8  24.5  24.7  24.4  24.1  24.0  24.5  24.5  25.0  24.2  23.4  
10  22.6  22.0  21.7  20.3  20.0  21.0  21.3  21.3  21.2  22.1  24.5  25.3  26.8  26.0  26.4  25.4  24.7  24.0  23.0  22.4  22.7  21.9  21.9  20.4  
11  21.8  21.1  21.0  19.9  21.0  19.9  18.7  17.8  17.3  18.7  21.1  22.2  23.3  25.2  26.1  26.1  21.5  20.9  19.9  21.6  22.3  23.1  23.8  24.2  
12  25.3  25.1  26.0  25.8  26.5  26.7  27.1  27.2  27.4  27.0  25.0  23.0  24.0  26.9  25.0  23.4  22.6  21.7  20.9  21.2  20.0  21.0  19.9  19.9  
13  18.6  17.2  17.0  17.9  19.9  20.9  20.8  21.2  22.1  22.9  22.4  22.2  24.1  25.5  25.2  24.0  22.9  21.8  21.0  19.9  19.6  20.1  21.5  19.9  
14  20.4  22.9  23.6  22.6  23.0  24.0  24.0  23.5  23.0  21.9  22.1  22.8  21.9  22.0  22.1  21.9  22.2  22.1  21.0  20.0  19.7  19.5  19.5  19.9  
15  19.9  20.1  21.0  21.7  20.9  20.9  22.0  23.3  24.9  26.7  28.8  33.5  35.0  36.8  37.0  37.6  38.2  38.5  39.1  39.7  40.6  40.8  41.0  41.0  
16  41.2  42.0  41.0  41.6  41.8  41.0  41.7  42.6  43.1  43.6  42.0  43.3  44.0  44.0  43.5  43.0  43.7  44.0  45.0  45.1  44.4  44.2  43.8  42.3  
17  43.0  42.6  41.7  41.0  41.0  41.0  40.6  39.1  39.8  39.1  40.7  43.0  43.7  42.8  41.4  41.0  40.1  39.3  38.8  38.2  40.8  42.0  43.2  43.5  
18  44.7  44.8  44.7  44.2  44.1  44.6  46.6  46.0  45.0  45.0  46.6  46.9  47.9  46.9  45.0  44.5  44.5  44.9  45.9  45.9  45.7  45.1  45.7  45.9  
19  46.1  46.0  45.2  45.2  44.9  45.0  44.3  43.4  44.0  42.3  43.3  43.6  43.7  44.2  44.0  42.0  42.5  42.3  41.4  41.2  41.9  41.5  39.7  40.0  
20  41.1  40.4  40.0  41.0  41.4  42.1  42.0  42.6  43.0  42.9  43.6  44.0  45.7  46.3  45.7  45.9  46.0  46.0  46.0  46.0  46.3  44.7  44.5  44.0  
21  43.4  42.4  42.1  40.8  39.4  40.0  39.0  39.5  39.7  40.3  42.0  41.1  42.8  41.7  41.6  40.3  41.0  40.5  40.1  40.6  39.9  40.0  40.4  40.2  
22  39.0  38.4  37.2  36.9  36.6  36.0  36.0  37.1  36.5  37.9  38.9  39.4  40.0  40.8  41.0  41.1  40.7  39.4  38.0  37.9  36.9  36.4  36.2  36.7  
23  36.8  36.2  35.9  36.1  35.1  36.2  35.3  34.9  33.9  35.0  36.3  37.8  39.0  39.1  37.5  36.9  36.0  36.2  37.0  36.3  35.8  34.0  34.0  33.7  
24  32.9  33.1  34.5  34.2  34.8  35.0  34.7  35.4  35.3  37.0  37.7  37.4  38.1  38.3  38.8  39.0  39.6  39.9  39.7  39.2  39.1  39.4  38.6  38.4  
25  38.7  38.8  38.1  37.7  36.9  37.2  37.5  37.2  37.0  37.4  37.7  37.9  38.3  38.2  37.8  37.4  37.4  37.3  37.2  37.6  37.5  37.4  38.0  38.0  
26  38.8  38.0  36.9  36.5  36.8  36.8  36.6  36.5  36.5  36.5  37.0  37.2  37.2  37.7  38.1  38.3  38.5  39.6  40.1  40.9  41.6  42.0  42.7  42.8
27  46.1  47.2  48.0  49.1  49.7  49.4  49.2  49.3  49.0  49.9  50.1  51.0  51.1  51.5  51.4  50.8  50.0  49.4  49.6  48.9  49.1  49.0  49.1  49.1  
28  49.2  49.0  48.9  48.2  48.0  48.0  48.0  47.7  47.9  48.0  49.0  49.0  49.3  50.5  50.7  51.1  51.6  51.3  51.9  51.9  52.1  52.0  52.1  52.1
29  51.8  51.3  51.3  51.0  49.9  49.9  48.8  48.2  48.0  48.0  48.3  48.0  47.8  47.8  47.3  46.3  44.2  43.5  42.4  41.2  41.0  40.4  39.5  38.2  
30  37.0  36.0  35.7  35.2  36.2  36.4  36.5  37.7  37.9  38.7  39.9  40.4  41.0  41.2  41.0  40.0  40.0  41.2  41.3  40.8  41.1  42.0  43.3  43.7  
31  -888.  -888.  -888.  -888.  -888.  -888.  -888.  -888.  -888.  -888.  -888.  -888.  -888.  -888.  49.3  48.0  48.4  48.6  47.9  47.9  48.7  48.5  49.0  49.0  
