     1  42.59  41.15  40.99  40.42  40.36  39.74  39.52  40.09  40.06  40.17  41.03  41.71  42.25  42.54  42.42  42.30  42.39  42.31  42.53  42.51  42.69  42.64  42.12  41.42
     2  41.04  40.50  40.22  39.69  39.36  38.87  38.74  38.59  38.67  39.05  39.45  40.89  41.65  41.95  42.65  42.47  42.30  42.07  42.26  42.10  42.34  42.01  42.03  42.13
     3  41.98  41.79  41.74  41.75  41.68  41.34  41.15  40.94  40.70  40.71  41.50  41.94  42.59  42.76  42.23  41.50  40.86  40.49  40.81  40.46  40.43  40.53  40.42  40.42
     4  40.51  40.63  40.85  40.91  40.93  41.14  41.24  41.46  41.52  41.59  42.02  42.58  43.09  43.33  43.41  42.91  42.63  42.13  42.30  42.32  42.39  42.11  41.91  41.83
     5  41.51  41.37  41.58  41.84  42.04  41.95  42.02  42.38  42.57  42.88  43.78  44.35  44.77  44.78  44.22  43.44  42.55  42.00  41.68  41.25  41.21  41.26  41.21  41.14
     6  41.18  41.13  41.31  41.28  41.48  41.22  41.20  41.52  41.57  41.97  42.78  43.25  43.85  44.14  43.96  42.99  42.40  42.05  42.16  41.71  41.17  40.92  40.53  39.98
     7  40.14  40.16  40.04  39.88  39.69  39.95  39.55  39.53  39.50  39.84  40.97  41.75  42.49  42.09  41.22  40.79  40.21  39.98  39.78  39.88  40.06  39.68  39.63  39.11
     8  38.74  39.39  39.10  39.05  39.16  39.20  39.21  39.02  38.60  38.58  38.79  39.47  39.56  40.00  40.09  39.63  39.35  38.85  38.57  38.20  37.87  37.59  37.29  36.96
     9  35.88  36.83  36.76  36.45  35.87  35.76  35.84  35.93  35.85  36.27  37.14  37.96  38.72  38.75  38.67  38.23  37.86  37.76  37.67  37.68  37.77  37.91  38.15  37.83
    10  37.70  37.33  37.44  37.21  37.07  37.02  37.06  36.88  37.02  37.48  38.08  38.82  39.15  39.34  39.36  39.05  38.39  38.12  37.90  37.65  37.35  37.24  37.16  36.98
    11  37.09  37.29  37.24  37.02  36.77  36.58  36.60  36.74  37.05  37.62  38.54  39.15  39.88  40.20  40.34  40.17  39.71  39.61  39.78  39.61  39.35  38.98  38.71  38.42
    12  38.18  38.15  38.12  38.21  38.11  38.00  38.04  37.74  37.51  38.27  39.33  40.01  40.73  40.87  40.60  40.13  40.04  39.87  39.60  39.33  39.12  39.09  38.67  38.54
    13  38.55  38.33  37.77  37.61  37.96  37.49  37.52  37.84  38.17  38.56  39.37  40.47  41.32  41.68  42.21  41.78  41.03  40.28  40.21  39.58  39.69  39.58  39.87  39.77
    14  40.25  40.12  40.38  40.40  40.28  40.21  40.12  40.49  40.95  41.65  42.14  42.68  43.63  44.05  43.98  43.39  42.84  42.21  41.77  41.38  40.98  40.64  40.57  40.41
    15  40.29  39.99  39.97  39.98  40.13  40.00  39.94  39.89  39.90  40.53  41.08  42.00  42.57  42.88  43.36  42.96  42.12  41.80  41.59  41.38  41.40  40.98  40.58  40.14
    16  39.56  39.52  39.34  39.17  38.69  37.91  38.15  38.13  38.20  38.45  40.27  40.60  41.65  42.08  41.92  40.85  40.17  39.76  39.64  39.28  39.06  38.42  38.11  38.74
    17  38.43  37.85  37.34  37.39  37.42  37.10  37.07  36.69  37.16  37.97  39.03  40.02  40.53  41.09  41.56  41.36  40.80  40.75  41.13  41.51  41.60  41.47  41.26  41.24
    18  41.34  41.40  41.49  41.41  41.72  41.44  41.75  41.74  41.75  42.08  42.83  43.72  44.49  44.20  43.80  42.89  41.79  41.18  40.84  40.71  40.41  40.13  40.16  39.84
    19  39.88  38.63  39.24  39.26  39.30  39.82  39.71  39.52  39.82  40.18  41.40  42.48  43.65  43.21  42.23  41.62  40.60  40.04  39.45  39.04  39.17  39.41  38.97  38.83
    20  38.08  37.95  37.64  37.48  37.06  36.79  36.35  36.32  36.89  37.66  38.90  39.90  40.49  40.96  40.83  40.04  39.36  38.83  38.36  38.33  38.01  37.73  37.64  37.39
    21  37.28  37.16  37.24  37.23  37.28  36.73  36.05  36.01  35.69  36.27  37.00  37.93  39.65  39.86  39.78  39.06  38.04  37.42  37.09  36.71  36.09  35.74  35.03  34.32
    22  34.08  34.03  34.04  33.55  33.49  33.49  33.72  33.52  33.47  34.82  36.24  37.57  38.45  38.73  38.69  38.51  37.86  37.55  37.62  37.69  37.64  37.33  36.87  36.87
    23  37.15  37.30  37.64  37.95  37.99  38.10  38.05  38.17  38.46  38.42  39.25  39.95  40.11  40.48  40.47  40.02  39.25  38.53  38.41  38.14  38.24  37.67  37.29  37.70
    24  37.20  37.30  37.61  37.16  37.20  36.56  36.41  36.14  36.02  37.24  38.64  39.48  39.91  39.41  39.38  38.41  37.80  37.90  37.40  37.82  37.40  37.36  37.41  37.17
    25  37.15  36.84  36.60  36.33  36.18  35.98  35.70  35.72  35.34  35.97  37.21  38.08  39.00  39.41  39.49  39.10  38.28  37.64  36.65  36.53  36.56  36.51  36.09  35.38
    26  35.19  35.31  35.55  35.51  35.76  35.67  35.16  35.15  35.50  35.96  37.44  38.86  39.52  40.12  40.35  40.43  40.37  40.16  40.05  39.65  39.58  39.59  39.74  39.92
    27  39.68  39.86  40.17  40.38  40.37  40.28  40.18  40.35  41.12  42.10  43.27  43.90  44.76  45.02  45.20  44.70  44.13  43.42  42.86  42.61  42.37  41.70  41.24  41.68
    28  41.21  40.93  40.81  40.93  41.02  40.93  40.85  40.47  40.42  40.99  41.83  42.03  42.87  42.98  42.82  42.14  41.24  40.91  40.70  40.62  40.75  40.77  40.73  40.80
    29  40.50  40.49  40.51  39.88  39.38  39.36  39.42  39.28  39.46  39.96  40.22  41.36  42.00  42.37  42.36  41.86  41.54  41.28  41.15  40.74  41.02  40.89  40.60  40.55
    30  40.49  40.57  40.61  40.62  40.52  40.08  39.76  39.54  39.52  40.15  41.15  42.02  42.85  43.07  42.98  42.41  41.52  40.80  40.47  40.45  40.77  40.76  40.54  40.62
    31  40.54  40.12  39.91  39.70  39.44  39.25  39.15  39.31  39.50  40.01  41.12  41.52  41.96  42.75  42.80  42.73  42.31  42.21  41.99  41.91  41.83  41.72  41.22  41.22
    32  41.06  40.90  40.79  40.54  40.33  40.31  39.91  39.98  40.11  40.69  41.79  42.25  42.80  42.93  42.58  42.04  41.35  40.74  40.39  40.04  39.28  39.02  38.53  38.70
    33  38.85  38.62  39.23  39.23  39.22  39.41  39.53  39.70  39.97  40.72  41.56  42.35  43.15  43.37  42.84  42.81  42.29  42.05  41.60  41.50  40.91  40.84  40.60  40.59
    34  40.52  40.02  40.28  40.37  40.54  40.57  40.63  40.63  40.84  41.79  42.61  42.98  43.30  43.07  42.67  42.38  41.85  41.23  40.67  40.29  39.75  39.73  39.49  39.39
    35  39.26  39.01  38.96  38.69  38.71  38.41  38.36  38.34  38.70  39.72  41.64  43.04  44.18  44.63  44.42  43.83  42.72  42.17  41.86  41.17  40.60  40.33  40.01  40.06
    36  39.97  39.67  39.70  39.51  39.64  39.34  40.18  40.21  40.28  41.13  42.16  43.17  43.86  44.31  44.20  43.73  42.67  41.74  41.04  40.55  40.32  40.03  39.70  39.53
    37  39.30  39.25  39.18  38.98  38.91  38.49  38.54  38.84  39.34  39.83  41.03  42.25  43.64  43.99  44.44  44.21  43.39  42.78  42.79  42.39  42.17  41.78  41.49  41.20
    38  41.08  40.73  40.46  40.49  40.37  40.71  40.64  40.52  40.64  41.57  43.15  44.73  45.44  45.81  45.31  44.84  43.74  43.12  42.78  42.47  41.95  41.49  41.41  41.15
    39  40.76  40.21  39.70  39.41  39.18  38.95  38.88  38.67  39.01  39.69  40.75  41.76  42.42  42.76  43.24  42.52  41.00  40.51  39.94  39.65  39.02  38.73  38.74  38.10
    40  37.61  37.08  36.96  37.06  37.22  37.10  37.16  37.42  38.15  38.73  39.63  40.48  41.38  41.90  41.83  41.45  40.98  40.49  40.62  40.95  41.39  41.40  41.34  40.88
    41  41.12  40.82  40.59  40.48  40.48  40.37  40.50  40.70  40.85  41.49  42.48  42.75  43.56  43.77  43.28  42.93  42.51  42.00  41.65  41.63  41.28  40.93  40.12  39.97
    42  39.15  38.99  38.61  38.08  38.01  37.83  37.97  37.54  38.05  39.27  40.75  41.76  42.52  42.94  43.40  43.04  41.95  40.94  40.14  39.68  39.47  39.48  39.05  38.63
    43  38.46  38.07  38.44  38.27  38.16  37.92  37.53  36.98  37.65  39.05  40.44  41.83  43.25  43.22  42.99  42.10  41.49  40.77  40.51  39.63  40.11  40.05  39.97  40.26
    44  40.18  40.03  40.10  40.11  39.85  40.20  40.40  40.67  41.13  41.54  41.97  42.90  43.31  43.79  43.66  43.56  43.00  42.58  42.44  42.55  42.65  42.57  42.73  43.04
    45  43.28  43.26  43.02  42.87  42.93  42.89  42.67  42.72  43.00  43.74  44.57  45.33  45.19  45.27  45.18  44.73  43.87  42.82  42.28  42.02  41.71  41.33  41.11  41.03
    46  41.04  41.00  40.26  40.02  40.21  39.88  39.89  39.95  40.72  41.74  43.41  44.13  44.93  44.99  45.14  43.84  43.01  41.95  41.51  41.11  40.43  40.11  39.82  39.35
    47  38.82  39.05  39.36  39.24  39.39  39.81  40.41  40.58  41.25  42.58  44.46  45.31  46.19  46.17  46.31  46.08  45.27  44.67  44.34  44.02  43.60  42.97  42.71  42.33
    48  42.12  42.00  41.72  41.56  41.66  41.38  41.62  41.61  42.26  43.19  44.46  45.12  45.76  45.91  46.00  45.75  44.66  43.35  42.61  42.16  41.88  41.87  41.59  41.22
    49  41.08  41.00  40.70  40.51  39.95  40.28  40.20  40.27  40.27  41.54  42.68  43.49  43.93  44.37  44.26  43.08  42.58  41.53  41.20  40.51  40.19  39.99  39.40  38.75
    50  38.46  38.36  38.39  37.88  37.56  37.11  36.96  36.90  37.90  39.24  40.98  41.98  43.08  43.34  43.32  42.92  42.00  40.88  40.58  40.11  40.06  40.03  40.27  40.34
    51  40.00  40.12  39.99  39.80  39.82  39.88  39.86  39.82  40.36  41.41  41.94  43.04  43.69  44.05  43.83  43.50  43.32  42.62  42.18  41.80  41.69  41.68  41.40  41.57
    52  41.38  41.12  41.28  41.25  41.23  41.40  41.35  41.27  42.04  42.57  43.55  44.36  45.04  45.11  45.20  44.73  43.91  43.26  42.55  42.17  42.04  41.67  41.19  40.89
    53  40.59  40.60  40.58  40.26  40.07  39.29  39.19  38.98  39.75  41.04  42.30  43.15  43.85  44.09  43.71  43.18  42.57  41.53  40.60  40.23  40.00  39.69  39.42  39.15
    54  38.80  39.29  39.31  39.23  39.25  39.11  38.97  38.94  39.65  40.98  42.54  43.62  43.65  43.83  44.15  43.57  42.75  42.09  41.24  40.82  40.70  40.30  40.12  40.20
    55  40.15  39.93  39.65  40.31  39.31  39.31  39.23  39.59  40.39  41.25  42.95  44.03  45.01  45.11  45.28  44.75  44.02  43.83  42.08  41.44  41.11  40.97  40.72  40.65
    56  40.83  40.84  40.67  40.72  40.75  40.62  40.46  40.35  41.18  41.31  43.46  44.38  44.32  44.93  45.12  44.99  44.23  43.39  42.91  42.29  42.18  41.94  41.71  41.47
    57  41.43  40.85  40.68  40.35  40.28  39.94  39.90  40.12  40.73  41.06  42.31  43.24  43.79  43.24  43.22  42.89  42.31  41.95  41.73  41.80  41.34  41.16  41.01  41.18
    58  40.99  41.17  41.15  40.92  40.86  40.52  40.18  40.37  40.92  41.52  42.45  43.00  43.60  43.71  43.22  43.31  42.88  42.33  41.60  40.68  40.22  39.93  39.74  39.43
    59  38.65  38.30  37.85  37.85  38.12  37.72  37.15  37.61  38.89  40.75  42.11  43.49  44.64  44.72  44.95  44.84  44.19  43.05  42.37  41.71  41.23  40.97  40.76  40.67
    60  40.71  40.57  40.46  40.24  40.17  40.11  40.14  40.52  41.09  42.31  43.72  44.60  45.63  46.09  45.15  45.30  44.56  43.77  43.01  42.82  42.90  42.66  42.32  42.13
    61  42.01  41.72  41.90  41.37  41.04  40.51  40.01  40.10  40.94  42.15  43.14  43.80  45.07  44.77  45.58  44.93  44.13  43.43  42.56  42.05  41.75  41.57  41.41  41.06
    62  41.03  40.65  40.48  40.30  40.14  39.83  39.68  39.76  40.17  41.19  42.53  43.00  43.59  44.17  44.68  44.54  43.82  43.27  43.07  42.61  42.28  41.88  41.68  41.39
    63  41.61  41.56  41.58  41.56  41.57  41.52  41.46  41.51  42.27  43.52  45.12  45.82  46.62  47.02  46.61  46.35  45.66  44.91  44.02  43.25  42.24  41.76  41.42  41.26
    64  41.06  40.96  40.68  40.64  40.37  40.58  40.79  41.39  42.63  43.75  44.97  45.63  45.87  46.30  46.77  46.83  45.97  44.80  43.92  43.34  42.88  42.62  42.02  42.09
    65  42.18  41.76  41.79  41.50  41.39  41.74  41.73  42.00  43.25  44.28  45.44  46.51  46.79  47.97  47.06  47.33  46.85  45.86  45.03  44.45  43.52  43.20  42.80  42.47
    66  41.93  41.68  41.82  42.03  41.67  41.57  41.21  41.95  42.75  43.98  45.87  46.46  47.22  47.73  47.68  48.23  46.58  45.51  44.88  44.23  43.71  43.31  42.42  41.54
    67  40.89  40.55  40.58  40.05  39.90  39.78  39.12  39.58  41.09  42.39  43.94  44.73  45.85  46.07  45.51  45.39  44.39  43.24  42.42  41.71  41.17  41.36  41.43  41.06
    68  39.96  40.80  40.78  40.98  41.14  41.33  41.61  41.69  42.61  43.67  44.44  45.24  46.88  46.54  46.53  46.18  45.21  43.98  43.33  42.38  41.52  40.89  40.29  40.05
    69  40.03  39.64  39.42  38.86  38.42  38.39  38.36  39.19  41.09  42.63  44.17  44.94  45.64  46.06  45.73  45.42  44.38  43.29  42.19  41.83  41.38  41.08  40.73  39.93
    70  39.23  39.29  38.99  38.82  37.87  38.38  38.55  39.27  40.78  42.11  43.45  44.44  44.96  44.87  45.23  45.11  43.72  42.96  41.98  41.79  41.12  41.12  41.04  40.79
    71  40.31  40.25  40.27  39.97  39.74  39.67  39.87  40.45  41.89  43.02  44.36  45.37  45.72  45.78  45.33  44.43  43.94  42.86  41.92  41.31  40.30  40.22  40.19  40.01
    72  40.12  39.64  39.57  39.31  39.15  39.07  38.95  39.41  40.86  42.70  43.99  44.58  44.81  45.19  45.26  45.20  44.55  43.82  42.83  42.15  41.62  41.46  41.12  40.73
    73  40.11  39.86  39.30  38.93  38.71  37.96  37.50  37.94  38.72  40.73  42.57  44.09  44.69  45.29  45.29  45.02  44.61  43.59  42.44  42.00  41.67  41.72  41.58  41.08
    74  39.92  40.38  39.86  39.61  39.10  38.63  38.33  39.04  40.60  43.18  45.11  45.93  46.61  47.02  45.76  46.57  45.69  44.37  42.94  41.76  40.79  39.85  39.26  38.87
    75  38.73  38.29  38.07  37.76  37.68  37.54  37.76  38.26  39.50  41.14  42.59  43.57  44.28  45.15  45.43  44.70  44.18  43.20  42.17  41.61  40.97  40.51  40.08  39.74
    76  39.62  39.80  39.80  39.10  38.99  38.87  39.11  39.78  40.86  42.12  43.49  43.86  43.67  44.31  44.55  44.29  43.46  42.44  41.58  41.13  40.77  40.47  40.33  39.95
    77  39.73  39.58  38.78  39.36  39.36  39.21  39.48  39.97  41.40  42.91  43.79  45.24  44.94  44.66  45.30  44.85  44.91  43.79  42.77  42.08  41.48  41.06  40.65  40.33
    78  40.33  40.53  40.50  39.81  39.23  39.09  39.61  40.57  41.89  43.33  45.08  45.98  46.84  46.75  46.35  45.21  44.89  43.86  42.43  41.43  40.51  39.89  39.62  39.04
    79  38.60  38.25  37.40  37.58  37.50  37.02  36.88  38.29  39.57  41.42  43.05  44.20  44.89  45.53  45.59  45.09  44.56  42.45  41.39  40.45  39.77  39.15  38.47  37.60
    80  37.71  37.54  36.51  36.50  35.52  35.35  36.06  36.66  38.12  40.22  42.01  43.45  44.37  44.72  43.74  43.75  43.16  41.56  40.32  39.82  39.42  39.51  38.82  38.17
    81  38.34  38.09  38.11  37.04  37.56  37.12  36.88  37.66  39.15  41.24  41.63  42.85  43.70  43.90  43.83  43.00  42.43  41.28  40.00  38.92  38.32  38.12  37.49  37.16
    82  36.99  36.95  36.78  36.66  36.68  35.87  36.55  37.83  39.25  41.02  42.17  43.31  44.37  44.93  44.93  44.39  43.71  42.90  41.30  40.30  39.58  39.15  38.87  38.61
    83  38.20  37.85  37.31  36.86  36.55  36.34  38.40  37.36  38.24  40.92  43.18  44.26  45.02  44.89  43.98  43.39  42.64  41.42  40.62  39.66  39.25  38.69  38.25  38.00
    84  37.50  37.38  36.90  36.81  36.84  36.93  37.18  38.13  39.66  40.57  41.93  42.66  43.68  43.60  43.67  43.45  43.20  42.06  40.44  39.77  39.05  38.91  38.80  38.30
    85  37.82  37.32  37.14  36.80  36.70  36.50  36.72  37.71  39.51  41.24  42.96  43.72  44.71  44.46  44.19  44.15  43.26  42.58  41.28  41.01  40.72  40.02  39.51  38.91
    86  38.78  38.10  37.76  37.31  37.10  37.13  37.28  38.38  40.29  42.08  43.22  43.68  44.78  45.09  45.08  43.68  43.00  42.28  40.62  39.42  38.74  38.51  38.16  37.62
    87  36.95  36.46  36.21  36.24  36.45  36.07  36.73  38.09  39.16  41.50  43.05  44.14  45.08  45.40  46.05  45.65  44.82  43.65  42.30  41.75  41.35  40.96  40.88  40.22
    88  40.56  39.76  40.37  40.20  40.07  39.94  40.20  40.85  42.28  43.86  45.34  46.64  46.75  46.84  46.86  46.26  45.71  44.53  43.32  42.01  40.96  40.34  39.99  39.43
    89  39.17  38.96  38.85  38.66  38.22  37.21  37.61  39.03  41.56  42.83  44.40  46.02  46.56  45.96  46.02  46.03  45.35  44.29  43.08  41.98  41.35  41.09  40.98  40.77
    90  40.17  39.58  39.01  38.62  38.56  38.53  38.57  39.90  42.38  43.70  45.03  45.87  46.27  45.84  46.17  46.29  45.14  44.10  42.67  41.31  40.50  39.85  39.64  39.29
    91  38.78  38.32  38.49  38.20  38.28  38.36  38.43  39.97  41.94  43.90  45.86  47.27  48.02  48.08  46.91  46.62  45.89  45.16  44.00  42.86  42.44  41.97  43.19  40.77
    92  40.44  40.13  40.00  40.00  39.93  39.80  40.15  41.51  43.47  45.18  46.91  47.64  48.22  48.72  48.37  47.45  46.42  46.22  44.55  43.37  42.52  41.88  41.41  40.93
    93  40.48  39.94  39.44  38.93  39.05  39.20  39.93  41.40  42.68  44.24  46.00  46.80  47.93  48.08  47.66  46.96  46.24  45.15  43.93  42.79  42.34  41.85  41.54  41.21
    94  40.99  40.56  40.10  40.05  39.89  39.97  40.71  42.11  43.92  46.31  48.00  48.67  49.85  49.52  49.58  48.13  47.42  46.62  45.27  44.27  43.71  43.44  43.00  42.51
    95  42.03  41.82  41.67  41.35  41.12  41.14  40.84  42.14  43.70  45.10  46.98  48.06  48.52  48.37  48.58  48.42  47.88  47.33  45.64  44.37  43.36  42.82  42.16  41.43
    96  40.84  40.38  39.77  39.71  39.22  39.10  39.64  41.51  44.39  46.37  47.67  48.33  48.90  47.34  48.76  48.40  47.64  46.74  45.27  43.72  43.08  42.18  41.52  41.01
    97  40.37  39.87  38.84  38.53  38.56  38.70  39.65  42.19  44.56  46.96  48.14  49.38  49.70  49.98  50.36  49.67  49.12  47.53  45.96  44.67  43.94  43.31  42.34  41.94
    98  41.23  40.72  40.28  40.15  40.02  40.09  41.19  42.88  45.62  47.28  48.87  50.02  50.88  51.13  51.30  51.20  50.10  49.28  48.32  46.98  45.80  44.69  44.53  43.62
    99  43.10  42.66  42.67  41.54  41.19  40.96  41.89  43.38  45.31  47.35  49.08  50.06  50.96  50.68  50.42  50.15  49.43  48.35  46.53  45.19  44.11  43.17  42.15  41.73
   100  41.06  40.82  40.58  40.43  40.12  39.76  40.41  41.50  43.55  45.18  46.91  47.94  48.84  49.22  48.78  49.37  48.79  47.73  46.04  44.59  43.32  41.61  41.13  40.47
   101  39.29  39.26  38.81  38.46  38.72  38.58  39.41  40.91  42.92  44.28  46.05  47.57  49.27  49.34  50.00  49.54  48.28  47.58  46.07  44.59  43.83  43.27  42.67  42.01
   102  41.54  41.03  40.84  41.13  41.13  41.17  41.81  42.74  43.91  44.93  45.68  46.03  46.64  47.73  47.50  46.95  46.54  45.95  44.90  43.74  42.80  42.39  42.13  42.03
   103  41.80  41.47  41.29  40.78  40.57  40.29  41.18  42.36  43.67  44.74  45.82  46.31  46.62  47.77  48.49  48.51  47.73  47.00  45.94  44.75  43.65  43.07  42.90  42.23
   104  41.45  40.97  40.63  40.30  39.96  40.05  40.87  42.39  44.19  45.67  46.30  46.37  47.76  48.32  48.44  48.24  48.23  47.30  46.23  45.06  43.97  43.43  43.02  42.56
   105  42.28  41.72  41.36  41.18  41.46  41.37  42.23  43.86  45.64  46.93  47.40  49.85  49.03  50.09  49.23  49.89  48.88  47.83  47.05  45.35  44.26  43.91  43.19  43.10
   106  42.72  42.01  41.78  41.47  41.74  41.83  42.58  44.10  45.66  47.01  48.49  49.54  50.37  50.50  50.83  49.62  48.39  48.09  46.94  45.75  44.30  43.21  42.64  41.99
   107  41.76  41.45  41.45  41.59  41.86  41.38  42.19  43.62  45.32  47.22  48.93  49.38  50.08  50.83  51.44  51.12  50.25  49.28  47.76  46.46  45.19  44.18  43.54  42.76
   108  42.00  41.72  41.15  40.86  40.57  39.78  41.19  43.45  46.10  48.33  48.50  49.83  50.48  50.84  50.96  50.68  50.32  49.19  48.03  46.18  45.02  44.50  44.35  43.84
   109  43.65  43.43  43.61  43.31  42.89  43.07  44.65  46.15  48.08  50.02  51.38  52.24  52.93  52.93  52.93  52.83  52.47  50.74  49.57  48.16  47.68  46.64  46.00  45.44
   110  44.44  43.78  43.67  43.27  42.91  42.71  43.79  45.25  48.32  50.14  51.59  51.77  51.85  52.52  52.22  51.38  51.09  50.44  49.37  47.96  47.16  46.63  46.05  45.12
   111  44.23  43.57  43.21  43.31  42.61  42.82  44.46  46.03  48.19  49.83  50.95  52.12  51.71  51.95  51.99  51.11  50.10  49.48  48.51  47.30  46.33  45.39  45.05  44.73
   112  44.32  43.91  43.74  43.47  43.16  43.64  44.75  46.19  47.80  49.00  50.45  50.99  51.55  51.76  51.68  51.49  51.15  49.92  47.86  45.82  44.37  43.49  42.88  42.35
   113  41.75  41.81  41.36  40.83  40.68  40.41  42.50  44.30  46.60  47.98  48.45  49.57  49.35  49.97  50.79  49.91  49.80  47.95  47.81  45.96  44.77  43.80  43.07  42.56
   114  41.84  41.54  41.64  41.49  41.30  41.66  42.94  44.85  47.23  48.78  50.48  51.39  52.43  52.65  52.44  52.06  51.02  50.45  49.17  47.80  46.86  45.97  45.60  45.29
   115  44.85  44.31  43.99  42.75  43.38  43.79  45.19  47.02  48.75  50.19  51.36  52.56  53.14  52.66  53.33  52.84  52.08  50.75  49.19  47.22  46.19  45.41  44.36  44.08
   116  44.04  43.42  43.51  43.28  42.77  42.87  44.59  46.17  47.63  48.36  48.99  49.77  49.93  51.23  50.55  49.96  49.76  48.89  47.89  46.69  45.82  45.69  45.47  45.69
   117  44.92  44.20  44.15  43.73  43.44  43.46  44.61  46.13  47.98  49.65  50.45  51.56  52.62  53.20  53.35  52.20  52.17  51.33  50.27  48.98  47.74  47.05  46.69  46.24
   118  45.83  45.48  44.93  44.18  43.62  43.95  45.30  47.07  49.77  50.56  51.65  52.57  53.22  53.42  53.25  52.58  52.27  51.84  50.84  49.22  47.95  47.17  46.55  45.85
   119  45.23  44.90  44.27  44.04  43.22  43.40  45.09  47.00  49.24  50.37  51.37  52.22  53.45  53.55  52.80  53.43  52.66  51.16  49.78  48.62  47.51  47.19  46.52  45.97
   120  45.50  44.97  44.14  43.58  42.59  43.08  44.53  46.20  48.00  49.30  50.50  51.80  52.12  52.39  52.50  51.94  50.81  50.42  49.25  48.08  46.73  45.84  44.67  43.45
   121  42.93  42.46  41.92  42.07  41.75  41.81  43.55  45.33  47.70  49.69  50.83  51.28  51.89  52.15  53.26  52.56  52.04  51.50  50.24  48.51  46.86  45.34  44.42  43.46
   122  42.44  41.98  41.46  41.43  41.57  42.24  43.90  45.85  48.01  49.46  50.38  51.72  52.72  53.00  53.16  52.99  52.14  51.17  49.88  47.96  46.32  45.02  43.71  42.82
   123  42.30  41.83  41.41  40.90  40.65  41.18  43.45  45.81  48.45  50.27  51.76  53.14  53.34  53.81  53.73  53.13  51.66  50.20  48.94  47.00  45.46  44.41  42.73  42.32
   124  42.20  41.58  40.82  40.17  39.53  40.16  43.39  45.64  48.09  49.79  50.80  52.05  52.68  53.54  53.55  52.97  52.37  51.45  49.71  48.55  46.44  45.44  44.89  44.00
   125  43.37  42.78  42.38  41.70  40.95  41.85  44.37  46.64  48.87  50.77  51.96  52.95  54.18  55.00  55.55  55.23  54.24  52.89  51.46  50.01  47.90  47.18  46.52  45.89
   126  45.24  44.24  43.35  42.44  42.29  43.05  44.76  46.54  48.84  50.21  51.62  51.92  52.49  52.63  52.13  51.48  51.58  50.93  49.81  48.06  46.34  45.37  44.84  44.19
   127  43.77  43.01  42.65  42.21  41.10  41.53  43.92  46.28  48.72  51.08  52.86  52.65  52.86  54.05  54.39  54.01  51.92  50.66  49.51  47.27  45.70  45.41  44.72  43.92
   128  43.14  42.20  41.72  41.67  41.20  40.73  43.87  45.87  47.94  49.85  50.74  51.28  52.70  52.46  52.94  52.33  51.96  51.23  50.12  48.41  46.54  45.60  44.79  44.44
   129  44.03  43.74  43.41  42.82  42.53  42.90  44.25  45.90  47.56  48.84  50.14  50.39  50.67  51.97  51.73  51.73  51.10  50.25  49.03  47.55  45.82  44.26  43.02  41.94
   130  41.27  41.15  40.73  40.82  40.24  40.93  43.20  45.48  48.11  49.85  51.50  52.18  53.70  53.97  54.30  53.64  53.34  52.09  50.87  48.93  47.21  46.16  45.48  44.96
   131  44.24  44.13  43.56  43.56  43.67  44.47  46.09  47.44  49.38  51.24  52.52  53.28  54.18  54.66  55.25  55.62  55.27  54.51  53.16  51.10  49.34  48.20  47.10  46.41
   132  45.32  44.96  44.77  44.76  44.78  45.43  46.87  48.33  50.51  51.44  53.19  54.27  54.90  55.88  55.22  55.10  55.08  53.43  52.18  50.66  49.56  48.36  47.59  47.20
   133  46.92  46.31  45.97  45.25  45.07  45.86  47.91  49.76  51.19  52.88  54.23  55.14  55.63  56.29  56.46  56.24  55.18  54.31  53.35  51.78  50.36  49.47  48.43  47.84
   134  47.17  45.93  45.50  44.26  44.34  45.28  47.76  49.96  51.97  54.16  55.02  55.60  56.45  56.48  56.40  56.57  56.17  54.78  53.51  52.21  51.09  49.98  49.44  48.84
   135  48.36  48.54  47.25  46.63  45.82  46.64  47.47  48.89  50.44  52.02  54.66  54.74  54.46  55.25  54.40  54.67  53.53  52.42  51.85  50.00  48.17  46.98  46.26  45.18
   136  44.72  44.28  43.71  43.25  43.43  44.79  47.56  49.59  51.00  52.66  53.63  54.64  54.90  55.68  56.02  55.83  55.18  54.56  54.00  51.66  50.12  48.91  47.90  47.44
   137  47.00  46.72  46.39  45.94  45.80  46.90  48.58  50.18  51.70  53.27  54.78  55.54  56.51  56.87  56.95  56.48  56.65  55.31  54.32  52.59  50.42  48.87  47.97  47.38
   138  46.47  46.01  45.83  45.64  44.86  46.63  48.87  50.57  52.64  54.11  54.84  56.22  57.28  57.52  56.99  56.31  55.80  54.81  53.68  51.72  50.17  49.07  48.30  47.15
   139  46.56  46.32  45.84  45.42  45.13  45.96  48.45  50.24  52.39  53.64  54.59  56.04  57.05  56.76  57.24  56.91  56.40  55.12  54.06  52.19  50.41  49.50  48.47  48.17
   140  47.92  47.57  47.02  46.88  46.68  47.46  48.63  50.18  52.23  52.92  53.19  54.47  55.41  56.12  57.02  56.34  55.96  54.88  53.99  52.25  49.98  48.63  47.39  46.98
   141  46.25  45.80  45.13  44.76  45.06  46.27  48.01  49.77  51.84  53.71  54.75  56.34  56.88  58.23  57.67  57.46  57.18  56.07  55.01  53.02  51.32  49.61  48.63  47.80
   142  47.51  47.49  47.30  46.96  46.87  47.59  49.06  50.73  52.82  53.93  54.94  55.27  56.59  56.55  56.57  55.74  55.39  55.19  54.08  52.83  51.13  50.03  49.07  48.25
   143  47.43  47.12  46.73  45.98  45.93  47.07  48.77  50.09  52.36  53.76  54.98  56.35  56.84  57.18  56.73  56.33  56.32  55.33  54.29  52.80  51.45  50.29  49.62  49.13
   144  48.88  48.57  48.32  48.19  48.41  48.86  49.87  50.79  52.40  53.72  54.76  56.12  56.33  56.46  56.10  54.77  54.58  53.94  52.87  51.80  50.59  50.17  49.42  48.84
   145  48.24  47.46  47.01  46.88  46.94  47.49  49.07  49.96  51.08  52.77  53.12  53.69  54.56  54.39  55.67  54.50  53.71  52.75  52.11  50.95  49.87  48.92  47.76  47.13
   146  46.73  46.21  45.76  45.43  45.27  46.41  48.48  49.80  52.15  53.53  54.56  56.07  55.35  56.27  56.82  56.58  56.71  56.02  54.44  53.09  51.40  50.70  49.62  48.95
   147  48.31  47.58  47.27  47.21  47.44  47.89  49.62  51.61  52.86  54.23  55.32  54.93  56.00  56.61  57.44  56.95  56.57  55.98  55.13  54.06  52.72  51.79  50.84  51.27
   148  50.92  50.44  50.34  49.21  49.34  49.87  50.89  51.76  53.12  53.75  55.23  55.82  56.51  56.63  56.54  56.16  55.60  54.64  53.58  52.16  50.39  49.50  48.59  48.20
   149  48.14  47.74  47.08  45.93  46.08  47.38  48.96  50.16  51.54  52.89  54.63  55.23  56.21  53.61  56.61  56.70  56.49  55.02  53.99  52.28  50.88  50.33  49.65  48.96
   150  48.32  48.06  47.65  47.26  47.17  47.96  49.95  51.47  52.90  54.39  55.52  56.68  57.54  58.48  58.14  58.13  57.94  57.26  56.26  54.82  53.59  52.54  51.46  50.53
   151  49.84  49.23  48.76  48.37  48.56  49.55  51.37  52.85  54.67  55.94  56.83  57.64  58.33  58.71  59.26  58.63  58.62  57.96  56.74  55.12  53.08  51.46  50.57  49.62
   152  49.05  48.22  47.83  47.44  47.51  48.34  50.47  52.85  54.67  56.77  58.60  59.45  60.88  60.42  60.61  60.01  59.77  58.54  57.43  55.99  53.95  52.08  51.21  50.28
   153  49.27  48.85  48.37  48.05  48.32  49.82  51.70  53.34  55.45  57.59  58.99  59.00  60.70  60.43  61.33  60.63  59.76  58.33  57.77  56.27  54.05  52.53  51.64  50.84
   154  50.10  49.84  49.59  49.36  49.45  50.35  51.86  53.75  55.51  56.86  59.08  60.05  60.64  61.85  62.23  61.64  61.50  60.56  58.73  57.28  56.03  54.83  54.12  53.31
   155  52.31  51.37  50.95  50.52  50.58  51.47  52.96  54.06  55.06  56.18  57.47  57.92  58.40  58.79  58.41  57.32  56.84  56.02  54.92  53.93  52.52  51.45  50.25  49.55
   156  49.07  48.29  47.58  46.90  46.82  47.94  49.85  51.67  53.64  55.19  56.93  57.09  57.21  58.10  58.21  57.69  57.05  56.02  55.04  53.57  52.07  51.08  50.69  49.97
   157  49.75  49.24  48.43  47.59  47.97  49.00  50.30  51.42  53.16  54.28  55.87  55.70  57.09  58.00  58.38  58.53  57.02  55.47  55.67  53.45  51.80  51.21  50.62  50.12
   158  49.73  49.17  49.51  48.81  48.94  49.66  50.95  52.58  53.98  54.97  55.78  56.11  56.99  56.23  57.31  56.48  55.76  54.44  54.54  53.39  51.96  50.78  49.87  49.40
   159  48.94  48.74  48.47  48.03  48.03  48.36  50.29  51.80  53.33  54.26  54.43  55.59  56.38  56.99  56.67  56.38  55.68  55.10  54.54  53.90  52.51  51.54  50.63  49.90
   160  50.03  49.79  49.62  49.19  49.21  50.00  51.40  52.38  53.72  54.75  55.77  56.54  56.82  56.87  56.71  56.61  56.28  55.58  54.40  53.46  52.61  51.59  50.85  50.31
   161  49.96  49.62  49.02  49.05  49.07  49.78  50.94  52.17  53.70  54.97  55.89  55.87  57.12  56.79  57.27  56.75  55.96  55.37  54.99  53.12  51.16  50.24  49.41  48.41
   162  47.64  47.28  46.85  46.73  46.99  48.40  50.16  51.81  53.27  54.56  56.41  56.51  56.79  56.78  57.73  56.29  56.74  55.67  54.88  53.50  51.67  50.71  50.21  49.39
   163  49.12  48.58  48.04  47.34  47.41  48.51  50.55  52.46  54.09  56.00  57.01  57.31  57.80  58.12  57.83  57.47  56.83  55.90  55.18  53.89  52.35  51.38  50.64  49.87
   164  49.51  49.31  48.81  48.70  48.96  49.71  51.16  52.33  53.57  54.37  55.45  56.60  57.55  58.48  58.97  58.78  58.22  57.62  57.06  55.12  53.34  52.02  50.81  51.02
   165  50.05  49.73  49.70  49.64  50.01  50.79  52.44  54.02  55.55  57.60  58.22  59.37  60.09  59.32  59.32  59.43  58.52  57.63  56.44  54.76  53.39  52.10  51.14  50.28
   166  49.67  48.70  48.21  47.40  48.13  49.38  51.28  53.24  55.23  56.75  58.30  59.02  60.11  59.98  60.67  60.07  59.57  57.96  56.73  55.07  52.91  51.67  50.73  50.10
   167  49.79  49.46  48.94  48.62  48.82  50.01  51.24  52.86  54.45  56.61  57.60  57.75  58.78  58.89  59.39  59.35  58.72  57.49  55.78  54.59  53.06  51.83  51.30  51.17
   168  50.95  50.46  50.18  50.22  50.53  50.97  52.18  53.46  55.21  56.74  58.08  58.91  59.69  60.15  60.78  60.46  60.22  59.12  58.00  56.48  55.07  53.73  52.96  52.25
   169  51.44  51.02  50.43  49.89  50.41  51.12  53.01  54.49  56.22  57.93  59.04  59.54  61.12  61.09  60.64  60.55  60.27  59.43  58.25  57.01  55.57  54.71  53.56  52.80
   170  52.38  51.89  51.50  51.27  51.77  52.71  54.12  55.50  56.86  57.85  59.04  59.89  60.36  60.66  60.93  60.67  59.97  59.14  58.26  57.44  55.97  55.12  54.25  53.23
   171  52.93  52.69  52.18  51.73  51.99  52.71  54.40  55.99  57.68  59.76  61.05  60.92  60.98  62.23  61.47  61.69  61.34  59.77  58.52  57.12  55.78  54.68  53.66  53.20
   172  52.97  53.05  52.24  51.92  51.72  52.41  54.54  56.07  58.15  58.85  60.46  61.39  61.72  62.00  61.56  62.13  61.50  60.80  59.87  58.42  56.96  55.54  55.27  54.48
   173  53.78  52.91  52.51  51.93  51.95  53.12  55.12  56.18  57.54  59.02  59.61  60.08  61.15  61.07  60.43  60.34  58.66  57.51  56.87  55.66  53.88  52.92  52.47  52.17
   174  51.84  51.31  50.82  50.55  50.61  51.09  53.14  54.85  56.55  57.43  58.59  59.24  59.88  59.96  60.81  60.31  59.34  58.48  57.78  56.72  55.48  53.88  52.82  51.99
   175  51.31  50.99  50.63  50.11  50.53  51.76  53.54  54.94  56.98  58.33  59.75  60.61  61.43  60.92  61.60  60.54  59.60  58.46  57.70  56.61  55.34  54.86  54.23  53.91
   176  53.72  53.39  53.10  52.91  53.00  53.54  54.81  56.02  57.24  59.04  59.57  59.68  60.78  61.42  60.49  60.04  59.72  59.25  58.23  56.85  55.50  54.33  53.66  52.43
   177  52.14  51.53  51.34  50.91  51.15  52.16  54.04  55.84  57.23  58.28  59.48  60.28  60.79  61.28  61.90  61.73  61.09  60.12  59.11  57.45  55.60  54.32  53.49  52.82
   178  52.00  51.34  51.04  50.51  50.99  52.34  54.33  56.04  57.95  58.89  60.36  61.21  62.06  62.12  61.85  61.58  61.58  60.87  59.19  58.04  56.60  55.79  54.78  54.13
   179  53.62  52.72  52.48  52.26  52.54  53.56  54.98  56.84  58.81  59.84  61.39  62.46  62.43  63.59  62.63  63.26  62.37  60.81  59.68  58.33  57.67  57.02  56.26  55.91
   180  55.68  55.05  54.66  54.48  54.41  54.80  55.93  57.01  58.27  58.60  59.73  60.54  61.90  61.91  62.29  62.10  61.77  61.36  60.78  59.38  57.71  56.37  55.71  54.86
   181  54.31  53.82  53.47  53.58  53.40  54.49  54.78  56.64  58.22  59.88  61.21  61.77  62.44  62.96  62.54  62.72  62.73  61.46  60.10  59.36  57.62  56.85  56.23  55.42
   182  55.18  54.78  54.48  54.06  54.22  55.04  55.94  57.05  58.46  59.64  60.77  60.67  61.07  61.22  61.31  61.66  60.77  60.57  59.73  58.32  56.85  56.08  55.60  55.20
   183  54.73  54.66  54.52  54.31  54.01  54.40  55.07  56.00  57.03  58.70  59.41  60.16  60.86  60.47  60.46  60.93  60.34  59.38  58.06  57.30  56.22  55.15  54.32  53.78
   184  53.36  53.35  53.31  53.14  53.18  53.91  55.27  56.62  58.20  58.57  60.41  60.86  61.73  61.95  62.66  61.89  61.86  61.04  59.91  58.14  56.30  55.22  54.58  54.07
   185  53.76  53.20  52.90  52.80  52.75  53.25  54.71  56.45  57.96  58.60  59.32  59.84  60.64  60.78  61.56  60.67  60.46  59.87  58.54  57.52  57.53  56.21  55.52  54.79
   186  54.50  54.30  53.96  53.43  53.50  54.12  56.00  56.75  57.90  58.94  60.27  60.24  61.65  61.81  61.49  61.22  60.63  59.52  57.98  57.20  56.26  54.78  54.07  53.69
   187  53.28  53.25  52.59  52.62  52.68  53.02  53.89  55.21  56.78  57.00  58.75  58.83  59.54  60.20  60.07  60.10  60.27  59.14  58.11  57.03  55.63  54.76  54.11  53.88
   188  53.45  53.64  52.93  52.68  52.80  53.50  54.64  56.20  57.15  59.10  60.22  60.82  61.82  62.09  62.35  62.57  60.74  60.03  58.96  57.50  56.06  55.27  54.33  53.88
   189  53.47  53.67  52.66  52.39  52.54  53.02  54.46  55.79  57.54  59.70  60.76  60.88  61.63  61.84  61.51  61.15  60.81  59.99  59.37  58.09  57.59  56.17  55.56  55.30
   190  55.00  54.86  54.86  54.38  54.38  54.97  55.82  56.76  57.70  57.96  59.34  60.14  60.48  60.77  60.59  60.55  60.80  59.85  58.72  57.29  56.18  55.52  54.97  54.65
   191  54.42  53.96  53.61  53.41  53.38  53.80  54.86  56.10  57.90  58.80  59.62  60.44  60.26  59.38  60.56  59.70  60.02  58.69  57.66  56.69  55.54  54.80  54.14  53.49
   192  53.33  53.23  53.01  53.06  52.88  53.39  54.57  55.68  56.94  58.43  59.23  59.14  58.84  60.50  59.71  59.74  58.94  57.69  56.71  55.72  54.60  53.61  53.39  53.10
   193  52.58  52.17  51.78  51.66  52.16  52.93  54.10  55.07  56.66  58.39  59.97  60.63  60.95  60.75  61.05  60.53  60.20  59.10  58.08  56.87  55.74  54.86  54.78  54.30
   194  52.82  52.11  52.00  51.52  52.56  53.33  54.77  55.76  57.31  58.52  59.80  60.81  61.00  61.08  61.00  61.16  60.28  59.89  59.31  58.11  57.08  56.66  56.21  55.67
   195  55.59  54.95  54.58  54.18  54.11  54.62  55.50  56.49  57.68  58.41  60.03  60.59  61.77  62.08  62.08  61.45  61.55  60.51  59.55  58.76  57.85  57.08  56.14  56.50
   196  55.23  54.88  54.41  54.00  53.95  54.65  55.74  57.07  58.52  59.70  61.67  61.80  62.59  63.13  62.88  62.71  61.74  61.09  60.40  59.23  57.86  56.68  56.04  55.33
   197  54.89  54.28  53.85  53.33  53.09  53.87  55.43  56.60  58.65  60.51  61.61  61.89  63.09  63.10  63.30  62.90  62.23  61.50  61.12  59.35  57.82  57.18  57.26  56.12
   198  55.50  54.76  54.31  54.42  54.69  54.89  56.19  57.87  59.41  61.24  62.42  63.80  64.70  65.16  65.43  65.24  64.93  63.81  62.02  60.58  59.06  58.32  57.22  56.53
   199  56.09  55.66  55.27  55.04  55.00  55.06  56.35  57.91  59.92  61.08  61.87  62.94  63.65  64.61  64.90  64.18  63.95  63.03  61.67  60.14  57.96  57.03  56.27  55.58
   200  55.08  54.72  54.62  54.29  54.09  54.46  55.91  57.26  59.03  60.37  61.90  62.35  63.45  63.31  62.88  62.73  62.32  61.28  60.36  57.84  56.49  56.68  55.76  55.24
   201  54.79  54.60  54.31  53.93  53.81  54.23  55.65  56.79  58.50  59.45  59.38  59.94  60.84  62.02  61.95  62.03  61.79  60.41  59.25  58.03  57.31  55.20  54.76  54.30
   202  53.95  53.63  53.46  53.33  53.63  54.25  55.25  56.35  57.89  58.81  60.35  60.75  62.09  62.10  62.36  62.27  62.12  61.35  60.20  58.50  56.74  55.84  55.12  54.43
   203  53.85  53.55  53.13  53.11  53.15  53.68  55.44  56.68  58.77  60.84  62.60  63.23  64.06  64.27  64.65  64.77  63.81  62.44  61.28  59.13  57.77  56.83  55.70  54.83
   204  54.22  54.16  53.51  53.44  53.55  54.25  55.71  57.05  57.64  58.78  58.98  59.66  60.70  61.03  61.04  60.99  60.68  60.37  59.40  57.94  56.29  55.59  54.50  54.06
   205  53.36  53.00  52.74  52.47  52.69  53.30  54.60  56.28  57.30  58.06  59.02  59.60  60.00  59.38  58.80  58.59  58.26  57.79  56.85  55.63  54.00  53.16  52.63  52.19
   206  52.05  51.63  51.31  51.09  51.10  51.47  53.17  55.05  57.14  58.23  59.86  59.61  60.17  61.12  60.47  60.41  59.34  58.58  57.70  56.22  54.21  52.84  52.36  51.67
   207  50.97  50.62  50.28  50.04  49.93  50.90  52.92  54.69  56.95  58.54  59.99  61.23  61.87  61.79  61.95  61.10  61.17  59.87  59.00  57.39  55.67  54.68  53.77  52.91
   208  52.27  51.57  51.49  51.77  51.34  52.15  53.54  55.51  57.27  58.51  59.43  60.18  60.68  61.04  61.12  60.83  60.12  59.17  58.28  57.00  55.15  54.32  53.67  53.33
   209  52.42  52.35  51.68  51.38  51.25  51.96  53.64  55.29  57.99  59.40  60.82  61.76  62.96  63.87  63.33  63.85  63.18  62.33  61.20  59.78  58.53  57.78  56.89  56.12
   210  55.86  54.59  54.21  53.38  53.63  54.26  56.10  57.79  59.60  60.73  62.03  61.18  62.89  62.96  63.78  63.45  63.05  61.80  60.75  59.36  58.30  57.19  56.22  55.62
   211  55.03  54.27  53.79  53.27  52.90  52.97  54.10  55.64  57.53  59.61  60.17  60.90  61.09  61.91  62.59  62.20  62.07  60.89  59.51  57.93  56.23  55.23  53.98  53.34
   212  53.19  53.16  52.84  52.41  52.44  53.00  54.18  55.39  56.79  57.90  59.38  59.37  59.34  59.85  59.36  59.52  59.47  58.98  58.18  56.79  55.47  54.15  53.46  53.05
   213  52.38  52.07  51.58  51.20  51.05  51.28  53.42  54.59  57.07  58.41  60.22  60.90  61.12  62.21  62.01  62.18  61.38  60.75  59.68  57.92  56.52  55.71  55.09  54.47
   214  54.12  53.60  53.01  52.84  52.25  52.18  53.57  55.71  57.39  59.08  60.15  61.59  62.60  62.64  62.17  61.26  60.89  59.94  58.56  57.42  56.07  55.09  54.49  53.79
   215  54.25  53.32  52.82  52.47  52.15  52.57  53.80  55.65  57.59  58.52  59.34  59.67  61.00  60.81  60.74  60.68  59.95  58.95  58.20  57.26  56.61  56.01  55.66  55.38
   216  55.55  54.80  54.66  54.49  54.51  54.79  55.53  56.31  57.46  58.35  59.62  60.51  62.60  62.72  62.77  62.59  62.39  61.95  60.78  59.42  58.17  57.49  56.55  56.20
   217  55.62  55.04  54.60  54.30  54.18  54.33  55.74  56.35  57.25  58.27  60.35  61.07  61.73  62.51  62.39  62.26  61.72  60.86  59.78  58.38  57.19  56.09  55.60  55.31
   218  54.66  54.56  54.11  53.43  53.62  54.23  55.14  56.63  58.46  58.78  60.11  61.46  62.00  62.43  63.03  61.98  62.09  61.03  59.76  58.80  58.02  57.44  56.91  56.67
   219  56.69  56.46  56.31  56.17  55.98  56.19  57.09  57.53  58.42  59.55  60.76  61.41  61.53  61.56  61.63  61.21  60.83  60.18  59.42  58.46  57.48  56.89  55.99  55.26
   220  54.79  54.46  54.36  54.19  54.18  54.63  55.59  56.54  57.26  57.52  58.01  59.51  60.69  61.50  61.81  61.91  60.92  59.86  58.82  57.51  56.04  55.37  55.09  54.58
   221  54.38  54.02  53.84  53.69  53.78  54.01  55.21  56.49  58.53  59.24  59.99  61.02  62.29  63.02  62.69  61.72  61.64  60.60  59.48  57.53  56.56  56.10  55.18  54.60
   222  54.16  53.86  53.85  53.52  53.32  53.30  54.49  55.79  57.45  58.62  60.53  61.65  61.20  61.32  61.97  62.04  61.55  60.45  59.12  56.90  56.12  55.45  55.05  54.51
   223  54.44  54.34  54.12  53.91  54.12  54.50  55.75  56.95  58.79  59.65  61.09  61.96  62.98  63.42  64.12  63.94  63.06  61.87  60.60  58.81  57.64  56.97  56.21  55.72
   224  55.29  54.75  54.37  53.79  53.45  53.74  55.61  57.15  59.03  60.68  61.54  62.07  63.04  63.03  63.97  63.10  62.95  61.93  60.35  59.17  57.83  57.60  56.38  56.22
   225  56.02  55.68  55.41  55.19  54.98  54.64  55.64  56.64  58.46  60.88  62.70  63.88  64.38  64.34  64.54  64.58  63.69  62.36  61.06  59.46  58.41  58.20  57.53  56.70
   226  56.26  55.78  55.88  55.35  55.37  55.36  56.64  57.95  59.78  61.64  62.86  63.63  64.13  64.31  64.91  64.98  63.95  63.20  62.09  60.17  59.01  58.16  57.10  56.58
   227  55.98  55.76  55.56  55.15  54.31  54.07  54.90  56.35  58.28  59.74  61.28  63.30  64.61  65.39  64.88  64.49  63.70  62.61  60.88  59.44  58.39  57.31  56.54  55.66
   228  55.05  54.87  55.09  54.97  54.71  54.74  55.59  56.79  58.80  60.34  61.84  62.99  62.21  62.82  62.52  62.66  61.60  60.74  59.75  58.40  57.16  56.61  55.83  55.35
   229  54.69  54.36  54.14  53.84  53.32  53.34  54.47  56.02  58.12  59.49  60.96  62.75  62.98  63.71  64.09  63.22  62.33  61.52  59.87  58.44  57.59  56.71  56.24  55.87
   230  55.45  55.23  55.35  55.29  55.32  55.66  56.38  57.50  59.09  60.61  61.53  62.62  63.49  63.70  64.12  63.69  63.39  62.87  61.62  60.27  59.17  58.70  58.05  57.50
   231  57.07  56.42  55.90  55.43  55.19  55.10  56.21  57.33  58.61  60.71  61.74  61.83  62.01  62.85  63.13  63.16  62.57  61.45  60.26  58.37  57.13  56.21  55.62  55.54
   232  55.22  54.87  54.85  54.66  54.47  54.45  55.27  56.68  58.32  59.14  59.86  61.32  62.72  63.64  62.43  62.41  61.93  60.50  59.68  58.17  57.38  56.90  56.31  55.78
   233  55.41  55.17  54.46  54.02  54.12  54.38  55.07  56.52  58.30  59.60  60.82  62.26  63.09  63.99  62.93  62.79  62.31  61.71  60.10  58.36  57.27  56.53  56.00  55.08
   234  54.22  53.59  52.94  52.50  52.11  51.88  53.00  54.30  56.56  58.87  60.11  61.10  62.09  62.16  62.06  61.76  60.97  60.14  58.64  56.95  55.57  55.11  54.49  53.87
   235  53.39  52.92  52.48  52.25  51.79  51.92  52.76  54.10  55.84  57.57  59.57  60.46  60.84  61.70  61.15  60.75  60.38  59.69  58.07  56.22  55.15  54.19  54.08  52.99
   236  52.27  51.94  51.73  51.27  50.99  51.28  52.16  53.43  55.89  58.39  60.57  61.49  62.69  62.69  62.53  61.71  61.14  59.75  58.74  56.85  55.84  55.65  55.30  54.84
   237  54.24  54.01  53.55  53.16  53.78  53.02  53.56  55.15  56.22  57.40  58.78  59.07  59.04  59.72  60.15  59.91  59.23  58.09  57.32  56.07  54.93  54.61  54.13  53.87
   238  53.56  53.20  53.02  52.75  52.82  52.68  53.47  55.16  57.07  58.29  59.37  60.13  61.00  60.61  60.25  60.50  59.59  58.88  57.67  56.67  56.22  55.89  55.57  55.21
   239  54.89  54.29  53.84  53.36  53.27  53.09  53.82  54.80  56.09  57.09  57.99  59.72  60.66  60.86  60.91  60.56  59.83  58.66  57.44  56.51  55.39  54.76  54.09  53.74
   240  53.16  52.21  52.63  52.47  52.10  51.93  52.84  54.41  56.61  58.27  59.83  60.33  60.37  60.69  60.81  60.26  59.71  58.50  57.13  56.13  55.17  54.94  54.44  53.90
   241  52.89  53.42  53.28  53.62  52.95  52.91  53.44  54.86  56.31  57.83  59.05  60.24  60.41  60.04  60.35  59.77  59.07  57.80  56.75  55.53  54.67  54.11  53.65  53.19
   242  52.93  52.59  52.39  52.47  52.21  52.06  52.67  54.14  55.64  57.23  58.30  58.88  58.87  59.04  58.41  58.61  57.74  56.74  55.56  54.37  53.31  52.62  52.13  51.73
   243  51.42  51.09  50.82  50.07  50.42  50.45  51.21  52.48  55.37  56.08  57.08  57.92  57.88  58.11  59.42  58.73  57.63  56.54  55.10  53.53  52.53  51.84  51.20  50.86
   244  49.85  49.76  50.24  50.32  50.12  50.28  50.24  52.36  53.96  55.67  57.97  59.37  59.99  60.16  59.75  58.76  58.27  57.15  55.55  54.69  54.23  53.23  52.92  52.74
   245  52.43  52.20  51.66  51.65  51.30  51.25  51.90  53.14  54.92  56.42  56.45  58.71  59.42  59.77  59.82  60.02  59.46  58.24  56.83  55.83  55.24  54.67  54.43  54.08
   246  53.75  53.50  52.93  52.13  51.94  51.65  52.19  53.40  55.38  56.53  57.26  58.77  59.34  58.76  58.61  58.22  57.84  56.97  55.49  54.59  53.00  53.13  52.33  51.69
   247  51.32  51.46  50.94  50.48  50.26  50.25  51.02  52.60  54.62  56.26  57.55  58.57  58.97  59.23  58.84  58.84  58.18  57.19  55.82  54.44  53.75  53.05  52.71  52.21
   248  52.03  51.68  51.53  52.12  51.90  51.75  52.47  53.86  55.87  57.26  58.58  59.39  60.26  60.93  61.17  60.54  59.84  58.76  57.68  56.92  56.34  55.93  55.30  54.96
   249  54.70  54.26  54.03  53.80  53.44  53.33  53.58  54.74  55.90  57.56  58.41  58.76  58.84  59.71  59.82  59.18  58.46  57.23  55.92  55.18  54.60  53.94  53.41  52.46
   250  52.32  51.70  51.49  51.25  51.16  51.06  52.06  53.90  55.75  57.30  58.63  58.93  59.27  59.17  59.57  58.94  58.47  57.42  55.98  54.82  53.57  52.84  52.31  51.89
   251  51.74  51.23  50.70  49.98  49.98  49.96  50.54  51.86  54.20  56.05  56.67  57.59  58.15  58.50  58.29  58.23  56.99  56.02  54.54  53.43  52.58  51.96  51.72  51.11
   252  50.58  49.73  49.01  48.32  48.07  47.76  48.27  50.56  53.17  56.08  57.59  58.30  58.41  58.71  58.87  58.19  57.30  56.24  55.31  53.32  52.75  52.14  51.54  51.71
   253  51.27  51.39  51.63  51.44  51.38  51.34  51.76  52.79  53.82  55.99  57.02  57.36  57.82  58.32  58.99  58.27  57.69  56.10  54.58  53.36  52.90  52.17  51.66  51.20
   254  50.64  50.16  50.09  50.10  49.80  49.83  50.62  51.79  53.67  55.79  56.08  57.07  57.66  57.77  58.02  57.81  56.91  55.99  54.72  53.56  52.65  51.71  50.45  49.93
   255  49.15  48.99  48.95  48.35  47.57  47.18  48.07  49.84  52.57  54.84  56.71  57.86  58.48  58.05  57.56  57.77  56.71  55.23  53.13  52.40  51.55  50.81  49.83  49.68
   256  49.17  48.90  48.68  48.63  47.82  47.77  48.21  49.79  52.28  54.45  56.55  57.80  58.58  58.78  58.43  57.48  57.17  56.02  54.36  53.04  52.47  51.63  51.29  50.60
   257  50.42  49.81  49.20  48.65  48.19  47.86  48.36  50.41  53.26  55.10  56.92  57.76  58.29  58.08  58.11  57.93  57.00  56.02  54.94  54.08  53.50  53.11  52.97  52.42
   258  52.27  52.24  52.55  52.55  52.60  52.72  52.81  53.34  54.14  55.19  55.86  56.45  56.73  56.98  57.14  56.39  55.48  54.39  52.91  52.14  51.61  51.19  50.71  49.98
   259  49.56  49.22  48.53  48.34  47.91  47.79  48.18  49.19  51.29  53.40  55.79  56.09  57.14  57.75  57.49  56.94  56.29  55.00  53.60  52.62  51.92  51.58  51.25  50.76
   260  50.72  50.42  50.19  50.32  50.28  50.22  51.02  51.91  53.46  54.75  56.14  56.66  56.49  56.83  57.03  57.08  56.33  55.60  54.36  53.26  52.64  51.91  51.07  50.56
   261  50.31  50.14  50.17  50.29  50.09  49.83  50.03  51.03  53.16  54.85  56.03  57.37  57.98  57.44  57.23  57.10  55.70  54.40  52.96  52.18  51.51  50.84  50.87  50.49
   262  49.83  49.41  49.20  49.06  48.97  48.61  48.82  49.91  52.02  54.20  55.79  56.07  57.06  57.20  57.31  56.68  56.36  55.12  53.39  53.43  52.86  52.50  52.15  51.64
   263  51.68  51.62  51.70  51.33  51.28  51.21  51.46  52.23  53.56  54.70  55.94  56.25  57.36  57.43  56.71  56.12  55.54  54.96  53.60  53.03  52.54  52.03  51.74  51.26
   264  51.30  51.16  50.91  50.73  50.92  50.86  50.95  52.09  53.49  54.29  54.96  55.70  56.65  56.91  56.70  55.84  55.38  54.42  53.24  52.71  52.07  51.48  51.03  50.87
   265  50.53  50.63  50.07  49.90  50.18  50.00  50.11  50.84  52.51  53.83  54.69  55.02  56.00  56.27  56.17  55.68  55.07  53.76  52.74  51.87  51.30  50.93  50.40  50.34
   266  51.03  50.80  50.82  51.00  50.86  50.77  50.89  51.75  52.99  54.10  54.61  55.15  55.76  55.96  55.83  55.96  55.39  54.46  53.59  53.03  52.64  52.22  52.17  52.13
   267  51.89  51.43  51.04  50.87  50.68  50.45  50.88  51.61  53.08  54.77  56.24  57.37  58.19  58.32  58.17  57.53  56.72  55.52  54.53  53.87  53.34  52.90  52.56  52.41
   268  52.12  52.20  52.34  52.17  52.25  52.26  52.38  52.66  53.80  55.48  55.77  56.34  56.68  57.19  57.22  56.93  56.34  54.84  53.91  53.00  52.42  51.98  51.61  51.19
   269  50.77  50.74  50.77  50.99  51.07  50.85  51.03  52.37  53.27  53.96  55.27  55.35  56.02  55.98  55.63  55.88  54.96  53.77  52.77  52.03  51.20  50.80  50.74  50.32
   270  50.40  50.20  50.39  50.93  51.23  51.05  51.15  51.57  52.72  53.84  55.03  55.93  56.21  56.38  56.58  56.03  55.86  54.64  53.90  53.36  53.30  53.81  53.67  53.14
   271  53.03  53.24  53.19  52.64  52.51  52.38  52.63  53.01  54.16  55.17  56.07  57.06  57.57  57.55  57.33  56.30  56.09  54.91  53.84  53.23  52.08  51.20  50.55  49.64
   272  49.03  48.45  47.85  47.46  47.26  47.38  47.26  48.39  50.57  52.18  54.06  54.91  55.85  56.15  55.72  55.04  53.97  52.65  51.55  50.97  50.48  50.23  49.87  49.75
   273  48.55  49.03  48.57  48.25  47.89  47.48  47.29  48.49  50.93  52.53  54.21  54.48  55.27  55.35  54.89  54.69  54.52  53.63  52.69  51.95  51.40  51.17  51.13  50.91
   274  50.61  50.76  50.65  50.61  50.40  49.98  49.64  50.02  51.42  52.72  53.80  54.56  55.04  55.54  55.22  54.14  52.55  50.94  49.75  49.13  48.51  48.24  48.16  47.28
   275  46.98  46.85  46.80  46.79  46.25  45.64  45.69  46.80  49.38  51.73  52.50  52.83  53.27  54.15  53.48  52.42  51.47  50.62  49.46  48.59  48.39  48.11  48.18  48.11
   276  47.99  48.00  48.06  47.95  47.60  47.50  47.85  47.97  49.29  51.07  51.83  52.43  53.85  53.69  53.93  53.34  52.54  51.12  50.64  50.21  49.74  49.54  48.88  48.40
   277  48.14  47.95  48.32  48.53  48.51  48.65  48.93  49.80  51.21  52.62  54.33  55.18  55.85  56.21  56.08  55.52  54.45  53.18  52.40  51.68  51.69  51.38  51.45  51.03
   278  50.82  50.38  49.40  48.93  48.70  48.24  48.14  49.19  50.93  52.59  54.22  54.94  55.44  55.50  54.97  54.45  53.54  52.14  51.06  50.09  49.30  49.10  48.72  48.42
   279  47.99  47.47  47.29  47.08  46.67  46.69  46.73  47.47  49.26  51.06  52.27  53.42  54.09  54.98  55.33  54.71  53.64  52.25  51.11  50.66  50.05  49.90  49.80  49.58
   280  49.45  49.42  49.40  49.19  49.22  49.24  49.30  49.83  50.89  51.97  53.38  54.43  55.52  55.47  55.29  54.61  53.96  53.73  52.83  52.54  52.35  52.11  51.91  51.38
   281  50.64  50.33  50.27  49.99  51.78  49.53  49.51  50.11  51.51  52.77  53.99  54.63  55.38  55.32  54.98  53.58  52.51  51.51  50.56  50.02  49.60  49.47  49.31  49.35
   282  49.19  48.88  48.51  48.20  48.13  48.03  48.30  48.31  49.90  50.81  51.78  52.66  53.37  53.04  53.05  52.48  51.48  50.26  49.96  49.47  49.14  48.68  48.57  48.59
   283  48.71  48.48  48.40  48.28  48.63  48.53  48.30  48.45  49.69  50.68  51.94  52.19  52.66  52.64  52.72  52.61  51.99  51.29  50.51  50.09  49.81  49.69  49.12  48.81
   284  48.10  48.13  47.98  47.46  46.67  46.35  46.15  46.89  48.49  49.67  50.46  50.64  51.74  51.66  51.35  50.35  49.43  48.10  47.20  46.33  45.79  45.47  44.81  44.27
   285  43.88  43.61  43.66  43.34  43.14  43.21  42.24  43.08  44.87  47.70  49.57  50.80  51.43  51.35  51.61  51.18  49.94  48.95  48.70  48.48  47.84  47.53  48.01  48.22
   286  48.37  48.14  47.96  47.57  47.57  47.39  47.43  47.61  48.88  50.21  51.87  52.60  53.35  53.36  53.33  52.42  51.18  49.88  49.51  49.41  49.75  49.93  49.70  49.36
   287  49.66  49.49  49.71  49.74  49.68  49.48  49.38  49.94  51.12  51.88  53.32  54.49  54.35  53.59  53.35  52.46  51.82  50.99  50.39  49.78  49.51  48.88  48.37  48.00
   288  47.78  47.39  46.87  46.40  46.24  46.30  46.13  45.91  46.91  47.84  49.47  50.41  50.46  49.99  49.79  49.09  47.67  46.73  46.19  45.78  45.30  44.82  44.29  43.68
   289  43.33  42.81  42.73  42.26  41.68  41.43  41.92  42.32  43.95  46.33  48.34  49.18  50.23  50.68  50.09  49.81  48.78  47.77  47.37  47.21  47.27  47.50  47.31  47.27
   290  47.14  47.05  47.31  47.72  47.51  47.24  47.08  47.63  48.31  49.36  50.90  51.22  51.44  51.54  51.20  50.55  49.18  48.28  47.78  47.44  46.90  46.38  46.18  45.99
   291  45.73  45.67  45.80  45.96  46.30  46.15  46.29  46.91  48.14  49.40  50.92  51.45  51.93  52.06  52.42  51.84  50.98  50.23  49.81  49.70  49.73  49.83  49.95  49.79
   292  49.60  49.48  49.23  49.30  48.97  48.68  48.57  48.68  49.13  49.81  50.45  51.25  51.63  51.85  51.25  50.88  49.86  48.66  47.87  47.48  47.00  46.68  46.34  46.06
   293  45.71  45.87  45.95  46.01  46.19  45.73  45.97  45.99  46.99  48.03  49.23  50.15  50.66  50.75  50.54  50.25  49.56  49.05  48.65  48.20  47.79  47.45  46.89  46.81
   294  46.68  46.31  46.37  46.54  46.11  46.03  46.19  46.77  47.84  48.51  49.46  49.90  50.21  49.93  49.89  48.91  47.62  46.63  46.17  45.98  45.77  45.66  45.44  45.07
   295  44.73  44.68  44.40  44.28  44.23  44.20  44.48  44.79  45.92  47.13  48.21  48.68  48.77  48.34  48.26  47.40  46.16  45.02  44.66  44.05  43.63  43.32  43.25  43.23
   296  43.41  43.55  43.76  43.27  43.31  43.12  43.24  43.80  44.72  46.19  47.55  48.82  49.27  48.80  48.03  47.75  47.15  46.48  46.16  45.77  45.25  45.06  44.73  44.22
   297  44.27  44.08  44.17  43.55  43.68  43.75  43.68  44.15  45.00  45.94  47.38  47.90  48.69  48.80  48.98  48.88  48.13  47.21  46.77  46.27  46.36  46.18  45.80  45.75
   298  45.82  45.44  45.30  44.65  44.53  44.28  44.02  44.13  45.18  46.53  47.89  49.30  49.80  50.05  49.24  48.54  47.28  46.34  45.43  44.66  44.46  43.84  43.48  43.18
   299  42.36  42.18  41.87  41.85  41.75  41.78  41.96  42.20  43.30  44.80  47.01  47.98  49.05  49.17  49.29  48.52  47.70  47.06  46.98  46.51  46.11  45.88  45.84  46.23
   300  46.48  46.03  45.72  45.58  45.75  45.61  45.26  45.11  45.28  46.51  47.85  48.63  48.59  48.25  47.87  47.30  46.17  45.51  45.07  44.80  44.59  44.49  44.09  43.81
   301  43.47  43.81  43.85  43.89  43.88  45.47  43.40  43.22  43.98  45.63  47.07  48.08  48.51  48.13  48.26  47.42  46.40  45.61  44.91  44.44  44.22  43.90  43.77  43.75
   302  43.33  43.13  42.78  42.80  42.90  42.96  42.92  43.05  43.80  45.04  46.43  47.49  47.88  47.82  47.60  47.00  46.29  45.81  45.47  45.04  44.71  44.49  44.00  43.78
   303  43.39  43.23  43.19  43.53  43.53  43.62  43.40  43.40  44.25  45.65  47.29  47.94  48.18  48.07  47.29  46.89  46.09  45.51  44.98  44.59  44.07  44.00  43.88  43.74
   304  43.67  43.48  42.81  42.98  42.38  43.21  42.15  42.17  43.13  44.48  45.65  46.47  46.85  46.67  46.36  46.08  45.36  44.98  44.65  44.30  44.42  44.16  44.02  43.69
   305  43.57  43.74  43.47  43.12  43.09  42.98  42.95  43.21  43.70  44.77  46.12  46.99  47.69  47.13  47.82  46.09  45.38  44.15  43.59  42.94  42.86  42.28  42.19  42.18
   306  42.29  42.42  42.41  42.49  42.27  42.15  42.45  42.79  43.84  45.30  46.69  47.57  47.92  48.31  48.21  47.54  46.62  46.18  45.84  45.27  44.67  44.30  43.96  43.59
   307  43.68  42.88  42.70  42.29  42.42  42.31  42.71  42.83  43.43  45.11  46.80  47.59  48.43  48.78  48.55  48.28  47.31  46.88  46.42  46.09  46.05  46.10  46.07  46.30
   308  46.54  46.39  46.38  46.57  46.87  46.62  46.12  45.71  45.94  47.19  48.08  49.04  49.32  49.43  48.79  48.13  47.02  45.86  45.63  45.26  44.88  44.58  44.59  44.63
   309  44.62  44.59  44.59  44.70  44.49  44.82  45.42  45.64  46.48  47.55  48.78  49.37  50.14  50.32  49.77  49.07  48.35  47.77  47.55  46.98  46.85  46.36  46.03  45.75
   310  45.72  45.52  45.09  44.68  44.59  44.55  44.06  44.03  45.12  46.56  47.99  48.97  49.52  49.58  49.31  48.50  47.19  45.95  45.20  44.91  44.42  43.69  43.53  43.29
   311  42.84  42.56  42.27  42.02  41.73  41.49  42.25  42.81  43.49  44.81  46.48  47.17  48.13  48.15  47.99  46.59  45.56  44.74  44.25  43.67  43.23  42.92  43.15  43.30
   312  43.25  42.84  42.86  42.53  42.29  42.42  42.37  42.55  43.41  44.18  44.96  45.91  45.81  45.91  45.64  45.24  44.86  44.07  43.53  43.28  43.54  43.55  43.46  43.38
   313  42.69  42.28  42.15  41.94  41.44  41.14  41.09  41.34  41.64  42.59  43.92  44.84  45.16  45.19  44.74  43.96  42.88  41.98  41.58  41.67  42.06  42.32  41.99  41.18
   314  40.83  40.36  40.31  39.98  39.53  38.72  38.86  38.90  39.64  41.10  43.17  44.13  44.85  44.60  44.27  43.49  42.52  41.79  41.25  41.09  40.45  39.91  39.61  39.28
   315  39.13  40.92  38.31  38.22  38.50  38.45  38.63  38.89  39.86  41.63  42.56  43.63  44.73  44.38  44.37  43.18  42.48  42.07  41.49  41.32  41.17  40.63  40.48  39.93
   316  39.62  39.44  39.02  38.64  38.52  38.45  38.48  38.63  39.27  40.43  42.02  42.99  43.88  44.22  44.06  43.32  42.60  42.06  41.56  41.11  40.81  40.45  39.46  39.27
   317  39.16  38.92  38.92  38.71  38.82  39.08  39.41  39.40  40.49  41.57  42.92  43.77  44.50  44.77  44.77  43.96  43.05  42.31  41.74  41.59  41.19  40.81  40.76  40.71
   318  40.73  40.61  40.34  40.13  40.00  39.81  39.89  39.78  40.19  40.91  42.49  43.83  44.64  44.90  45.13  44.71  44.04  43.54  43.43  43.35  43.46  43.47  43.49  43.34
   319  43.19  43.00  43.17  42.11  42.67  42.59  42.61  42.75  43.18  45.21  44.30  44.91  44.65  44.91  44.87  44.75  43.97  44.11  44.12  43.97  43.90  43.42  43.35  43.10
   320  43.05  42.74  42.71  42.69  42.57  42.19  42.34  42.66  43.31  43.95  45.82  45.78  46.62  46.57  46.52  45.87  45.43  45.03  44.45  43.60  43.30  43.13  42.83  42.19
   321  43.09  43.02  43.00  42.42  42.22  42.03  42.05  42.36  42.60  43.87  44.10  44.75  46.02  46.53  46.24  45.80  45.27  44.76  44.36  44.35  43.98  44.08  43.81  43.84
   322  43.60  43.35  43.07  43.09  43.00  43.49  43.42  43.52  44.21  44.13  46.01  47.23  47.91  48.17  48.05  47.06  46.35  45.79  45.51  45.19  45.05  44.66  44.38  43.90
   323  43.57  43.33  43.11  42.71  42.49  42.69  42.10  42.37  42.64  42.34  44.28  44.79  45.69  45.62  44.85  44.20  43.40  42.84  42.49  42.74  42.28  41.68  41.38  40.68
   324  40.35  40.34  40.19  40.19  39.86  39.22  38.87  38.51  39.06  40.03  41.69  42.42  43.02  43.04  42.54  41.83  40.89  40.44  40.16  40.02  39.75  39.03  38.94  38.46
   325  38.39  38.61  38.56  38.05  37.92  37.96  37.71  37.79  38.43  39.01  41.19  42.00  43.08  43.39  43.04  42.45  41.92  41.58  41.21  40.21  40.38  41.06  41.57  41.30
   326  40.65  40.59  40.44  40.28  39.84  39.71  39.81  39.97  40.22  41.21  42.49  43.54  44.23  44.90  44.20  43.42  42.78  42.06  44.56  42.41  42.14  41.84  41.86  41.84
   327  41.92  41.72  41.84  41.41  41.31  41.41  41.33  41.15  41.37  41.62  42.76  43.28  43.15  43.05  42.93  42.41  41.86  41.40  40.87  40.85  40.87  40.77  40.77  41.33
   328  41.10  41.31  41.46  41.21  40.72  40.72  40.44  40.51  40.77  41.11  41.63  41.64  42.37  42.93  42.79  42.53  42.35  41.97  41.71  41.55  41.94  42.01  41.86  41.71
   329  41.66  41.27  40.93  40.81  40.75  40.71  40.48  40.42  40.58  40.56  42.24  42.98  43.57  43.35  42.64  41.70  40.93  40.44  40.30  40.25  40.17  39.68  39.42  39.42
   330  39.17  38.68  38.32  38.12  37.73  37.22  36.92  36.94  37.01  38.58  39.40  40.10  40.35  40.78  40.76  40.81  40.90  40.72  40.46  39.97  39.92  39.50  39.64  39.48
   331  38.88  38.62  38.51  38.47  38.26  37.96  37.51  37.26  37.35  38.70  39.36  40.23  41.17  41.25  41.24  40.65  40.05  39.75  39.62  39.70  39.88  40.27  40.11  39.90
   332  39.94  39.84  39.86  39.60  39.62  39.17  39.28  39.24  39.26  40.37  41.54  42.60  42.94  43.49  42.93  42.04  41.14  40.85  40.63  40.35  40.39  40.48  40.35  40.57
   333  40.61  40.56  40.51  40.13  40.22  40.19  39.65  39.43  39.44  40.31  41.54  42.74  43.10  43.11  43.00  42.30  41.63  41.21  41.19  41.10  41.06  40.58  40.62  40.70
   334  40.24  39.65  39.28  38.79  38.60  38.44  38.37  38.27  38.06  38.87  39.87  40.64  41.11  41.02  40.73  40.37  39.85  39.34  38.90  38.82  38.85  38.49  38.38  38.07
   335  37.51  37.01  36.95  36.34  36.20  36.00  36.35  36.22  37.07  38.19  39.23  40.20  41.21  41.09  40.56  39.96  39.33  39.35  39.15  38.94  39.01  39.02  38.80  38.50
   336  38.52  37.78  37.15  36.61  36.28  36.21  36.34  36.06  36.23  37.38  38.51  39.58  40.02  40.12  40.03  39.18  38.56  38.52  38.43  38.27  38.12  37.30  37.02  36.88
   337  36.88  36.65  36.66  36.64  36.40  36.19  36.47  36.53  37.49  38.79  39.62  40.18  40.85  41.05  40.77  40.06  38.90  38.12  38.04  37.28  37.44  37.40  37.13  36.83
   338  35.93  35.85  36.04  36.14  36.39  36.49  36.51  36.41  36.78  37.96  39.18  39.91  40.91  41.42  40.72  39.90  38.98  38.54  38.06  37.81  37.68  37.76  37.82  37.66
   339  37.09  37.07  36.85  36.50  36.43  36.48  36.75  37.59  38.18  38.87  40.16  41.32  42.13  42.00  41.71  40.61  39.93  39.48  39.17  38.76  38.22  37.84  37.93  37.36
   340  37.12  37.05  37.17  37.13  37.26  37.45  37.59  37.31  37.68  38.09  38.94  39.92  40.98  41.00  41.06  40.23  39.80  38.97  38.15  38.02  37.49  37.19  37.07  36.97
   341  36.63  36.68  36.57  36.28  35.62  36.17  35.83  35.36  35.39  36.50  37.52  38.47  38.98  38.92  38.55  37.76  37.17  36.64  36.11  35.69  35.58  35.46  35.19  35.34
   342  35.51  35.48  35.88  35.80  35.70  35.91  35.75  35.71  35.94  37.00  38.06  38.63  38.99  39.21  38.72  37.93  37.55  36.45  35.76  35.08  34.27  33.90  33.66  33.66
   343  34.31  34.52  34.73  34.89  35.28  35.33  36.08  35.40  35.70  36.09  37.02  37.58  38.31  38.40  38.10  37.55  36.75  36.21  35.71  36.13  35.30  35.07  35.10  34.54
   344  34.25  34.13  34.17  34.12  34.26  34.19  34.38  34.01  34.19  34.71  35.54  36.62  37.22  37.30  37.35  36.80  36.49  36.28  35.71  35.28  35.36  34.72  34.59  34.24
   345  33.91  33.76  33.84  33.62  33.42  33.14  32.75  32.50  32.50  33.30  34.66  35.68  36.79  37.48  37.44  37.00  36.50  36.52  36.53  36.62  36.68  36.29  36.04  36.12
   346  35.85  35.55  35.39  35.11  35.46  34.97  35.42  35.51  35.92  36.43  37.33  38.07  38.77  39.03  38.17  37.40  37.00  36.59  36.08  35.81  35.86  35.70  35.82  35.83
   347  35.69  35.67  35.81  35.72  35.88  35.80  36.14  35.50  35.95  37.04  37.82  38.77  39.31  39.31  38.84  37.86  37.30  36.93  37.22  36.71  36.47  36.24  36.31  35.90
   348  35.94  36.36  36.45  37.07  36.09  36.33  36.01  36.05  36.01  35.88  36.78  37.60  38.07  38.28  38.27  37.87  37.22  37.04  36.87  36.83  36.58  36.30  36.20  35.68
   349  35.47  35.37  35.21  35.32  34.88  34.81  34.83  34.69  35.14  36.13  37.49  38.52  39.28  39.65  39.56  38.96  38.52  38.26  38.35  38.34  38.61  38.15  38.08  37.78
   350  38.13  38.32  38.18  38.89  38.65  38.39  38.75  38.92  38.77  38.88  39.63  40.13  42.92  40.87  40.47  39.65  39.07  39.00  38.99  38.95  38.77  38.52  38.66  37.90
   351  37.93  37.96  37.55  37.46  37.61  37.77  37.53  37.19  37.34  37.82  38.93  39.58  40.51  40.48  40.02  39.26  39.12  38.48  38.31  38.13  38.22  38.04  37.94  37.80
   352  37.73  37.73  37.96  37.73  37.51  36.97  37.36  37.38  37.73  38.25  38.62  39.51  39.98  40.02  40.36  40.13  40.06  39.85  39.79  39.13  39.11  39.01  38.93  38.65
   353  38.78  38.73  38.37  38.19  38.04  38.12  37.49  37.52  37.91  38.25  38.73  39.21  39.68  39.54  38.99  38.11  37.67  37.62  37.44  37.26  37.64  37.57  37.22  37.20
   354  37.29  37.03  36.98  37.07  37.03  37.71  38.19  38.48  38.94  39.22  39.85  40.21  40.88  40.85  40.56  40.17  39.82  39.69  39.55  39.14  38.97  38.67  38.33  38.20
   355  38.02  37.62  37.57  37.13  36.90  36.79  36.89  37.16  37.36  38.43  39.60  40.22  40.68  40.91  40.98  40.51  40.57  40.62  40.62  40.57  40.44  40.43  39.93  39.47
   356  38.69  38.59  37.85  37.29  36.85  36.82  36.39  36.58  36.55  36.84  37.66  37.91  38.77  39.18  38.77  38.51  37.88  37.20  36.73  36.76  36.12  35.69  35.19  34.96
   357  34.68  35.23  35.47  35.49  35.62  35.68  35.50  35.06  35.21  36.27  37.35  38.41  39.20  39.44  39.43  39.36  39.39  39.22  39.23  39.20  39.22  39.05  39.26  39.23
   358  39.16  39.09  39.07  39.25  39.19  39.07  39.10  39.09  39.19  39.14  39.57  39.92  40.21  40.37  39.66  39.06  38.54  37.99  37.21  36.76  36.39  36.31  36.06  35.88
   359  35.64  35.72  35.79  35.45  35.55  35.63  35.58  35.81  36.07  36.48  37.05  37.60  38.54  39.11  39.05  39.12  38.94  38.93  38.97  38.95  39.00  39.01  38.73  38.62
   360  38.59  38.63  38.49  38.33  38.57  37.50  37.41  37.32  37.38  37.71  38.46  39.00  39.55  39.74  39.42  38.95  38.57  38.47  38.62  38.65  38.73  38.64  38.58  38.69
   361  39.35  39.09  39.14  39.18  39.02  38.84  38.61  38.52  38.63  39.05  39.90  40.57  40.83  41.38  41.19  39.49  39.53  39.41  39.25  38.90  39.35  39.37  39.76  39.67
   362  39.50  39.67  39.79  39.39  38.94  38.74  38.61  38.77  38.94  39.24  39.98  40.40  41.26  42.14  43.34  43.74  44.45  44.26  44.26  44.30  44.14  43.88  43.73  43.64
   363  43.54  43.43  43.58  43.50  43.22  43.05  42.93  42.80  42.76  42.95  43.22  43.58  43.69  43.67  43.46  42.89  42.00  41.64  41.36  41.35  41.27  41.18  40.66  40.41
   364  40.36  40.06  40.23  40.07  40.16  39.98  39.80  39.43  38.55  39.48  40.20  40.76  40.91  41.02  40.56  39.92  39.40  39.47  39.39  38.75  38.28  38.28  37.99  37.99
   365  37.27  36.92  36.83  37.09  37.86  38.22  38.64  38.63  39.23  40.21  41.24  42.13  43.01  43.42  43.77  43.28  42.65  42.54  42.47  42.43  42.59  42.26  42.31  42.13
