     1   5.88   5.08   4.99   4.68   4.64   4.30   4.18   4.49   4.48   4.54   5.02   5.39   5.69   5.86   5.79   5.72   5.77   5.73   5.85   5.84   5.94   5.91   5.62   5.23
     2   5.02   4.72   4.57   4.27   4.09   3.82   3.74   3.66   3.71   3.92   4.14   4.94   5.36   5.53   5.92   5.82   5.72   5.59   5.70   5.61   5.74   5.56   5.57   5.63
     3   5.54   5.44   5.41   5.42   5.38   5.19   5.08   4.97   4.83   4.84   5.28   5.52   5.88   5.98   5.68   5.28   4.92   4.72   4.89   4.70   4.68   4.74   4.68   4.68
     4   4.73   4.79   4.92   4.95   4.96   5.08   5.13   5.26   5.29   5.33   5.57   5.88   6.16   6.29   6.34   6.06   5.91   5.63   5.72   5.73   5.77   5.62   5.51   5.46
     5   5.28   5.21   5.32   5.47   5.58   5.53   5.57   5.77   5.87   6.04   6.54   6.86   7.09   7.10   6.79   6.36   5.86   5.56   5.38   5.14   5.12   5.14   5.12   5.08
     6   5.10   5.07   5.17   5.16   5.27   5.12   5.11   5.29   5.32   5.54   5.99   6.25   6.58   6.74   6.64   6.11   5.78   5.58   5.64   5.39   5.09   4.96   4.74   4.43
     7   4.52   4.53   4.47   4.38   4.27   4.42   4.19   4.18   4.17   4.36   4.98   5.42   5.83   5.61   5.12   4.88   4.56   4.43   4.32   4.38   4.48   4.27   4.24   3.95
     8   3.74   4.11   3.94   3.92   3.98   4.00   4.01   3.90   3.67   3.66   3.77   4.15   4.20   4.44   4.49   4.24   4.08   3.81   3.65   3.44   3.26   3.11   2.94   2.76
     9   2.16   2.68   2.64   2.47   2.15   2.09   2.13   2.18   2.14   2.37   2.86   3.31   3.73   3.75   3.71   3.46   3.26   3.20   3.15   3.16   3.21   3.28   3.42   3.24
    10   3.17   2.96   3.02   2.89   2.82   2.79   2.81   2.71   2.79   3.04   3.38   3.79   3.97   4.08   4.09   3.92   3.55   3.40   3.28   3.14   2.97   2.91   2.87   2.77
    11   2.83   2.94   2.91   2.79   2.65   2.54   2.56   2.63   2.81   3.12   3.63   3.97   4.38   4.56   4.63   4.54   4.28   4.23   4.32   4.23   4.08   3.88   3.73   3.57
    12   3.43   3.42   3.40   3.45   3.39   3.33   3.36   3.19   3.06   3.48   4.07   4.45   4.85   4.93   4.78   4.52   4.47   4.37   4.22   4.07   3.96   3.94   3.71   3.63
    13   3.64   3.52   3.21   3.12   3.31   3.05   3.07   3.24   3.43   3.64   4.09   4.71   5.18   5.38   5.67   5.43   5.02   4.60   4.56   4.21   4.27   4.21   4.37   4.32
    14   4.58   4.51   4.66   4.67   4.60   4.56   4.51   4.72   4.97   5.36   5.63   5.93   6.46   6.69   6.66   6.33   6.02   5.67   5.43   5.21   4.99   4.80   4.76   4.67
    15   4.61   4.44   4.43   4.43   4.52   4.44   4.41   4.38   4.39   4.74   5.04   5.56   5.87   6.04   6.31   6.09   5.62   5.44   5.33   5.21   5.22   4.99   4.77   4.52
    16   4.20   4.18   4.08   3.98   3.72   3.28   3.42   3.41   3.44   3.58   4.59   4.78   5.36   5.60   5.51   4.92   4.54   4.31   4.24   4.04   3.92   3.57   3.39   3.74
    17   3.57   3.25   2.97   2.99   3.01   2.83   2.82   2.61   2.87   3.32   3.91   4.46   4.74   5.05   5.31   5.20   4.89   4.86   5.07   5.28   5.33   5.26   5.14   5.13
    18   5.19   5.22   5.27   5.23   5.40   5.24   5.42   5.41   5.42   5.60   6.02   6.51   6.94   6.78   6.56   6.05   5.44   5.10   4.91   4.84   4.67   4.52   4.53   4.36
    19   4.38   3.68   4.02   4.03   4.06   4.34   4.28   4.18   4.34   4.54   5.22   5.82   6.47   6.23   5.68   5.34   4.78   4.47   4.14   3.91   3.98   4.12   3.87   3.79
    20   3.38   3.31   3.13   3.04   2.81   2.66   2.42   2.40   2.72   3.14   3.83   4.39   4.72   4.98   4.91   4.47   4.09   3.79   3.53   3.52   3.34   3.18   3.13   2.99
    21   2.93   2.87   2.91   2.91   2.93   2.63   2.25   2.23   2.05   2.37   2.78   3.29   4.25   4.37   4.32   3.92   3.36   3.01   2.83   2.62   2.27   2.08   1.68   1.29
    22   1.16   1.13   1.13   0.86   0.83   0.83   0.96   0.84   0.82   1.57   2.36   3.09   3.58   3.74   3.72   3.62   3.26   3.08   3.12   3.16   3.13   2.96   2.71   2.71
    23   2.86   2.94   3.13   3.31   3.33   3.39   3.36   3.43   3.59   3.57   4.03   4.42   4.51   4.71   4.71   4.46   4.03   3.63   3.56   3.41   3.47   3.15   2.94   3.17
    24   2.89   2.94   3.12   2.87   2.89   2.53   2.45   2.30   2.23   2.91   3.69   4.16   4.39   4.12   4.10   3.56   3.22   3.28   3.00   3.23   3.00   2.98   3.01   2.87
    25   2.86   2.69   2.56   2.41   2.32   2.21   2.06   2.07   1.86   2.21   2.89   3.38   3.89   4.12   4.16   3.94   3.49   3.13   2.58   2.52   2.53   2.51   2.27   1.88
    26   1.77   1.84   1.97   1.95   2.09   2.04   1.76   1.75   1.94   2.20   3.02   3.81   4.18   4.51   4.64   4.68   4.65   4.53   4.47   4.25   4.21   4.22   4.30   4.40
    27   4.27   4.37   4.54   4.66   4.65   4.60   4.54   4.64   5.07   5.61   6.26   6.61   7.09   7.23   7.33   7.06   6.74   6.34   6.03   5.89   5.76   5.39   5.13   5.38
    28   5.12   4.96   4.89   4.96   5.01   4.96   4.92   4.71   4.68   4.99   5.46   5.57   6.04   6.10   6.01   5.63   5.13   4.95   4.83   4.79   4.86   4.87   4.85   4.89
    29   4.72   4.72   4.73   4.38   4.10   4.09   4.12   4.04   4.14   4.42   4.57   5.20   5.56   5.76   5.76   5.48   5.30   5.16   5.08   4.86   5.01   4.94   4.78   4.75
    30   4.72   4.76   4.78   4.79   4.73   4.49   4.31   4.19   4.18   4.53   5.08   5.57   6.03   6.15   6.10   5.78   5.29   4.89   4.71   4.69   4.87   4.87   4.74   4.79
    31   4.74   4.51   4.39   4.28   4.13   4.03   3.97   4.06   4.17   4.45   5.07   5.29   5.53   5.97   6.00   5.96   5.73   5.67   5.55   5.51   5.46   5.40   5.12   5.12
    32   5.03   4.94   4.88   4.74   4.63   4.62   4.39   4.43   4.51   4.83   5.44   5.69   6.00   6.07   5.88   5.58   5.19   4.86   4.66   4.47   4.04   3.90   3.63   3.72
    33   3.81   3.68   4.02   4.02   4.01   4.12   4.18   4.28   4.43   4.84   5.31   5.75   6.19   6.32   6.02   6.01   5.72   5.58   5.33   5.28   4.95   4.91   4.78   4.77
    34   4.73   4.46   4.60   4.65   4.74   4.76   4.79   4.79   4.91   5.44   5.89   6.10   6.28   6.15   5.93   5.77   5.47   5.13   4.82   4.61   4.31   4.29   4.16   4.11
    35   4.03   3.89   3.87   3.72   3.73   3.56   3.53   3.52   3.72   4.29   5.36   6.13   6.77   7.02   6.90   6.57   5.96   5.65   5.48   5.09   4.78   4.63   4.45   4.48
    36   4.43   4.26   4.28   4.17   4.24   4.08   4.54   4.56   4.60   5.07   5.64   6.21   6.59   6.84   6.78   6.52   5.93   5.41   5.02   4.75   4.62   4.46   4.28   4.18
    37   4.06   4.03   3.99   3.88   3.84   3.61   3.63   3.80   4.08   4.35   5.02   5.69   6.47   6.66   6.91   6.78   6.33   5.99   5.99   5.77   5.65   5.43   5.27   5.11
    38   5.04   4.85   4.70   4.72   4.65   4.84   4.80   4.73   4.80   5.32   6.19   7.07   7.47   7.67   7.39   7.13   6.52   6.18   5.99   5.82   5.53   5.27   5.23   5.08
    39   4.87   4.56   4.28   4.12   3.99   3.86   3.82   3.71   3.89   4.27   4.86   5.42   5.79   5.98   6.24   5.84   5.00   4.73   4.41   4.25   3.90   3.74   3.74   3.39
    40   3.12   2.82   2.76   2.81   2.90   2.83   2.87   3.01   3.42   3.74   4.24   4.71   5.21   5.50   5.46   5.25   4.99   4.72   4.79   4.97   5.22   5.22   5.19   4.93
    41   5.07   4.90   4.77   4.71   4.71   4.65   4.72   4.83   4.92   5.27   5.82   5.97   6.42   6.54   6.27   6.07   5.84   5.56   5.36   5.35   5.16   4.96   4.51   4.43
    42   3.97   3.88   3.67   3.38   3.34   3.24   3.32   3.08   3.36   4.04   4.86   5.42   5.84   6.08   6.33   6.13   5.53   4.97   4.52   4.27   4.15   4.16   3.92   3.68
    43   3.59   3.37   3.58   3.48   3.42   3.29   3.07   2.77   3.14   3.92   4.69   5.46   6.25   6.23   6.11   5.61   5.27   4.87   4.73   4.24   4.51   4.47   4.43   4.59
    44   4.54   4.46   4.50   4.51   4.36   4.56   4.67   4.82   5.07   5.30   5.54   6.06   6.28   6.55   6.48   6.42   6.11   5.88   5.80   5.86   5.92   5.87   5.96   6.13
    45   6.27   6.26   6.12   6.04   6.07   6.05   5.93   5.96   6.11   6.52   6.98   7.41   7.33   7.37   7.32   7.07   6.59   6.01   5.71   5.57   5.39   5.18   5.06   5.02
    46   5.02   5.00   4.59   4.46   4.56   4.38   4.38   4.42   4.84   5.41   6.34   6.74   7.18   7.22   7.30   6.58   6.12   5.53   5.28   5.06   4.68   4.51   4.34   4.08
    47   3.79   3.92   4.09   4.02   4.11   4.34   4.67   4.77   5.14   5.88   6.92   7.39   7.88   7.87   7.95   7.82   7.37   7.04   6.86   6.68   6.44   6.09   5.95   5.74
    48   5.62   5.56   5.40   5.31   5.37   5.21   5.34   5.34   5.70   6.22   6.92   7.29   7.64   7.73   7.78   7.64   7.03   6.31   5.89   5.64   5.49   5.48   5.33   5.12
    49   5.04   5.00   4.83   4.73   4.42   4.60   4.56   4.59   4.59   5.30   5.93   6.38   6.63   6.87   6.81   6.16   5.88   5.29   5.11   4.73   4.55   4.44   4.11   3.75
    50   3.59   3.53   3.55   3.27   3.09   2.84   2.76   2.72   3.28   4.02   4.99   5.54   6.16   6.30   6.29   6.07   5.56   4.93   4.77   4.51   4.48   4.46   4.59   4.63
    51   4.44   4.51   4.44   4.33   4.34   4.38   4.37   4.34   4.64   5.23   5.52   6.13   6.49   6.69   6.57   6.39   6.29   5.90   5.66   5.44   5.38   5.38   5.22   5.32
    52   5.21   5.07   5.16   5.14   5.13   5.22   5.19   5.15   5.58   5.87   6.42   6.87   7.24   7.28   7.33   7.07   6.62   6.26   5.86   5.65   5.58   5.37   5.11   4.94
    53   4.77   4.78   4.77   4.59   4.48   4.05   3.99   3.88   4.31   5.02   5.72   6.19   6.58   6.72   6.51   6.21   5.87   5.29   4.78   4.57   4.44   4.27   4.12   3.97
    54   3.78   4.05   4.06   4.02   4.03   3.95   3.87   3.86   4.25   4.99   5.86   6.46   6.47   6.57   6.75   6.43   5.97   5.61   5.13   4.90   4.83   4.61   4.51   4.56
    55   4.53   4.41   4.25   4.62   4.06   4.06   4.02   4.22   4.66   5.14   6.08   6.68   7.23   7.28   7.38   7.08   6.68   6.57   5.60   5.24   5.06   4.98   4.84   4.81
    56   4.91   4.91   4.82   4.84   4.86   4.79   4.70   4.64   5.10   5.17   6.37   6.88   6.84   7.18   7.29   7.22   6.79   6.33   6.06   5.72   5.66   5.52   5.39   5.26
    57   5.24   4.92   4.82   4.64   4.60   4.41   4.39   4.51   4.85   5.03   5.73   6.24   6.55   6.24   6.23   6.05   5.73   5.53   5.41   5.44   5.19   5.09   5.01   5.10
    58   4.99   5.09   5.08   4.96   4.92   4.73   4.54   4.65   4.96   5.29   5.81   6.11   6.44   6.51   6.23   6.28   6.04   5.74   5.33   4.82   4.57   4.41   4.30   4.13
    59   3.69   3.50   3.25   3.25   3.40   3.18   2.86   3.12   3.83   4.86   5.62   6.38   7.02   7.07   7.19   7.13   6.77   6.14   5.76   5.39   5.13   4.98   4.87   4.82
    60   4.84   4.76   4.70   4.58   4.54   4.51   4.52   4.73   5.05   5.73   6.51   7.00   7.57   7.83   7.31   7.39   6.98   6.54   6.12   6.01   6.06   5.92   5.73   5.63
    61   5.56   5.40   5.50   5.21   5.02   4.73   4.45   4.50   4.97   5.64   6.19   6.56   7.26   7.09   7.54   7.18   6.74   6.35   5.87   5.58   5.42   5.32   5.23   5.03
    62   5.02   4.81   4.71   4.61   4.52   4.35   4.27   4.31   4.54   5.11   5.85   6.11   6.44   6.76   7.04   6.97   6.57   6.26   6.15   5.89   5.71   5.49   5.38   5.22
    63   5.34   5.31   5.32   5.31   5.32   5.29   5.26   5.28   5.71   6.40   7.29   7.68   8.12   8.34   8.12   7.97   7.59   7.17   6.68   6.25   5.69   5.42   5.23   5.14
    64   5.03   4.98   4.82   4.80   4.65   4.77   4.88   5.22   5.91   6.53   7.21   7.57   7.71   7.94   8.21   8.24   7.76   7.11   6.62   6.30   6.04   5.90   5.57   5.61
    65   5.66   5.42   5.44   5.28   5.22   5.41   5.41   5.56   6.25   6.82   7.47   8.06   8.22   8.87   8.37   8.52   8.25   7.70   7.24   6.92   6.40   6.22   6.00   5.82
    66   5.52   5.38   5.46   5.57   5.37   5.32   5.12   5.53   5.97   6.66   7.71   8.03   8.46   8.74   8.71   9.02   8.10   7.51   7.16   6.79   6.51   6.28   5.79   5.30
    67   4.94   4.75   4.77   4.47   4.39   4.32   3.96   4.21   5.05   5.77   6.63   7.07   7.69   7.82   7.51   7.44   6.88   6.24   5.79   5.39   5.09   5.20   5.24   5.03
    68   4.42   4.89   4.88   4.99   5.08   5.18   5.34   5.38   5.89   6.48   6.91   7.36   8.27   8.08   8.07   7.88   7.34   6.66   6.29   5.77   5.29   4.94   4.61   4.47
    69   4.46   4.24   4.12   3.81   3.57   3.55   3.53   3.99   5.05   5.91   6.76   7.19   7.58   7.81   7.63   7.46   6.88   6.27   5.66   5.46   5.21   5.04   4.85   4.41
    70   4.02   4.05   3.88   3.79   3.26   3.54   3.64   4.04   4.88   5.62   6.36   6.91   7.20   7.15   7.35   7.28   6.51   6.09   5.54   5.44   5.07   5.07   5.02   4.88
    71   4.62   4.58   4.59   4.43   4.30   4.26   4.37   4.69   5.49   6.12   6.87   7.43   7.62   7.66   7.41   6.91   6.63   6.03   5.51   5.17   4.61   4.57   4.55   4.45
    72   4.51   4.24   4.21   4.06   3.97   3.93   3.86   4.12   4.92   5.94   6.66   6.99   7.12   7.33   7.37   7.33   6.97   6.57   6.02   5.64   5.34   5.26   5.07   4.85
    73   4.51   4.37   4.06   3.85   3.73   3.31   3.06   3.30   3.73   4.85   5.87   6.72   7.05   7.38   7.38   7.23   7.01   6.44   5.80   5.56   5.37   5.40   5.32   5.04
    74   4.40   4.66   4.37   4.23   3.94   3.68   3.52   3.91   4.78   6.21   7.28   7.74   8.12   8.34   7.64   8.09   7.61   6.87   6.08   5.42   4.88   4.36   4.03   3.82
    75   3.74   3.49   3.37   3.20   3.16   3.08   3.20   3.48   4.17   5.08   5.88   6.43   6.82   7.31   7.46   7.06   6.77   6.22   5.65   5.34   4.98   4.73   4.49   4.30
    76   4.23   4.33   4.33   3.94   3.88   3.82   3.95   4.32   4.92   5.62   6.38   6.59   6.48   6.84   6.97   6.83   6.37   5.80   5.32   5.07   4.87   4.71   4.63   4.42
    77   4.29   4.21   3.77   4.09   4.09   4.01   4.16   4.43   5.22   6.06   6.55   7.36   7.19   7.03   7.39   7.14   7.17   6.55   5.98   5.60   5.27   5.03   4.81   4.63
    78   4.63   4.74   4.72   4.34   4.02   3.94   4.23   4.76   5.49   6.29   7.27   7.77   8.24   8.19   7.97   7.34   7.16   6.59   5.79   5.24   4.73   4.38   4.23   3.91
    79   3.67   3.47   3.00   3.10   3.06   2.79   2.71   3.49   4.21   5.23   6.14   6.78   7.16   7.52   7.55   7.27   6.98   5.81   5.22   4.69   4.32   3.97   3.59   3.11
    80   3.17   3.08   2.51   2.50   1.96   1.86   2.26   2.59   3.40   4.57   5.56   6.36   6.87   7.07   6.52   6.53   6.20   5.31   4.62   4.34   4.12   4.17   3.79   3.43
    81   3.52   3.38   3.39   2.80   3.09   2.84   2.71   3.14   3.97   5.13   5.35   6.03   6.50   6.61   6.57   6.11   5.79   5.16   4.44   3.84   3.51   3.40   3.05   2.87
    82   2.77   2.75   2.66   2.59   2.60   2.15   2.53   3.24   4.03   5.01   5.65   6.28   6.87   7.18   7.18   6.88   6.51   6.06   5.17   4.61   4.21   3.97   3.82   3.67
    83   3.44   3.25   2.95   2.70   2.53   2.41   3.56   2.98   3.47   4.96   6.21   6.81   7.23   7.16   6.66   6.33   5.91   5.23   4.79   4.26   4.03   3.72   3.47   3.33
    84   3.06   2.99   2.72   2.67   2.69   2.74   2.88   3.41   4.26   4.76   5.52   5.92   6.49   6.44   6.48   6.36   6.22   5.59   4.69   4.32   3.92   3.84   3.78   3.50
    85   3.23   2.96   2.86   2.67   2.61   2.50   2.62   3.17   4.17   5.13   6.09   6.51   7.06   6.92   6.77   6.75   6.26   5.88   5.16   5.01   4.84   4.46   4.17   3.84
    86   3.77   3.39   3.20   2.95   2.83   2.85   2.93   3.54   4.60   5.60   6.23   6.49   7.10   7.27   7.27   6.49   6.11   5.71   4.79   4.12   3.75   3.62   3.42   3.12
    87   2.75   2.48   2.34   2.36   2.47   2.26   2.63   3.38   3.98   5.28   6.14   6.74   7.27   7.44   7.81   7.58   7.12   6.47   5.72   5.42   5.19   4.98   4.93   4.57
    88   4.76   4.31   4.65   4.56   4.48   4.41   4.56   4.92   5.71   6.59   7.41   8.13   8.19   8.24   8.26   7.92   7.62   6.96   6.29   5.56   4.98   4.63   4.44   4.13
    89   3.98   3.87   3.81   3.70   3.46   2.89   3.12   3.91   5.31   6.02   6.89   7.79   8.09   7.76   7.79   7.79   7.42   6.83   6.16   5.54   5.19   5.05   4.99   4.87
    90   4.54   4.21   3.89   3.68   3.64   3.63   3.65   4.39   5.77   6.50   7.24   7.71   7.93   7.69   7.87   7.94   7.30   6.72   5.93   5.17   4.72   4.36   4.24   4.05
    91   3.77   3.51   3.61   3.44   3.49   3.53   3.57   4.43   5.52   6.61   7.70   8.48   8.90   8.93   8.28   8.12   7.72   7.31   6.67   6.03   5.80   5.54   6.22   4.87
    92   4.69   4.52   4.44   4.44   4.41   4.33   4.53   5.28   6.37   7.32   8.28   8.69   9.01   9.29   9.09   8.58   8.01   7.90   6.97   6.32   5.84   5.49   5.23   4.96
    93   4.71   4.41   4.13   3.85   3.92   4.00   4.41   5.22   5.93   6.80   7.78   8.22   8.85   8.93   8.70   8.31   7.91   7.31   6.63   5.99   5.74   5.47   5.30   5.12
    94   4.99   4.76   4.50   4.47   4.38   4.43   4.84   5.62   6.62   7.95   8.89   9.26   9.92   9.73   9.77   8.96   8.57   8.12   7.37   6.82   6.51   6.36   6.11   5.84
    95   5.57   5.46   5.37   5.19   5.07   5.08   4.91   5.63   6.50   7.28   8.32   8.92   9.18   9.09   9.21   9.12   8.82   8.52   7.58   6.87   6.31   6.01   5.64   5.24
    96   4.91   4.66   4.32   4.28   4.01   3.94   4.24   5.28   6.88   7.98   8.71   9.07   9.39   8.52   9.31   9.11   8.69   8.19   7.37   6.51   6.16   5.66   5.29   5.01
    97   4.65   4.37   3.80   3.63   3.64   3.72   4.25   5.66   6.98   8.31   8.97   9.66   9.83   9.99  10.20   9.82   9.51   8.63   7.76   7.04   6.63   6.28   5.74   5.52
    98   5.13   4.84   4.60   4.53   4.46   4.49   5.11   6.04   7.57   8.49   9.37  10.01  10.49  10.63  10.72  10.67  10.06   9.60   9.07   8.32   7.67   7.05   6.96   6.46
    99   6.17   5.92   5.93   5.30   5.11   4.98   5.49   6.32   7.39   8.53   9.49  10.03  10.53  10.38  10.23  10.08   9.68   9.08   8.07   7.33   6.73   6.21   5.64   5.41
   100   5.03   4.90   4.77   4.68   4.51   4.31   4.67   5.28   6.42   7.32   8.28   8.86   9.36   9.57   9.32   9.65   9.33   8.74   7.80   6.99   6.29   5.34   5.07   4.71
   101   4.05   4.03   3.78   3.59   3.73   3.65   4.12   4.95   6.07   6.82   7.81   8.65   9.59   9.63  10.00   9.74   9.04   8.66   7.82   6.99   6.57   6.26   5.93   5.56
   102   5.30   5.02   4.91   5.07   5.07   5.09   5.45   5.97   6.62   7.18   7.60   7.79   8.13   8.74   8.61   8.31   8.08   7.75   7.17   6.52   6.00   5.77   5.63   5.57
   103   5.44   5.26   5.16   4.88   4.76   4.61   5.10   5.76   6.48   7.08   7.68   7.95   8.12   8.76   9.16   9.17   8.74   8.33   7.74   7.08   6.47   6.15   6.06   5.68
   104   5.25   4.98   4.79   4.61   4.42   4.47   4.93   5.77   6.77   7.59   7.94   7.98   8.75   9.07   9.14   9.02   9.02   8.50   7.91   7.26   6.65   6.35   6.12   5.87
   105   5.71   5.40   5.20   5.10   5.26   5.21   5.68   6.59   7.58   8.29   8.56   9.92   9.46  10.05   9.57   9.94   9.38   8.80   8.36   7.42   6.81   6.62   6.22   6.17
   106   5.96   5.56   5.43   5.26   5.41   5.46   5.88   6.72   7.59   8.34   9.16   9.74  10.21  10.28  10.46   9.79   9.11   8.94   8.30   7.64   6.83   6.23   5.91   5.55
   107   5.42   5.25   5.25   5.33   5.48   5.21   5.66   6.46   7.40   8.46   9.41   9.66  10.04  10.46  10.80  10.62  10.14   9.60   8.76   8.03   7.33   6.77   6.41   5.98
   108   5.56   5.40   5.08   4.92   4.76   4.32   5.11   6.36   7.83   9.07   9.17   9.91  10.27  10.47  10.53  10.38  10.18   9.55   8.91   7.88   7.23   6.94   6.86   6.58
   109   6.47   6.35   6.45   6.28   6.05   6.15   7.03   7.86   8.93  10.01  10.77  11.24  11.63  11.63  11.63  11.57  11.37  10.41   9.76   8.98   8.71   8.13   7.78   7.47
   110   6.91   6.54   6.48   6.26   6.06   5.95   6.55   7.36   9.07  10.08  10.88  10.98  11.03  11.40  11.23  10.77  10.61  10.24   9.65   8.87   8.42   8.13   7.81   7.29
   111   6.79   6.43   6.23   6.28   5.89   6.01   6.92   7.79   8.99   9.91  10.53  11.18  10.95  11.08  11.11  10.62  10.06   9.71   9.17   8.50   7.96   7.44   7.25   7.07
   112   6.84   6.62   6.52   6.37   6.20   6.47   7.08   7.88   8.78   9.44  10.25  10.55  10.86  10.98  10.93  10.83  10.64   9.96   8.81   7.68   6.87   6.38   6.04   5.75
   113   5.42   5.45   5.20   4.91   4.82   4.67   5.83   6.83   8.11   8.88   9.14   9.76   9.64   9.98  10.44   9.95   9.89   8.86   8.78   7.76   7.09   6.56   6.15   5.87
   114   5.47   5.30   5.36   5.27   5.17   5.37   6.08   7.14   8.46   9.32  10.27  10.77  11.35  11.47  11.36  11.14  10.57  10.25   9.54   8.78   8.26   7.76   7.56   7.38
   115   7.14   6.84   6.66   5.97   6.32   6.55   7.33   8.34   9.31  10.11  10.76  11.42  11.74  11.48  11.85  11.58  11.16  10.42   9.55   8.46   7.88   7.45   6.87   6.71
   116   6.69   6.34   6.39   6.27   5.98   6.04   6.99   7.87   8.68   9.09   9.44   9.87   9.96  10.68  10.31   9.98   9.87   9.38   8.83   8.16   7.68   7.61   7.48   7.61
   117   7.18   6.78   6.75   6.52   6.36   6.37   7.01   7.85   8.88   9.81  10.25  10.87  11.46  11.78  11.86  11.22  11.21  10.74  10.15   9.43   8.74   8.36   8.16   7.91
   118   7.68   7.49   7.18   6.77   6.46   6.64   7.39   8.37   9.87  10.31  10.92  11.43  11.79  11.90  11.81  11.43  11.26  11.02  10.47   9.57   8.86   8.43   8.08   7.69
   119   7.35   7.17   6.82   6.69   6.23   6.33   7.27   8.33   9.58  10.21  10.76  11.23  11.92  11.97  11.56  11.91  11.48  10.64   9.88   9.23   8.62   8.44   8.07   7.76
   120   7.50   7.21   6.74   6.43   5.88   6.16   6.96   7.89   8.89   9.61  10.28  11.00  11.18  11.33  11.39  11.08  10.45  10.23   9.58   8.93   8.18   7.69   7.04   6.36
   121   6.07   5.81   5.51   5.59   5.42   5.45   6.42   7.41   8.72   9.83  10.46  10.71  11.05  11.19  11.81  11.42  11.13  10.83  10.13   9.17   8.26   7.41   6.90   6.37
   122   5.80   5.54   5.26   5.24   5.32   5.69   6.61   7.69   8.89   9.70  10.21  10.96  11.51  11.67  11.76  11.66  11.19  10.65   9.93   8.87   7.96   7.23   6.51   6.01
   123   5.72   5.46   5.23   4.94   4.81   5.10   6.36   7.67   9.14  10.15  10.98  11.74  11.86  12.12  12.07  11.74  10.92  10.11   9.41   8.33   7.48   6.89   5.96   5.73
   124   5.67   5.32   4.90   4.54   4.19   4.53   6.33   7.58   8.94   9.88  10.44  11.14  11.49  11.97  11.97  11.65  11.32  10.81   9.84   9.19   8.02   7.47   7.16   6.67
   125   6.32   5.99   5.77   5.39   4.97   5.47   6.87   8.13   9.37  10.43  11.09  11.64  12.32  12.78  13.08  12.91  12.36  11.61  10.81  10.01   8.83   8.43   8.07   7.72
   126   7.36   6.80   6.31   5.80   5.72   6.14   7.09   8.08   9.36  10.12  10.90  11.07  11.38  11.46  11.18  10.82  10.88  10.52   9.89   8.92   7.97   7.43   7.13   6.77
   127   6.54   6.12   5.92   5.67   5.06   5.30   6.62   7.93   9.29  10.60  11.59  11.47  11.59  12.25  12.44  12.23  11.07  10.36   9.73   8.48   7.61   7.45   7.07   6.62
   128   6.19   5.67   5.40   5.37   5.11   4.85   6.59   7.71   8.86   9.92  10.41  10.71  11.50  11.37  11.63  11.29  11.09  10.68  10.07   9.12   8.08   7.56   7.11   6.91
   129   6.68   6.52   6.34   6.01   5.85   6.06   6.81   7.72   8.64   9.36  10.08  10.22  10.37  11.09  10.96  10.96  10.61  10.14   9.46   8.64   7.68   6.81   6.12   5.52
   130   5.15   5.08   4.85   4.90   4.58   4.96   6.22   7.49   8.95   9.92  10.83  11.21  12.06  12.21  12.39  12.02  11.86  11.16  10.48   9.41   8.45   7.87   7.49   7.20
   131   6.80   6.74   6.42   6.42   6.48   6.93   7.83   8.58   9.66  10.69  11.40  11.82  12.32  12.59  12.92  13.12  12.93  12.51  11.76  10.61   9.63   9.00   8.39   8.01
   132   7.40   7.20   7.09   7.09   7.10   7.46   8.26   9.07  10.28  10.80  11.77  12.37  12.72  13.27  12.90  12.83  12.82  11.91  11.21  10.37   9.76   9.09   8.66   8.44
   133   8.29   7.95   7.76   7.36   7.26   7.70   8.84   9.87  10.66  11.60  12.35  12.86  13.13  13.49  13.59  13.47  12.88  12.39  11.86  10.99  10.20   9.71   9.13   8.80
   134   8.43   7.74   7.50   6.81   6.86   7.38   8.75   9.98  11.09  12.31  12.79  13.11  13.58  13.60  13.56  13.65  13.43  12.66  11.95  11.23  10.61   9.99   9.69   9.36
   135   9.09   9.19   8.47   8.13   7.68   8.13   8.59   9.38  10.24  11.12  12.59  12.63  12.48  12.92  12.44  12.59  11.96  11.35  11.03  10.00   8.98   8.32   7.92   7.32
   136   7.07   6.82   6.51   6.25   6.35   7.11   8.64   9.77  10.56  11.48  12.02  12.58  12.72  13.16  13.34  13.24  12.88  12.53  12.22  10.92  10.07   9.39   8.83   8.58
   137   8.33   8.18   7.99   7.74   7.67   8.28   9.21  10.10  10.94  11.82  12.66  13.08  13.62  13.82  13.86  13.60  13.69  12.95  12.40  11.44  10.23   9.37   8.87   8.54
   138   8.04   7.78   7.68   7.58   7.14   8.13   9.37  10.32  11.47  12.28  12.69  13.46  14.04  14.18  13.88  13.51  13.22  12.67  12.04  10.96  10.09   9.48   9.06   8.42
   139   8.09   7.96   7.69   7.46   7.29   7.76   9.14  10.13  11.33  12.02  12.55  13.36  13.92  13.76  14.02  13.84  13.56  12.84  12.26  11.22  10.23   9.72   9.15   8.98
   140   8.84   8.65   8.34   8.27   8.16   8.59   9.24  10.10  11.24  11.62  11.77  12.48  13.01  13.40  13.90  13.52  13.31  12.71  12.22  11.25   9.99   9.24   8.55   8.32
   141   7.92   7.67   7.29   7.09   7.26   7.93   8.89   9.87  11.02  12.06  12.64  13.52  13.82  14.57  14.26  14.14  13.99  13.37  12.78  11.68  10.73   9.78   9.24   8.78
   142   8.62   8.61   8.50   8.31   8.26   8.66   9.48  10.41  11.57  12.18  12.74  12.93  13.66  13.64  13.65  13.19  12.99  12.88  12.27  11.57  10.63  10.02   9.48   9.03
   143   8.57   8.40   8.18   7.77   7.74   8.37   9.32  10.05  11.31  12.09  12.77  13.53  13.80  13.99  13.74  13.52  13.51  12.96  12.38  11.56  10.81  10.16   9.79   9.52
   144   9.38   9.21   9.07   8.99   9.12   9.37   9.93  10.44  11.33  12.07  12.64  13.40  13.52  13.59  13.39  12.65  12.54  12.19  11.59  11.00  10.33  10.09   9.68   9.36
   145   9.02   8.59   8.34   8.27   8.30   8.61   9.48   9.98  10.60  11.54  11.73  12.05  12.53  12.44  13.15  12.50  12.06  11.53  11.17  10.53   9.93   9.40   8.76   8.41
   146   8.18   7.89   7.64   7.46   7.37   8.01   9.16   9.89  11.19  11.96  12.53  13.37  12.97  13.48  13.79  13.66  13.73  13.34  12.47  11.72  10.78  10.39   9.79   9.42
   147   9.06   8.66   8.48   8.45   8.58   8.83   9.79  10.90  11.59  12.35  12.96  12.74  13.33  13.67  14.14  13.86  13.65  13.32  12.85  12.26  11.51  10.99  10.47  10.70
   148  10.51  10.25  10.19   9.56   9.63   9.93  10.49  10.98  11.73  12.08  12.91  13.23  13.62  13.68  13.63  13.42  13.11  12.58  11.99  11.20  10.22   9.72   9.22   9.00
   149   8.97   8.75   8.38   7.74   7.82   8.54   9.42  10.09  10.86  11.61  12.57  12.91  13.45  12.01  13.67  13.72  13.61  12.79  12.22  11.27  10.49  10.18   9.81   9.42
   150   9.07   8.92   8.69   8.48   8.43   8.87   9.97  10.82  11.61  12.44  13.07  13.71  14.19  14.71  14.52  14.52  14.41  14.03  13.48  12.68  11.99  11.41  10.81  10.29
   151   9.91   9.57   9.31   9.09   9.20   9.75  10.76  11.58  12.59  13.30  13.79  14.24  14.63  14.84  15.14  14.79  14.79  14.42  13.74  12.84  11.71  10.81  10.32   9.79
   152   9.47   9.01   8.79   8.58   8.62   9.08  10.26  11.58  12.59  13.76  14.78  15.25  16.04  15.79  15.89  15.56  15.43  14.74  14.13  13.33  12.19  11.16  10.67  10.16
   153   9.59   9.36   9.09   8.92   9.07   9.90  10.94  11.86  13.03  14.22  14.99  15.00  15.94  15.79  16.29  15.91  15.42  14.63  14.32  13.48  12.25  11.41  10.91  10.47
   154  10.06   9.91   9.77   9.64   9.69  10.19  11.03  12.08  13.06  13.81  15.04  15.58  15.91  16.58  16.79  16.47  16.39  15.87  14.85  14.04  13.35  12.68  12.29  11.84
   155  11.28  10.76  10.53  10.29  10.32  10.82  11.64  12.26  12.81  13.43  14.15  14.40  14.67  14.88  14.67  14.07  13.80  13.34  12.73  12.18  11.40  10.81  10.14   9.75
   156   9.48   9.05   8.66   8.28   8.23   8.86   9.92  10.93  12.02  12.88  13.85  13.94  14.01  14.50  14.56  14.27  13.92  13.34  12.80  11.98  11.15  10.60  10.38   9.98
   157   9.86   9.58   9.13   8.66   8.87   9.44  10.17  10.79  11.76  12.38  13.26  13.17  13.94  14.44  14.66  14.74  13.90  13.04  13.15  11.92  11.00  10.67  10.34  10.07
   158   9.85   9.54   9.73   9.34   9.41   9.81  10.53  11.43  12.21  12.76  13.21  13.39  13.88  13.46  14.06  13.60  13.20  12.47  12.52  11.88  11.09  10.43   9.93   9.67
   159   9.41   9.30   9.15   8.91   8.91   9.09  10.16  11.00  11.85  12.37  12.46  13.11  13.54  13.88  13.71  13.54  13.15  12.83  12.52  12.17  11.39  10.86  10.35   9.94
   160  10.02   9.88   9.79   9.55   9.56  10.00  10.78  11.32  12.07  12.64  13.21  13.63  13.79  13.82  13.73  13.67  13.49  13.10  12.44  11.92  11.45  10.88  10.47  10.17
   161   9.98   9.79   9.46   9.47   9.48   9.88  10.52  11.21  12.06  12.76  13.27  13.26  13.96  13.77  14.04  13.75  13.31  12.98  12.77  11.73  10.64  10.13   9.67   9.12
   162   8.69   8.49   8.25   8.18   8.33   9.11  10.09  11.01  11.82  12.53  13.56  13.62  13.77  13.77  14.29  13.49  13.74  13.15  12.71  11.94  10.93  10.39  10.12   9.66
   163   9.51   9.21   8.91   8.52   8.56   9.17  10.31  11.37  12.27  13.33  13.89  14.06  14.33  14.51  14.35  14.15  13.79  13.28  12.88  12.16  11.31  10.77  10.36   9.93
   164   9.73   9.62   9.34   9.28   9.42   9.84  10.64  11.29  11.98  12.43  13.03  13.67  14.19  14.71  14.98  14.88  14.57  14.23  13.92  12.84  11.86  11.12  10.45  10.57
   165  10.03   9.85   9.83   9.80  10.01  10.44  11.36  12.23  13.08  14.22  14.57  15.21  15.61  15.18  15.18  15.24  14.73  14.24  13.58  12.64  11.88  11.17  10.63  10.16
   166   9.82   9.28   9.01   8.56   8.96   9.66  10.71  11.80  12.91  13.75  14.61  15.01  15.62  15.54  15.93  15.59  15.32  14.42  13.74  12.82  11.62  10.93  10.41  10.06
   167   9.88   9.70   9.41   9.23   9.34  10.01  10.69  11.59  12.47  13.67  14.22  14.31  14.88  14.94  15.22  15.19  14.84  14.16  13.21  12.55  11.70  11.02  10.72  10.65
   168  10.53  10.26  10.10  10.12  10.29  10.54  11.21  11.92  12.89  13.74  14.49  14.95  15.38  15.64  15.99  15.81  15.68  15.07  14.44  13.60  12.82  12.07  11.64  11.25
   169  10.80  10.57  10.24   9.94  10.23  10.62  11.67  12.49  13.46  14.41  15.02  15.30  16.18  16.16  15.91  15.86  15.71  15.24  14.58  13.89  13.09  12.62  11.98  11.56
   170  11.32  11.05  10.83  10.71  10.98  11.51  12.29  13.06  13.81  14.36  15.02  15.49  15.76  15.92  16.07  15.93  15.54  15.08  14.59  14.13  13.32  12.84  12.36  11.79
   171  11.63  11.49  11.21  10.96  11.11  11.51  12.44  13.33  14.27  15.42  16.14  16.07  16.10  16.79  16.37  16.49  16.30  15.43  14.73  13.96  13.21  12.60  12.03  11.78
   172  11.65  11.69  11.24  11.07  10.96  11.34  12.52  13.37  14.53  14.92  15.81  16.33  16.51  16.67  16.42  16.74  16.39  16.00  15.48  14.68  13.87  13.08  12.93  12.49
   173  12.10  11.62  11.39  11.07  11.08  11.73  12.85  13.43  14.19  15.01  15.34  15.60  16.19  16.15  15.79  15.74  14.81  14.17  13.82  13.14  12.16  11.62  11.37  11.21
   174  11.02  10.73  10.46  10.31  10.34  10.61  11.74  12.69  13.64  14.13  14.77  15.13  15.49  15.53  16.01  15.73  15.19  14.71  14.32  13.73  13.04  12.16  11.57  11.11
   175  10.73  10.55  10.35  10.06  10.29  10.98  11.97  12.74  13.88  14.63  15.42  15.89  16.35  16.07  16.44  15.86  15.33  14.70  14.28  13.67  12.97  12.70  12.35  12.17
   176  12.07  11.88  11.72  11.62  11.67  11.97  12.67  13.34  14.02  15.02  15.32  15.38  15.99  16.34  15.83  15.58  15.40  15.14  14.57  13.81  13.06  12.41  12.03  11.35
   177  11.19  10.85  10.74  10.51  10.64  11.20  12.24  13.24  14.02  14.60  15.27  15.71  15.99  16.27  16.61  16.52  16.16  15.62  15.06  14.14  13.11  12.40  11.94  11.57
   178  11.11  10.74  10.58  10.28  10.55  11.30  12.41  13.36  14.42  14.94  15.76  16.23  16.70  16.73  16.58  16.43  16.43  16.04  15.11  14.47  13.67  13.22  12.66  12.29
   179  12.01  11.51  11.38  11.25  11.41  11.98  12.77  13.80  14.90  15.47  16.33  16.92  16.91  17.55  17.02  17.37  16.87  16.01  15.38  14.63  14.26  13.90  13.48  13.28
   180  13.16  12.81  12.59  12.49  12.45  12.67  13.29  13.89  14.59  14.78  15.41  15.86  16.61  16.62  16.83  16.72  16.54  16.31  15.99  15.21  14.28  13.54  13.17  12.70
   181  12.39  12.12  11.93  11.99  11.89  12.49  12.66  13.69  14.57  15.49  16.23  16.54  16.91  17.20  16.97  17.07  17.07  16.37  15.61  15.20  14.23  13.81  13.46  13.01
   182  12.88  12.66  12.49  12.26  12.34  12.80  13.30  13.92  14.70  15.36  15.98  15.93  16.15  16.23  16.28  16.48  15.98  15.87  15.41  14.62  13.81  13.38  13.11  12.89
   183  12.63  12.59  12.51  12.39  12.23  12.44  12.82  13.33  13.91  14.83  15.23  15.64  16.03  15.82  15.81  16.07  15.74  15.21  14.48  14.06  13.46  12.86  12.40  12.10
   184  11.87  11.86  11.84  11.74  11.77  12.17  12.93  13.68  14.56  14.76  15.78  16.03  16.52  16.64  17.03  16.61  16.59  16.13  15.51  14.52  13.50  12.90  12.54  12.26
   185  12.09  11.78  11.61  11.56  11.53  11.81  12.62  13.58  14.42  14.78  15.18  15.47  15.91  15.99  16.42  15.93  15.81  15.48  14.74  14.18  14.18  13.45  13.07  12.66
   186  12.50  12.39  12.20  11.91  11.94  12.29  13.33  13.75  14.39  14.97  15.71  15.69  16.47  16.56  16.38  16.23  15.91  15.29  14.43  14.00  13.48  12.66  12.26  12.05
   187  11.82  11.81  11.44  11.46  11.49  11.68  12.16  12.90  13.77  13.89  14.86  14.91  15.30  15.67  15.59  15.61  15.71  15.08  14.51  13.91  13.13  12.64  12.28  12.16
   188  11.92  12.02  11.63  11.49  11.56  11.94  12.58  13.44  13.97  15.06  15.68  16.01  16.57  16.72  16.86  16.98  15.97  15.57  14.98  14.17  13.37  12.93  12.41  12.16
   189  11.93  12.04  11.48  11.33  11.41  11.68  12.48  13.22  14.19  15.39  15.98  16.04  16.46  16.58  16.39  16.19  16.01  15.55  15.21  14.49  14.22  13.43  13.09  12.94
   190  12.78  12.70  12.70  12.43  12.43  12.76  13.23  13.76  14.28  14.42  15.19  15.63  15.82  15.98  15.88  15.86  16.00  15.47  14.84  14.05  13.43  13.07  12.76  12.58
   191  12.46  12.20  12.01  11.89  11.88  12.11  12.70  13.39  14.39  14.89  15.35  15.80  15.70  15.21  15.86  15.39  15.57  14.83  14.25  13.72  13.08  12.67  12.30  11.94
   192  11.85  11.80  11.67  11.70  11.60  11.88  12.54  13.15  13.86  14.68  15.13  15.08  14.91  15.83  15.40  15.41  14.97  14.27  13.73  13.18  12.56  12.01  11.88  11.72
   193  11.43  11.20  10.99  10.92  11.20  11.63  12.28  12.81  13.70  14.66  15.54  15.91  16.08  15.97  16.14  15.85  15.67  15.06  14.49  13.82  13.19  12.70  12.66  12.39
   194  11.57  11.17  11.11  10.84  11.42  11.85  12.65  13.20  14.06  14.73  15.44  16.01  16.11  16.16  16.11  16.20  15.71  15.49  15.17  14.51  13.93  13.70  13.45  13.15
   195  13.11  12.75  12.54  12.32  12.28  12.57  13.06  13.61  14.27  14.67  15.57  15.88  16.54  16.71  16.71  16.36  16.42  15.84  15.31  14.87  14.36  13.93  13.41  13.61
   196  12.91  12.71  12.45  12.22  12.19  12.58  13.19  13.93  14.73  15.39  16.48  16.56  16.99  17.29  17.16  17.06  16.52  16.16  15.78  15.13  14.37  13.71  13.36  12.96
   197  12.72  12.38  12.14  11.85  11.72  12.15  13.02  13.67  14.81  15.84  16.45  16.61  17.27  17.28  17.39  17.17  16.79  16.39  16.18  15.19  14.34  13.99  14.03  13.40
   198  13.06  12.64  12.39  12.46  12.61  12.72  13.44  14.37  15.23  16.24  16.90  17.67  18.17  18.42  18.57  18.47  18.29  17.67  16.68  15.88  15.03  14.62  14.01  13.63
   199  13.38  13.14  12.93  12.80  12.78  12.81  13.53  14.39  15.51  16.16  16.59  17.19  17.58  18.12  18.28  17.88  17.75  17.24  16.48  15.63  14.42  13.91  13.48  13.10
   200  12.82  12.62  12.57  12.38  12.27  12.48  13.28  14.03  15.02  15.76  16.61  16.86  17.47  17.39  17.16  17.07  16.84  16.27  15.76  14.36  13.60  13.71  13.20  12.91
   201  12.66  12.56  12.39  12.18  12.12  12.35  13.14  13.77  14.72  15.25  15.21  15.52  16.02  16.68  16.64  16.68  16.55  15.78  15.14  14.46  14.06  12.89  12.64  12.39
   202  12.19  12.02  11.92  11.85  12.02  12.36  12.92  13.53  14.38  14.89  15.75  15.97  16.72  16.72  16.87  16.82  16.73  16.31  15.67  14.72  13.74  13.24  12.84  12.46
   203  12.14  11.97  11.74  11.73  11.75  12.04  13.02  13.71  14.87  16.02  17.00  17.35  17.81  17.93  18.14  18.21  17.67  16.91  16.27  15.07  14.32  13.79  13.17  12.68
   204  12.34  12.31  11.95  11.91  11.97  12.36  13.17  13.92  14.24  14.88  14.99  15.37  15.94  16.13  16.13  16.11  15.93  15.76  15.22  14.41  13.49  13.11  12.50  12.26
   205  11.87  11.67  11.52  11.37  11.49  11.83  12.56  13.49  14.06  14.48  15.01  15.33  15.56  15.21  14.89  14.77  14.59  14.33  13.81  13.13  12.22  11.76  11.46  11.22
   206  11.14  10.91  10.73  10.61  10.61  10.82  11.76  12.81  13.97  14.57  15.48  15.34  15.65  16.18  15.82  15.78  15.19  14.77  14.28  13.46  12.34  11.58  11.31  10.93
   207  10.54  10.34  10.16  10.02   9.96  10.50  11.62  12.61  13.86  14.74  15.55  16.24  16.59  16.55  16.64  16.17  16.21  15.48  15.00  14.11  13.15  12.60  12.09  11.62
   208  11.26  10.87  10.83  10.98  10.74  11.19  11.97  13.06  14.04  14.73  15.24  15.66  15.93  16.13  16.18  16.02  15.62  15.09  14.60  13.89  12.86  12.40  12.04  11.85
   209  11.34  11.31  10.93  10.77  10.69  11.09  12.02  12.94  14.44  15.22  16.01  16.53  17.20  17.71  17.41  17.69  17.32  16.85  16.22  15.43  14.74  14.32  13.83  13.40
   210  13.26  12.55  12.34  11.88  12.02  12.37  13.39  14.33  15.33  15.96  16.68  16.21  17.16  17.20  17.66  17.47  17.25  16.56  15.97  15.20  14.61  13.99  13.46  13.12
   211  12.79  12.37  12.11  11.82  11.61  11.65  12.28  13.13  14.18  15.34  15.65  16.06  16.16  16.62  16.99  16.78  16.71  16.05  15.28  14.41  13.46  12.91  12.21  11.86
   212  11.77  11.76  11.58  11.34  11.36  11.67  12.32  12.99  13.77  14.39  15.21  15.21  15.19  15.47  15.20  15.29  15.26  14.99  14.54  13.77  13.04  12.31  11.92  11.69
   213  11.32  11.15  10.88  10.67  10.58  10.71  11.90  12.55  13.93  14.67  15.68  16.06  16.18  16.78  16.67  16.77  16.32  15.97  15.38  14.40  13.62  13.17  12.83  12.48
   214  12.29  12.00  11.67  11.58  11.25  11.21  11.98  13.17  14.11  15.04  15.64  16.44  17.00  17.02  16.76  16.26  16.05  15.52  14.76  14.12  13.37  12.83  12.49  12.11
   215  12.36  11.84  11.57  11.37  11.19  11.43  12.11  13.14  14.22  14.73  15.19  15.37  16.11  16.01  15.97  15.93  15.53  14.97  14.56  14.03  13.67  13.34  13.14  12.99
   216  13.08  12.67  12.59  12.49  12.51  12.66  13.07  13.51  14.14  14.64  15.34  15.84  17.00  17.07  17.09  16.99  16.88  16.64  15.99  15.23  14.54  14.16  13.64  13.44
   217  13.12  12.80  12.56  12.39  12.32  12.41  13.19  13.53  14.03  14.59  15.75  16.15  16.52  16.95  16.88  16.81  16.51  16.03  15.43  14.66  13.99  13.38  13.11  12.95
   218  12.59  12.53  12.28  11.91  12.01  12.35  12.86  13.68  14.70  14.88  15.62  16.37  16.67  16.91  17.24  16.66  16.72  16.13  15.42  14.89  14.46  14.13  13.84  13.71
   219  13.72  13.59  13.51  13.43  13.32  13.44  13.94  14.18  14.68  15.31  15.98  16.34  16.41  16.42  16.46  16.23  16.02  15.66  15.23  14.70  14.16  13.83  13.33  12.92
   220  12.66  12.48  12.42  12.33  12.32  12.57  13.11  13.63  14.03  14.18  14.45  15.28  15.94  16.39  16.56  16.62  16.07  15.48  14.90  14.17  13.36  12.98  12.83  12.54
   221  12.43  12.23  12.13  12.05  12.10  12.23  12.89  13.61  14.74  15.13  15.55  16.12  16.83  17.23  17.05  16.51  16.47  15.89  15.27  14.18  13.64  13.39  12.88  12.56
   222  12.31  12.14  12.14  11.96  11.84  11.83  12.49  13.22  14.14  14.79  15.85  16.47  16.22  16.29  16.65  16.69  16.42  15.81  15.07  13.83  13.40  13.03  12.81  12.51
   223  12.47  12.41  12.29  12.17  12.29  12.50  13.19  13.86  14.88  15.36  16.16  16.64  17.21  17.46  17.84  17.74  17.26  16.59  15.89  14.89  14.24  13.87  13.45  13.18
   224  12.94  12.64  12.43  12.11  11.92  12.08  13.12  13.97  15.02  15.93  16.41  16.71  17.24  17.24  17.76  17.28  17.19  16.63  15.75  15.09  14.35  14.22  13.54  13.46
   225  13.35  13.15  13.01  12.88  12.77  12.58  13.14  13.69  14.70  16.04  17.06  17.71  17.99  17.97  18.08  18.10  17.61  16.87  16.14  15.26  14.67  14.56  14.18  13.72
   226  13.48  13.21  13.27  12.97  12.98  12.98  13.69  14.42  15.43  16.47  17.14  17.57  17.85  17.95  18.28  18.32  17.75  17.33  16.72  15.65  15.01  14.53  13.94  13.66
   227  13.32  13.20  13.09  12.86  12.39  12.26  12.72  13.53  14.60  15.41  16.27  17.39  18.12  18.55  18.27  18.05  17.61  17.01  16.04  15.24  14.66  14.06  13.63  13.14
   228  12.81  12.71  12.83  12.76  12.62  12.63  13.11  13.77  14.89  15.74  16.58  17.22  16.78  17.12  16.96  17.03  16.44  15.97  15.42  14.67  13.98  13.67  13.24  12.97
   229  12.60  12.42  12.30  12.14  11.85  11.86  12.48  13.35  14.51  15.27  16.09  17.08  17.21  17.62  17.83  17.34  16.85  16.40  15.48  14.69  14.22  13.73  13.47  13.26
   230  13.03  12.91  12.97  12.94  12.96  13.14  13.54  14.17  15.05  15.89  16.41  17.01  17.49  17.61  17.84  17.61  17.44  17.15  16.46  15.71  15.09  14.83  14.47  14.17
   231  13.93  13.57  13.28  13.02  12.88  12.83  13.45  14.07  14.78  15.95  16.52  16.57  16.67  17.14  17.29  17.31  16.98  16.36  15.70  14.65  13.96  13.45  13.12  13.08
   232  12.90  12.71  12.69  12.59  12.48  12.47  12.93  13.71  14.62  15.08  15.48  16.29  17.07  17.58  16.91  16.89  16.63  15.83  15.38  14.54  14.10  13.83  13.51  13.21
   233  13.01  12.87  12.48  12.23  12.29  12.43  12.81  13.62  14.61  15.33  16.01  16.81  17.27  17.77  17.18  17.11  16.84  16.51  15.61  14.64  14.04  13.63  13.33  12.82
   234  12.34  11.99  11.63  11.39  11.17  11.04  11.67  12.39  13.64  14.93  15.62  16.17  16.72  16.76  16.70  16.53  16.09  15.63  14.80  13.86  13.09  12.84  12.49  12.15
   235  11.88  11.62  11.38  11.25  10.99  11.07  11.53  12.28  13.24  14.21  15.32  15.81  16.02  16.50  16.19  15.97  15.77  15.38  14.48  13.46  12.86  12.33  12.27  11.66
   236  11.26  11.08  10.96  10.70  10.55  10.71  11.20  11.91  13.27  14.66  15.87  16.38  17.05  17.05  16.96  16.51  16.19  15.42  14.86  13.81  13.24  13.14  12.94  12.69
   237  12.36  12.23  11.97  11.76  12.10  11.68  11.98  12.86  13.46  14.11  14.88  15.04  15.02  15.40  15.64  15.51  15.13  14.49  14.07  13.37  12.74  12.56  12.29  12.15
   238  11.98  11.78  11.68  11.53  11.57  11.49  11.93  12.87  13.93  14.61  15.21  15.63  16.11  15.89  15.69  15.83  15.33  14.93  14.26  13.71  13.46  13.27  13.09  12.89
   239  12.72  12.38  12.13  11.87  11.82  11.72  12.12  12.67  13.38  13.94  14.44  15.40  15.92  16.03  16.06  15.87  15.46  14.81  14.13  13.62  12.99  12.64  12.27  12.08
   240  11.76  11.23  11.46  11.37  11.17  11.07  11.58  12.45  13.67  14.59  15.46  15.74  15.76  15.94  16.01  15.70  15.39  14.72  13.96  13.41  12.87  12.74  12.47  12.17
   241  11.61  11.90  11.82  12.01  11.64  11.62  11.91  12.70  13.51  14.35  15.03  15.69  15.78  15.58  15.75  15.43  15.04  14.33  13.75  13.07  12.59  12.28  12.03  11.77
   242  11.63  11.44  11.33  11.37  11.23  11.14  11.48  12.30  13.13  14.02  14.61  14.93  14.93  15.02  14.67  14.78  14.30  13.74  13.09  12.43  11.84  11.46  11.18  10.96
   243  10.79  10.60  10.46  10.04  10.23  10.25  10.67  11.38  12.98  13.38  13.93  14.40  14.38  14.51  15.23  14.85  14.24  13.63  12.83  11.96  11.41  11.02  10.67  10.48
   244   9.92   9.87  10.13  10.18  10.07  10.16  10.13  11.31  12.20  13.15  14.43  15.21  15.55  15.64  15.42  14.87  14.59  13.97  13.08  12.61  12.35  11.79  11.62  11.52
   245  11.35  11.22  10.92  10.92  10.72  10.69  11.06  11.74  12.73  13.57  13.58  14.84  15.23  15.43  15.46  15.57  15.26  14.58  13.79  13.24  12.91  12.59  12.46  12.27
   246  12.08  11.94  11.63  11.18  11.08  10.92  11.22  11.89  12.99  13.63  14.03  14.87  15.19  14.87  14.78  14.57  14.36  13.87  13.05  12.55  11.67  11.74  11.29  10.94
   247  10.73  10.81  10.52  10.27  10.14  10.14  10.57  11.44  12.57  13.48  14.19  14.76  14.98  15.13  14.91  14.91  14.54  13.99  13.23  12.47  12.08  11.69  11.51  11.23
   248  11.13  10.93  10.85  11.18  11.06  10.97  11.37  12.14  13.26  14.03  14.77  15.22  15.70  16.07  16.21  15.86  15.47  14.87  14.27  13.85  13.52  13.29  12.94  12.76
   249  12.61  12.37  12.24  12.11  11.91  11.85  11.99  12.64  13.28  14.20  14.67  14.87  14.91  15.39  15.46  15.10  14.70  14.02  13.29  12.88  12.56  12.19  11.89  11.37
   250  11.29  10.94  10.83  10.69  10.64  10.59  11.14  12.17  13.19  14.06  14.79  14.96  15.15  15.09  15.32  14.97  14.71  14.12  13.32  12.68  11.98  11.58  11.28  11.05
   251  10.97  10.68  10.39   9.99   9.99   9.98  10.30  11.03  12.33  13.36  13.71  14.22  14.53  14.72  14.61  14.57  13.88  13.34  12.52  11.91  11.43  11.09  10.96  10.62
   252  10.32   9.85   9.45   9.07   8.93   8.75   9.04  10.31  11.76  13.38  14.22  14.61  14.67  14.84  14.93  14.55  14.06  13.47  12.95  11.84  11.53  11.19  10.86  10.95
   253  10.71  10.77  10.91  10.80  10.77  10.74  10.98  11.55  12.12  13.33  13.90  14.09  14.34  14.62  14.99  14.59  14.27  13.39  12.54  11.87  11.61  11.21  10.92  10.67
   254  10.36  10.09  10.05  10.06   9.89   9.91  10.35  10.99  12.04  13.22  13.38  13.93  14.25  14.31  14.46  14.34  13.84  13.33  12.62  11.98  11.47  10.95  10.25   9.96
   255   9.53   9.44   9.42   9.08   8.65   8.43   8.93   9.91  11.43  12.69  13.73  14.37  14.71  14.47  14.20  14.32  13.73  12.91  11.74  11.33  10.86  10.45   9.91   9.82
   256   9.54   9.39   9.27   9.24   8.79   8.76   9.01   9.88  11.27  12.47  13.64  14.33  14.77  14.88  14.68  14.16  13.98  13.34  12.42  11.69  11.37  10.91  10.72  10.33
   257  10.23   9.89   9.56   9.25   8.99   8.81   9.09  10.23  11.81  12.83  13.84  14.31  14.61  14.49  14.51  14.41  13.89  13.34  12.74  12.27  11.94  11.73  11.65  11.34
   258  11.26  11.24  11.42  11.42  11.44  11.51  11.56  11.86  12.30  12.88  13.26  13.58  13.74  13.88  13.97  13.55  13.04  12.44  11.62  11.19  10.89  10.66  10.39   9.99
   259   9.76   9.57   9.18   9.08   8.84   8.77   8.99   9.55  10.72  11.89  13.22  13.38  13.97  14.31  14.16  13.86  13.49  12.78  12.00  11.46  11.07  10.88  10.69  10.42
   260  10.40  10.23  10.11  10.18  10.16  10.12  10.57  11.06  11.92  12.64  13.41  13.70  13.61  13.79  13.91  13.93  13.52  13.11  12.42  11.81  11.47  11.06  10.59  10.31
   261  10.17  10.08  10.09  10.16  10.05   9.91  10.02  10.57  11.75  12.69  13.35  14.09  14.43  14.13  14.02  13.94  13.17  12.44  11.64  11.21  10.84  10.47  10.48  10.27
   262   9.91   9.67   9.56   9.48   9.43   9.23   9.34   9.95  11.12  12.33  13.22  13.37  13.92  14.00  14.06  13.71  13.53  12.84  11.88  11.91  11.59  11.39  11.19  10.91
   263  10.93  10.90  10.94  10.74  10.71  10.67  10.81  11.24  11.98  12.61  13.30  13.47  14.09  14.13  13.73  13.40  13.08  12.76  12.00  11.68  11.41  11.13  10.97  10.70
   264  10.72  10.64  10.51  10.41  10.51  10.48  10.53  11.16  11.94  12.38  12.76  13.17  13.69  13.84  13.72  13.24  12.99  12.46  11.80  11.51  11.15  10.82  10.57  10.48
   265  10.29  10.35  10.04   9.94  10.10  10.00  10.06  10.47  11.39  12.13  12.61  12.79  13.33  13.48  13.43  13.16  12.82  12.09  11.52  11.04  10.72  10.52  10.22  10.19
   266  10.57  10.44  10.46  10.56  10.48  10.43  10.49  10.97  11.66  12.28  12.56  12.86  13.20  13.31  13.24  13.31  12.99  12.48  11.99  11.68  11.47  11.23  11.21  11.18
   267  11.05  10.79  10.58  10.48  10.38  10.25  10.49  10.89  11.71  12.65  13.47  14.09  14.55  14.62  14.54  14.18  13.73  13.07  12.52  12.15  11.86  11.61  11.42  11.34
   268  11.18  11.22  11.30  11.21  11.25  11.26  11.32  11.48  12.11  13.04  13.21  13.52  13.71  13.99  14.01  13.85  13.52  12.69  12.17  11.67  11.34  11.10  10.89  10.66
   269  10.43  10.41  10.43  10.55  10.59  10.47  10.57  11.32  11.82  12.20  12.93  12.97  13.34  13.32  13.13  13.27  12.76  12.09  11.54  11.13  10.67  10.44  10.41  10.18
   270  10.22  10.11  10.22  10.52  10.68  10.58  10.64  10.87  11.51  12.13  12.79  13.29  13.45  13.54  13.66  13.35  13.26  12.58  12.17  11.87  11.83  12.12  12.04  11.75
   271  11.69  11.80  11.77  11.47  11.40  11.32  11.46  11.67  12.31  12.87  13.37  13.92  14.21  14.19  14.07  13.50  13.38  12.73  12.13  11.79  11.16  10.67  10.31   9.80
   272   9.46   9.14   8.81   8.59   8.48   8.54   8.48   9.11  10.32  11.21  12.26  12.73  13.25  13.42  13.18  12.80  12.21  11.47  10.86  10.54  10.27  10.13   9.93   9.86
   273   9.19   9.46   9.21   9.03   8.83   8.60   8.49   9.16  10.52  11.41  12.34  12.49  12.93  12.97  12.72  12.61  12.51  12.02  11.49  11.08  10.78  10.65  10.63  10.51
   274  10.34  10.42  10.36  10.34  10.22   9.99   9.80  10.01  10.79  11.51  12.11  12.53  12.80  13.08  12.90  12.30  11.42  10.52   9.86   9.52   9.17   9.02   8.98   8.49
   275   8.32   8.25   8.22   8.22   7.92   7.58   7.61   8.22   9.66  10.96  11.39  11.57  11.82  12.31  11.93  11.34  10.82  10.34   9.70   9.22   9.11   8.95   8.99   8.95
   276   8.88   8.89   8.92   8.86   8.67   8.61   8.81   8.87   9.61  10.59  11.02  11.35  12.14  12.05  12.18  11.86  11.41  10.62  10.36  10.12   9.86   9.74   9.38   9.11
   277   8.97   8.86   9.07   9.18   9.17   9.25   9.41   9.89  10.67  11.46  12.41  12.88  13.25  13.45  13.38  13.07  12.47  11.77  11.33  10.93  10.94  10.77  10.81  10.57
   278  10.46  10.21   9.67   9.41   9.28   9.02   8.97   9.55  10.52  11.44  12.34  12.74  13.02  13.06  12.76  12.47  11.97  11.19  10.59  10.05   9.61   9.50   9.29   9.12
   279   8.88   8.59   8.49   8.38   8.15   8.16   8.18   8.59   9.59  10.59  11.26  11.90  12.27  12.77  12.96  12.62  12.02  11.25  10.62  10.37  10.03   9.94   9.89   9.77
   280   9.69   9.68   9.67   9.55   9.57   9.58   9.61   9.91  10.49  11.09  11.88  12.46  13.07  13.04  12.94  12.56  12.20  12.07  11.57  11.41  11.31  11.17  11.06  10.77
   281  10.36  10.19  10.15   9.99  10.99   9.74   9.73  10.06  10.84  11.54  12.22  12.57  12.99  12.96  12.77  11.99  11.39  10.84  10.31  10.01   9.78   9.71   9.62   9.64
   282   9.55   9.38   9.17   9.00   8.96   8.91   9.06   9.06   9.94  10.45  10.99  11.48  11.87  11.69  11.69  11.38  10.82  10.14   9.98   9.71   9.52   9.27   9.21   9.22
   283   9.28   9.16   9.11   9.04   9.24   9.18   9.06   9.14   9.83  10.38  11.08  11.22  11.48  11.47  11.51  11.45  11.11  10.72  10.28  10.05   9.89   9.83   9.51   9.34
   284   8.94   8.96   8.88   8.59   8.15   7.97   7.86   8.27   9.16   9.82  10.26  10.36  10.97  10.92  10.75  10.19   9.68   8.94   8.44   7.96   7.66   7.48   7.12   6.82
   285   6.60   6.45   6.48   6.30   6.19   6.23   5.69   6.15   7.15   8.72   9.76  10.44  10.79  10.75  10.89  10.66   9.97   9.42   9.28   9.16   8.80   8.63   8.89   9.01
   286   9.09   8.97   8.87   8.65   8.65   8.55   8.57   8.67   9.38  10.12  11.04  11.44  11.86  11.87  11.85  11.34  10.66   9.93   9.73   9.67   9.86   9.96   9.83   9.64
   287   9.81   9.72   9.84   9.86   9.82   9.71   9.66   9.97  10.62  11.04  11.84  12.49  12.42  11.99  11.86  11.37  11.01  10.55  10.22   9.88   9.73   9.38   9.09   8.89
   288   8.77   8.55   8.26   8.00   7.91   7.94   7.85   7.73   8.28   8.80   9.71  10.23  10.26   9.99   9.88   9.49   8.71   8.18   7.88   7.66   7.39   7.12   6.83   6.49
   289   6.29   6.01   5.96   5.70   5.38   5.24   5.51   5.73   6.64   7.96   9.08   9.54  10.13  10.38  10.05   9.89   9.32   8.76   8.54   8.45   8.48   8.61   8.51   8.48
   290   8.41   8.36   8.51   8.73   8.62   8.47   8.38   8.68   9.06   9.64  10.50  10.68  10.80  10.86  10.67  10.31   9.54   9.04   8.77   8.58   8.28   7.99   7.88   7.77
   291   7.63   7.59   7.67   7.76   7.94   7.86   7.94   8.28   8.97   9.67  10.51  10.81  11.07  11.14  11.34  11.02  10.54  10.13   9.89   9.83   9.85   9.91   9.97   9.88
   292   9.78   9.71   9.57   9.61   9.43   9.27   9.21   9.27   9.52   9.89  10.25  10.69  10.91  11.03  10.69  10.49   9.92   9.26   8.82   8.60   8.33   8.16   7.97   7.81
   293   7.62   7.71   7.75   7.78   7.88   7.63   7.76   7.77   8.33   8.91   9.57  10.08  10.37  10.42  10.30  10.14   9.76   9.47   9.25   9.00   8.77   8.58   8.27   8.23
   294   8.16   7.95   7.98   8.08   7.84   7.79   7.88   8.21   8.80   9.17   9.70   9.94  10.12   9.96   9.94   9.39   8.68   8.13   7.87   7.77   7.65   7.59   7.47   7.26
   295   7.07   7.04   6.89   6.82   6.79   6.78   6.93   7.11   7.73   8.41   9.01   9.27   9.32   9.08   9.03   8.56   7.87   7.23   7.03   6.69   6.46   6.29   6.25   6.24
   296   6.34   6.42   6.53   6.26   6.28   6.18   6.24   6.56   7.07   7.88   8.64   9.34   9.59   9.33   8.91   8.75   8.42   8.04   7.87   7.65   7.36   7.26   7.07   6.79
   297   6.82   6.71   6.76   6.42   6.49   6.53   6.49   6.75   7.22   7.74   8.54   8.83   9.27   9.33   9.43   9.38   8.96   8.45   8.21   7.93   7.98   7.88   7.67   7.64
   298   7.68   7.47   7.39   7.03   6.96   6.82   6.68   6.74   7.32   8.07   8.83   9.61   9.89  10.03   9.58   9.19   8.49   7.97   7.46   7.03   6.92   6.58   6.38   6.21
   299   5.76   5.66   5.48   5.47   5.42   5.43   5.53   5.67   6.28   7.11   8.34   8.88   9.47   9.54   9.61   9.18   8.72   8.37   8.32   8.06   7.84   7.71   7.69   7.91
   300   8.04   7.79   7.62   7.54   7.64   7.56   7.37   7.28   7.38   8.06   8.81   9.24   9.22   9.03   8.82   8.50   7.87   7.51   7.26   7.11   6.99   6.94   6.72   6.56
   301   6.37   6.56   6.58   6.61   6.60   7.48   6.33   6.23   6.66   7.57   8.37   8.93   9.17   8.96   9.03   8.57   8.00   7.56   7.17   6.91   6.79   6.61   6.54   6.53
   302   6.29   6.18   5.99   6.00   6.06   6.09   6.07   6.14   6.56   7.24   8.02   8.61   8.82   8.79   8.67   8.33   7.94   7.67   7.48   7.24   7.06   6.94   6.67   6.54
   303   6.33   6.24   6.22   6.41   6.41   6.46   6.33   6.33   6.81   7.58   8.49   8.86   8.99   8.93   8.49   8.27   7.83   7.51   7.21   6.99   6.71   6.67   6.60   6.52
   304   6.48   6.38   6.01   6.10   5.77   6.23   5.64   5.65   6.18   6.93   7.58   8.04   8.25   8.15   7.98   7.82   7.42   7.21   7.03   6.83   6.90   6.76   6.68   6.49
   305   6.43   6.52   6.37   6.18   6.16   6.10   6.08   6.23   6.50   7.09   7.84   8.33   8.72   8.41   8.79   7.83   7.43   6.75   6.44   6.08   6.03   5.71   5.66   5.66
   306   5.72   5.79   5.78   5.83   5.71   5.64   5.81   5.99   6.58   7.39   8.16   8.65   8.84   9.06   9.01   8.63   8.12   7.88   7.69   7.37   7.04   6.83   6.64   6.44
   307   6.49   6.04   5.94   5.72   5.79   5.73   5.95   6.02   6.35   7.28   8.22   8.66   9.13   9.32   9.19   9.04   8.51   8.27   8.01   7.83   7.81   7.83   7.82   7.94
   308   8.08   7.99   7.99   8.09   8.26   8.12   7.85   7.62   7.75   8.44   8.93   9.47   9.62   9.68   9.33   8.96   8.34   7.70   7.57   7.37   7.16   6.99   6.99   7.02
   309   7.01   6.99   6.99   7.06   6.94   7.12   7.46   7.58   8.04   8.64   9.32   9.65  10.08  10.18   9.87   9.48   9.08   8.76   8.64   8.32   8.25   7.98   7.79   7.64
   310   7.62   7.51   7.27   7.04   6.99   6.97   6.70   6.68   7.29   8.09   8.88   9.43   9.73   9.77   9.62   9.17   8.44   7.75   7.33   7.17   6.90   6.49   6.41   6.27
   311   6.02   5.87   5.71   5.57   5.41   5.27   5.69   6.01   6.38   7.12   8.04   8.43   8.96   8.97   8.88   8.11   7.53   7.08   6.81   6.48   6.24   6.07   6.19   6.28
   312   6.25   6.02   6.03   5.85   5.72   5.79   5.76   5.86   6.34   6.77   7.20   7.73   7.67   7.73   7.58   7.36   7.14   6.71   6.41   6.27   6.41   6.42   6.37   6.32
   313   5.94   5.71   5.64   5.52   5.24   5.08   5.05   5.19   5.36   5.88   6.62   7.13   7.31   7.33   7.08   6.64   6.04   5.54   5.32   5.37   5.59   5.73   5.55   5.10
   314   4.91   4.64   4.62   4.43   4.18   3.73   3.81   3.83   4.24   5.06   6.21   6.74   7.14   7.00   6.82   6.38   5.84   5.44   5.14   5.05   4.69   4.39   4.23   4.04
   315   3.96   4.96   3.51   3.46   3.61   3.58   3.68   3.83   4.37   5.35   5.87   6.46   7.07   6.88   6.87   6.21   5.82   5.59   5.27   5.18   5.09   4.79   4.71   4.41
   316   4.23   4.13   3.90   3.69   3.62   3.58   3.60   3.68   4.04   4.68   5.57   6.11   6.60   6.79   6.70   6.29   5.89   5.59   5.31   5.06   4.89   4.69   4.14   4.04
   317   3.98   3.84   3.84   3.73   3.79   3.93   4.12   4.11   4.72   5.32   6.07   6.54   6.94   7.09   7.09   6.64   6.14   5.73   5.41   5.33   5.11   4.89   4.87   4.84
   318   4.85   4.78   4.63   4.52   4.44   4.34   4.38   4.32   4.55   4.95   5.83   6.57   7.02   7.17   7.29   7.06   6.69   6.41   6.35   6.31   6.37   6.37   6.38   6.30
   319   6.22   6.11   6.21   5.62   5.93   5.88   5.89   5.97   6.21   7.34   6.83   7.17   7.03   7.17   7.15   7.08   6.65   6.73   6.73   6.65   6.61   6.34   6.31   6.17
   320   6.14   5.97   5.95   5.94   5.87   5.66   5.74   5.92   6.28   6.64   7.68   7.66   8.12   8.09   8.07   7.71   7.46   7.24   6.92   6.44   6.28   6.18   6.02   5.66
   321   6.16   6.12   6.11   5.79   5.68   5.57   5.58   5.76   5.89   6.59   6.72   7.08   7.79   8.07   7.91   7.67   7.37   7.09   6.87   6.86   6.66   6.71   6.56   6.58
   322   6.44   6.31   6.15   6.16   6.11   6.38   6.34   6.40   6.78   6.74   7.78   8.46   8.84   8.98   8.92   8.37   7.97   7.66   7.51   7.33   7.25   7.03   6.88   6.61
   323   6.43   6.29   6.17   5.95   5.83   5.94   5.61   5.76   5.91   5.74   6.82   7.11   7.61   7.57   7.14   6.78   6.33   6.02   5.83   5.97   5.71   5.38   5.21   4.82
   324   4.64   4.63   4.55   4.55   4.37   4.01   3.82   3.62   3.92   4.46   5.38   5.79   6.12   6.13   5.86   5.46   4.94   4.69   4.53   4.46   4.31   3.91   3.86   3.59
   325   3.55   3.67   3.64   3.36   3.29   3.31   3.17   3.22   3.57   3.89   5.11   5.56   6.16   6.33   6.13   5.81   5.51   5.32   5.12   4.56   4.66   5.03   5.32   5.17
   326   4.81   4.77   4.69   4.60   4.36   4.28   4.34   4.43   4.57   5.12   5.83   6.41   6.79   7.17   6.78   6.34   5.99   5.59   6.98   5.78   5.63   5.47   5.48   5.47
   327   5.51   5.40   5.47   5.23   5.17   5.23   5.18   5.08   5.21   5.34   5.98   6.27   6.19   6.14   6.07   5.78   5.48   5.22   4.93   4.92   4.93   4.87   4.87   5.18
   328   5.06   5.17   5.26   5.12   4.84   4.84   4.69   4.73   4.87   5.06   5.35   5.36   5.76   6.07   5.99   5.85   5.75   5.54   5.39   5.31   5.52   5.56   5.48   5.39
   329   5.37   5.15   4.96   4.89   4.86   4.84   4.71   4.68   4.77   4.76   5.69   6.10   6.43   6.31   5.91   5.39   4.96   4.69   4.61   4.58   4.54   4.27   4.12   4.12
   330   3.98   3.71   3.51   3.40   3.18   2.90   2.73   2.74   2.78   3.66   4.11   4.50   4.64   4.88   4.87   4.89   4.94   4.84   4.70   4.43   4.40   4.17   4.24   4.16
   331   3.82   3.68   3.62   3.59   3.48   3.31   3.06   2.92   2.97   3.72   4.09   4.57   5.09   5.14   5.13   4.81   4.47   4.31   4.23   4.28   4.38   4.59   4.51   4.39
   332   4.41   4.36   4.37   4.22   4.23   3.98   4.04   4.02   4.03   4.65   5.30   5.89   6.08   6.38   6.07   5.58   5.08   4.92   4.79   4.64   4.66   4.71   4.64   4.76
   333   4.78   4.76   4.73   4.52   4.57   4.55   4.25   4.13   4.13   4.62   5.30   5.97   6.17   6.17   6.11   5.72   5.35   5.12   5.11   5.06   5.03   4.77   4.79   4.83
   334   4.58   4.25   4.04   3.77   3.67   3.58   3.54   3.48   3.37   3.82   4.37   4.80   5.06   5.01   4.85   4.65   4.36   4.08   3.83   3.79   3.81   3.61   3.54   3.37
   335   3.06   2.78   2.75   2.41   2.33   2.22   2.42   2.34   2.82   3.44   4.02   4.56   5.12   5.05   4.76   4.42   4.07   4.08   3.97   3.86   3.89   3.90   3.78   3.61
   336   3.62   3.21   2.86   2.56   2.38   2.34   2.41   2.26   2.35   2.99   3.62   4.21   4.46   4.51   4.46   3.99   3.64   3.62   3.57   3.48   3.40   2.94   2.79   2.71
   337   2.71   2.58   2.59   2.58   2.44   2.33   2.48   2.52   3.05   3.77   4.23   4.54   4.92   5.03   4.87   4.48   3.83   3.40   3.36   2.93   3.02   3.00   2.85   2.68
   338   2.18   2.14   2.24   2.30   2.44   2.49   2.51   2.45   2.66   3.31   3.99   4.39   4.95   5.23   4.84   4.39   3.88   3.63   3.37   3.23   3.16   3.20   3.23   3.14
   339   2.83   2.82   2.69   2.50   2.46   2.49   2.64   3.11   3.43   3.82   4.53   5.18   5.63   5.56   5.39   4.78   4.41   4.16   3.98   3.76   3.46   3.24   3.29   2.98
   340   2.84   2.81   2.87   2.85   2.92   3.03   3.11   2.95   3.16   3.38   3.86   4.40   4.99   5.00   5.03   4.57   4.33   3.87   3.42   3.34   3.05   2.88   2.82   2.76
   341   2.57   2.60   2.54   2.38   2.01   2.32   2.13   1.87   1.88   2.50   3.07   3.59   3.88   3.84   3.64   3.20   2.87   2.58   2.28   2.05   1.99   1.92   1.77   1.86
   342   1.95   1.93   2.16   2.11   2.06   2.17   2.08   2.06   2.19   2.78   3.37   3.68   3.88   4.01   3.73   3.29   3.08   2.47   2.09   1.71   1.26   1.06   0.92   0.92
   343   1.28   1.40   1.52   1.61   1.82   1.85   2.27   1.89   2.06   2.27   2.79   3.10   3.51   3.56   3.39   3.08   2.64   2.34   2.06   2.29   1.83   1.71   1.72   1.41
   344   1.25   1.18   1.21   1.18   1.26   1.22   1.32   1.12   1.22   1.51   1.97   2.57   2.90   2.94   2.97   2.67   2.49   2.38   2.06   1.82   1.87   1.51   1.44   1.24
   345   1.06   0.98   1.02   0.90   0.79   0.63   0.42   0.28   0.28   0.72   1.48   2.04   2.66   3.04   3.02   2.78   2.50   2.51   2.52   2.57   2.60   2.38   2.24   2.29
   346   2.14   1.97   1.88   1.73   1.92   1.65   1.90   1.95   2.18   2.46   2.96   3.37   3.76   3.91   3.43   3.00   2.78   2.55   2.27   2.12   2.14   2.06   2.12   2.13
   347   2.05   2.04   2.12   2.07   2.16   2.11   2.30   1.94   2.19   2.80   3.23   3.76   4.06   4.06   3.80   3.26   2.94   2.74   2.90   2.62   2.48   2.36   2.39   2.17
   348   2.19   2.42   2.47   2.82   2.27   2.41   2.23   2.25   2.23   2.16   2.66   3.11   3.37   3.49   3.48   3.26   2.90   2.80   2.71   2.68   2.54   2.39   2.33   2.04
   349   1.93   1.87   1.78   1.84   1.60   1.56   1.57   1.49   1.74   2.29   3.05   3.62   4.04   4.25   4.20   3.87   3.62   3.48   3.53   3.52   3.67   3.42   3.38   3.21
   350   3.41   3.51   3.43   3.83   3.69   3.55   3.75   3.84   3.76   3.82   4.24   4.52   6.07   4.93   4.71   4.25   3.93   3.89   3.88   3.86   3.76   3.62   3.70   3.28
   351   3.29   3.31   3.08   3.03   3.12   3.21   3.07   2.88   2.97   3.23   3.85   4.21   4.73   4.71   4.46   4.03   3.96   3.60   3.51   3.41   3.46   3.36   3.30   3.22
   352   3.18   3.18   3.31   3.18   3.06   2.76   2.98   2.99   3.18   3.47   3.68   4.17   4.43   4.46   4.64   4.52   4.48   4.36   4.33   3.96   3.95   3.89   3.85   3.69
   353   3.77   3.74   3.54   3.44   3.36   3.40   3.05   3.07   3.28   3.47   3.74   4.01   4.27   4.19   3.88   3.39   3.15   3.12   3.02   2.92   3.13   3.09   2.90   2.89
   354   2.94   2.79   2.77   2.82   2.79   3.17   3.44   3.60   3.86   4.01   4.36   4.56   4.93   4.92   4.76   4.54   4.34   4.27   4.19   3.97   3.87   3.71   3.52   3.44
   355   3.34   3.12   3.09   2.85   2.72   2.66   2.72   2.87   2.98   3.57   4.22   4.57   4.82   4.95   4.99   4.73   4.76   4.79   4.79   4.76   4.69   4.68   4.41   4.15
   356   3.72   3.66   3.25   2.94   2.69   2.68   2.44   2.54   2.53   2.69   3.14   3.28   3.76   3.99   3.76   3.62   3.27   2.89   2.63   2.64   2.29   2.05   1.77   1.64
   357   1.49   1.79   1.93   1.94   2.01   2.04   1.94   1.70   1.78   2.37   2.97   3.56   4.00   4.13   4.13   4.09   4.11   4.01   4.02   4.00   4.01   3.92   4.03   4.02
   358   3.98   3.94   3.93   4.03   3.99   3.93   3.94   3.94   3.99   3.97   4.21   4.40   4.56   4.65   4.26   3.92   3.63   3.33   2.89   2.64   2.44   2.39   2.26   2.16
   359   2.02   2.07   2.11   1.92   1.97   2.02   1.99   2.12   2.26   2.49   2.81   3.11   3.63   3.95   3.92   3.96   3.86   3.85   3.87   3.86   3.89   3.89   3.74   3.68
   360   3.66   3.68   3.61   3.52   3.65   3.06   3.01   2.96   2.99   3.17   3.59   3.89   4.19   4.30   4.12   3.86   3.65   3.59   3.68   3.69   3.74   3.69   3.66   3.72
   361   4.08   3.94   3.97   3.99   3.90   3.80   3.67   3.62   3.68   3.92   4.39   4.76   4.91   5.21   5.11   4.16   4.18   4.12   4.03   3.83   4.08   4.09   4.31   4.26
   362   4.17   4.26   4.33   4.11   3.86   3.74   3.67   3.76   3.86   4.02   4.43   4.67   5.14   5.63   6.30   6.52   6.92   6.81   6.81   6.83   6.74   6.60   6.52   6.47
   363   6.41   6.35   6.43   6.39   6.23   6.14   6.07   6.00   5.98   6.08   6.23   6.43   6.49   6.48   6.37   6.05   5.56   5.36   5.20   5.19   5.15   5.10   4.81   4.67
   364   4.64   4.48   4.57   4.48   4.53   4.43   4.33   4.13   3.64   4.16   4.56   4.87   4.95   5.01   4.76   4.40   4.11   4.15   4.11   3.75   3.49   3.49   3.33   3.33
   365   2.93   2.73   2.69   2.83   3.25   3.46   3.69   3.69   4.02   4.56   5.14   5.63   6.12   6.35   6.54   6.27   5.92   5.86   5.82   5.79   5.88   5.70   5.73   5.63
