1880 05 01 08 00  36.75    3.06 1004.4          ALGIERS
1880 05 02 08 00  36.75    3.06  999.6          ALGIERS
1880 05 03 08 00  36.75    3.06  997.5          ALGIERS
1880 05 04 08 00  36.75    3.06 1006.9          ALGIERS
1880 05 05 08 00  36.75    3.06 1003.1          ALGIERS
1880 05 06 08 00  36.75    3.06 1003.8          ALGIERS
1880 05 07 08 00  36.75    3.06  998.8          ALGIERS
1880 05 08 08 00  36.75    3.06 1003.1          ALGIERS
1880 05 09 08 00  36.75    3.06 1006.5          ALGIERS
1880 05 10 08 00  36.75    3.06 1007.9          ALGIERS
1880 05 11 08 00  36.75    3.06 1003.8          ALGIERS
1880 05 12 08 00  36.75    3.06 1007.3          ALGIERS
1880 05 13 08 00  36.75    3.06 1012.7          ALGIERS
1880 05 14 08 00  36.75    3.06 1011.1          ALGIERS
1880 05 15 08 00  36.75    3.06 1003.4          ALGIERS
1880 05 16 08 00  36.75    3.06 1000.7          ALGIERS
1880 05 17 08 00  36.75    3.06 1001.4          ALGIERS
1880 05 18 08 00  36.75    3.06 1004.8          ALGIERS
1880 05 19 08 00  36.75    3.06 1002.8          ALGIERS
1880 05 20 08 00  36.75    3.06 1006.9          ALGIERS
1880 05 21 08 00  36.75    3.06 1015.6          ALGIERS
1880 05 22 08 00  36.75    3.06 1019.2          ALGIERS
1880 05 23 08 00  36.75    3.06 1016.7          ALGIERS
1880 05 24 08 00  36.75    3.06 1019.0          ALGIERS
1880 05 25 08 00  36.75    3.06 1017.5          ALGIERS
1880 05 26 08 00  36.75    3.06 1015.6          ALGIERS
1880 05 27 08 00  36.75    3.06 1014.3          ALGIERS
1880 05 28 08 00  36.75    3.06 1017.3          ALGIERS
1880 05 29 08 00  36.75    3.06 1017.5          ALGIERS
1880 05 30 08 00  36.75    3.06 1015.2          ALGIERS
1880 05 31 08 00  36.75    3.06 1011.5          ALGIERS
1880 05 01 08 00  45.80   24.13 1014.8            SIBIU
1880 05 02 08 00  45.80   24.13 1010.9            SIBIU
1880 05 03 08 00  45.80   24.13 1007.5            SIBIU
1880 05 04 08 00  45.80   24.13 1001.8            SIBIU
1880 05 05 08 00  45.80   24.13 1004.3            SIBIU
1880 05 06 08 00  45.80   24.13 1010.0            SIBIU
1880 05 07 08 00  45.80   24.13 1008.7            SIBIU
1880 05 08 08 00  45.80   24.13 1005.2            SIBIU
1880 05 09 08 00  45.80   24.13 1000.3            SIBIU
1880 05 10 08 00  45.80   24.13 1002.0            SIBIU
1880 05 11 08 00  45.80   24.13 1010.1            SIBIU
1880 05 12 08 00  45.80   24.13 1007.3            SIBIU
1880 05 13 08 00  45.80   24.13 1007.5            SIBIU
1880 05 14 08 00  45.80   24.13 1009.1            SIBIU
1880 05 15 08 00  45.80   24.13 1006.1            SIBIU
1880 05 16 08 00  45.80   24.13 1002.8            SIBIU
1880 05 17 08 00  45.80   24.13 1006.3            SIBIU
1880 05 18 08 00  45.80   24.13 1005.6            SIBIU
1880 05 19 08 00  45.80   24.13 1000.3            SIBIU
1880 05 20 08 00  45.80   24.13 1007.1            SIBIU
1880 05 21 08 00  45.80   24.13 1012.8            SIBIU
1880 05 22 08 00  45.80   24.13 1010.7            SIBIU
1880 05 23 08 00  45.80   24.13 1009.7            SIBIU
1880 05 24 08 00  45.80   24.13 1015.7            SIBIU
1880 05 25 08 00  45.80   24.13 1017.2            SIBIU
1880 05 26 08 00  45.80   24.13 1022.8            SIBIU
1880 05 27 08 00  45.80   24.13 1019.6            SIBIU
1880 05 28 08 00  45.80   24.13 1017.2            SIBIU
1880 05 29 08 00  45.80   24.13 1015.9            SIBIU
1880 05 30 08 00  45.80   24.13 1010.8            SIBIU
1880 05 31 08 00  45.80   24.13 1009.6            SIBIU
1880 05 01 08 00  38.72   -9.14 1006.3           LISBON
1880 05 02 08 00  38.72   -9.14 1006.8           LISBON
1880 05 03 08 00  38.72   -9.14 1004.2           LISBON
1880 05 04 08 00  38.72   -9.14 1004.4           LISBON
1880 05 05 08 00  38.72   -9.14 1003.0           LISBON
1880 05 06 08 00  38.72   -9.14 1008.5           LISBON
1880 05 07 08 00  38.72   -9.14 1013.6           LISBON
1880 05 08 08 00  38.72   -9.14 1015.7           LISBON
1880 05 09 08 00  38.72   -9.14 1012.8           LISBON
1880 05 10 08 00  38.72   -9.14 1011.7           LISBON
1880 05 11 08 00  38.72   -9.14 1005.2           LISBON
1880 05 12 08 00  38.72   -9.14 1015.3           LISBON
1880 05 13 08 00  38.72   -9.14 1011.2           LISBON
1880 05 14 08 00  38.72   -9.14 1008.3           LISBON
1880 05 15 08 00  38.72   -9.14 1004.8           LISBON
1880 05 16 08 00  38.72   -9.14  998.8           LISBON
1880 05 17 08 00  38.72   -9.14 1000.0           LISBON
1880 05 18 08 00  38.72   -9.14 1005.9           LISBON
1880 05 19 08 00  38.72   -9.14 1007.6           LISBON
1880 05 20 08 00  38.72   -9.14 1012.0           LISBON
1880 05 21 08 00  38.72   -9.14 1019.6           LISBON
1880 05 22 08 00  38.72   -9.14 1022.0           LISBON
1880 05 23 08 00  38.72   -9.14 1020.1           LISBON
1880 05 24 08 00  38.72   -9.14 1016.9           LISBON
1880 05 25 08 00  38.72   -9.14 1014.0           LISBON
1880 05 26 08 00  38.72   -9.14 1015.9           LISBON
1880 05 27 08 00  38.72   -9.14 1020.6           LISBON
1880 05 28 08 00  38.72   -9.14 1022.4           LISBON
1880 05 29 08 00  38.72   -9.14 1020.1           LISBON
1880 05 30 08 00  38.72   -9.14 1017.5           LISBON
1880 05 31 08 00  38.72   -9.14 1013.6           LISBON
1880 05 01 08 00  45.94   -0.96 1016.9        ROCHEFORT
1880 05 02 08 00  45.94   -0.96 1014.6        ROCHEFORT
1880 05 03 08 00  45.94   -0.96 1006.8        ROCHEFORT
1880 05 04 08 00  45.94   -0.96 1005.1        ROCHEFORT
1880 05 05 08 00  45.94   -0.96 1009.1        ROCHEFORT
1880 05 06 08 00  45.94   -0.96 1009.8        ROCHEFORT
1880 05 07 08 00  45.94   -0.96 1007.5        ROCHEFORT
1880 05 08 08 00  45.94   -0.96 1014.6        ROCHEFORT
1880 05 09 08 00  45.94   -0.96 1015.6        ROCHEFORT
1880 05 10 08 00  45.94   -0.96 1016.9        ROCHEFORT
1880 05 11 08 00  45.94   -0.96 1012.2        ROCHEFORT
1880 05 12 08 00  45.94   -0.96 1004.7        ROCHEFORT
1880 05 13 08 00  45.94   -0.96 1010.8        ROCHEFORT
1880 05 14 08 00  45.94   -0.96 1016.6        ROCHEFORT
1880 05 15 08 00  45.94   -0.96 1011.9        ROCHEFORT
1880 05 16 08 00  45.94   -0.96 1007.8        ROCHEFORT
1880 05 17 08 00  45.94   -0.96 1005.1        ROCHEFORT
1880 05 18 08 00  45.94   -0.96 1009.1        ROCHEFORT
1880 05 19 08 00  45.94   -0.96 1012.2        ROCHEFORT
1880 05 20 08 00  45.94   -0.96 1017.6        ROCHEFORT
1880 05 21 08 00  45.94   -0.96 1021.7        ROCHEFORT
1880 05 22 08 00  45.94   -0.96 1024.4        ROCHEFORT
1880 05 23 08 00  45.94   -0.96 1022.0        ROCHEFORT
1880 05 24 08 00  45.94   -0.96 1023.0        ROCHEFORT
1880 05 25 08 00  45.94   -0.96 1021.7        ROCHEFORT
1880 05 26 08 00  45.94   -0.96 1017.9        ROCHEFORT
1880 05 27 08 00  45.94   -0.96 1013.5        ROCHEFORT
1880 05 28 08 00  45.94   -0.96 1020.0        ROCHEFORT
1880 05 29 08 00  45.94   -0.96 1030.1        ROCHEFORT
1880 05 30 08 00  45.94   -0.96 1028.1        ROCHEFORT
1880 05 31 08 00  45.94   -0.96 1023.0        ROCHEFORT
1880 05 01 08 00  50.38   -4.14 1025.1         PLYMOUTH
1880 05 02 08 00  50.38   -4.14 1011.9         PLYMOUTH
1880 05 03 08 00  50.38   -4.14 1005.8         PLYMOUTH
1880 05 04 08 00  50.38   -4.14 1012.2         PLYMOUTH
1880 05 05 08 00  50.38   -4.14 1018.3         PLYMOUTH
1880 05 06 08 00  50.38   -4.14 1016.6         PLYMOUTH
1880 05 07 08 00  50.38   -4.14 1020.0         PLYMOUTH
1880 05 08 08 00  50.38   -4.14 1019.3         PLYMOUTH
1880 05 09 08 00  50.38   -4.14 1025.1         PLYMOUTH
1880 05 10 08 00  50.38   -4.14 1021.3         PLYMOUTH
1880 05 11 08 00  50.38   -4.14 1012.2         PLYMOUTH
1880 05 12 08 00  50.38   -4.14 1012.9         PLYMOUTH
1880 05 13 08 00  50.38   -4.14 1018.3         PLYMOUTH
1880 05 14 08 00  50.38   -4.14 1018.3         PLYMOUTH
1880 05 15 08 00  50.38   -4.14 1016.3         PLYMOUTH
1880 05 16 08 00  50.38   -4.14 1016.9         PLYMOUTH
1880 05 17 08 00  50.38   -4.14 1020.0         PLYMOUTH
1880 05 18 08 00  50.38   -4.14 1024.7         PLYMOUTH
1880 05 19 08 00  50.38   -4.14 1025.7         PLYMOUTH
1880 05 20 08 00  50.38   -4.14 1023.7         PLYMOUTH
1880 05 21 08 00  50.38   -4.14 1028.1         PLYMOUTH
1880 05 22 08 00  50.38   -4.14 1016.3         PLYMOUTH
1880 05 23 08 00  50.38   -4.14 1017.3         PLYMOUTH
1880 05 24 08 00  50.38   -4.14 1014.9         PLYMOUTH
1880 05 25 08 00  50.38   -4.14 1019.0         PLYMOUTH
1880 05 26 08 00  50.38   -4.14 1014.6         PLYMOUTH
1880 05 27 08 00  50.38   -4.14 1008.5         PLYMOUTH
1880 05 28 08 00  50.38   -4.14 1025.4         PLYMOUTH
1880 05 29 08 00  50.38   -4.14 1033.2         PLYMOUTH
1880 05 30 08 00  50.38   -4.14 1028.8         PLYMOUTH
1880 05 31 08 00  50.38   -4.14 1020.0         PLYMOUTH
1880 05 01 08 00  41.90   12.50 1009.6             ROME
1880 05 02 08 00  41.90   12.50 1002.4             ROME
1880 05 03 08 00  41.90   12.50 1001.9             ROME
1880 05 04 08 00  41.90   12.50 1003.2             ROME
1880 05 05 08 00  41.90   12.50 1010.9             ROME
1880 05 06 08 00  41.90   12.50 1007.6             ROME
1880 05 07 08 00  41.90   12.50 1006.3             ROME
1880 05 08 08 00  41.90   12.50  995.1             ROME
1880 05 09 08 00  41.90   12.50 1000.4             ROME
1880 05 10 08 00  41.90   12.50 1006.7             ROME
1880 05 11 08 00  41.90   12.50 1011.2             ROME
1880 05 12 08 00  41.90   12.50 1006.0             ROME
1880 05 13 08 00  41.90   12.50 1007.3             ROME
1880 05 14 08 00  41.90   12.50 1010.0             ROME
1880 05 15 08 00  41.90   12.50 1010.3             ROME
1880 05 16 08 00  41.90   12.50 1010.3             ROME
1880 05 17 08 00  41.90   12.50 1011.5             ROME
1880 05 18 08 00  41.90   12.50 1003.0             ROME
1880 05 19 08 00  41.90   12.50 1001.4             ROME
1880 05 20 08 00  41.90   12.50 1001.4             ROME
1880 05 21 08 00  41.90   12.50 1007.7             ROME
1880 05 22 08 00  41.90   12.50 1014.7             ROME
1880 05 23 08 00  41.90   12.50 1015.1             ROME
1880 05 24 08 00  41.90   12.50 1022.1             ROME
1880 05 25 08 00  41.90   12.50 1025.7             ROME
1880 05 26 08 00  41.90   12.50 1023.2             ROME
1880 05 27 08 00  41.90   12.50 1018.5             ROME
1880 05 28 08 00  41.90   12.50 1016.7             ROME
1880 05 29 08 00  41.90   12.50 1015.1             ROME
1880 05 30 08 00  41.90   12.50 1010.9             ROME
1880 05 31 08 00  41.90   12.50 1010.8             ROME
1880 05 01 08 00  48.39   -4.49 1022.0            BREST
1880 05 02 08 00  48.39   -4.49 1019.0            BREST
1880 05 03 08 00  48.39   -4.49 1010.5            BREST
1880 05 04 08 00  48.39   -4.49 1004.7            BREST
1880 05 05 08 00  48.39   -4.49 1013.5            BREST
1880 05 06 08 00  48.39   -4.49 1016.3            BREST
1880 05 07 08 00  48.39   -4.49 1017.3            BREST
1880 05 08 08 00  48.39   -4.49 1020.3            BREST
1880 05 09 08 00  48.39   -4.49 1019.3            BREST
1880 05 10 08 00  48.39   -4.49 1022.4            BREST
1880 05 11 08 00  48.39   -4.49 1016.9            BREST
1880 05 12 08 00  48.39   -4.49 1009.1            BREST
1880 05 13 08 00  48.39   -4.49 1013.5            BREST
1880 05 14 08 00  48.39   -4.49 1015.6            BREST
1880 05 15 08 00  48.39   -4.49 1015.2            BREST
1880 05 16 08 00  48.39   -4.49 1012.2            BREST
1880 05 17 08 00  48.39   -4.49 1012.2            BREST
1880 05 18 08 00  48.39   -4.49 1015.2            BREST
1880 05 19 08 00  48.39   -4.49 1022.4            BREST
1880 05 20 08 00  48.39   -4.49 1024.4            BREST
1880 05 21 08 00  48.39   -4.49 1026.4            BREST
1880 05 22 08 00  48.39   -4.49 1026.8            BREST
1880 05 23 08 00  48.39   -4.49 1021.3            BREST
1880 05 24 08 00  48.39   -4.49 1021.0            BREST
1880 05 25 08 00  48.39   -4.49 1021.3            BREST
1880 05 26 08 00  48.39   -4.49 1017.6            BREST
1880 05 27 08 00  48.39   -4.49 1013.2            BREST
1880 05 28 08 00  48.39   -4.49 1021.3            BREST
1880 05 29 08 00  48.39   -4.49 1033.5            BREST
1880 05 30 08 00  48.39   -4.49 1032.5            BREST
1880 05 31 08 00  48.39   -4.49 1024.4            BREST
1880 05 01 08 00  31.20   29.91 1007.1       ALEXANDRIA
1880 05 02 08 00  31.20   29.91 1005.9       ALEXANDRIA
1880 05 03 08 00  31.20   29.91 1009.3       ALEXANDRIA
1880 05 04 08 00  31.20   29.91 1010.3       ALEXANDRIA
1880 05 05 08 00  31.20   29.91 1008.3       ALEXANDRIA
1880 05 06 08 00  31.20   29.91 1006.7       ALEXANDRIA
1880 05 07 08 00  31.20   29.91 1008.4       ALEXANDRIA
1880 05 08 08 00  31.20   29.91 1009.1       ALEXANDRIA
1880 05 09 08 00  31.20   29.91 1007.7       ALEXANDRIA
1880 05 10 08 00  31.20   29.91 1011.9       ALEXANDRIA
1880 05 11 08 00  31.20   29.91 1011.5       ALEXANDRIA
1880 05 12 08 00  31.20   29.91 1009.3       ALEXANDRIA
1880 05 13 08 00  31.20   29.91 1006.4       ALEXANDRIA
1880 05 14 08 00  31.20   29.91 1001.8       ALEXANDRIA
1880 05 15 08 00  31.20   29.91 1007.9       ALEXANDRIA
1880 05 16 08 00  31.20   29.91 1009.1       ALEXANDRIA
1880 05 17 08 00  31.20   29.91 1012.1       ALEXANDRIA
1880 05 18 08 00  31.20   29.91 1012.8       ALEXANDRIA
1880 05 19 08 00  31.20   29.91 1011.5       ALEXANDRIA
1880 05 20 08 00  31.20   29.91 1010.3       ALEXANDRIA
1880 05 21 08 00  31.20   29.91 1006.8       ALEXANDRIA
1880 05 22 08 00  31.20   29.91 1007.6       ALEXANDRIA
1880 05 23 08 00  31.20   29.91 1007.9       ALEXANDRIA
1880 05 24 08 00  31.20   29.91 1014.5       ALEXANDRIA
1880 05 25 08 00  31.20   29.91 1015.1       ALEXANDRIA
1880 05 26 08 00  31.20   29.91 1013.1       ALEXANDRIA
1880 05 27 08 00  31.20   29.91 1011.3       ALEXANDRIA
1880 05 28 08 00  31.20   29.91 1010.8       ALEXANDRIA
1880 05 29 08 00  31.20   29.91 1010.4       ALEXANDRIA
1880 05 30 08 00  31.20   29.91 1013.1       ALEXANDRIA
1880 05 31 08 00  31.20   29.91 1015.5       ALEXANDRIA
1880 05 01 08 00  34.84    5.75  987.8           BISKRA
1880 05 02 08 00  34.84    5.75  985.7           BISKRA
1880 05 03 08 00  34.84    5.75  982.6           BISKRA
1880 05 04 08 00  34.84    5.75  995.8           BISKRA
1880 05 05 08 00  34.84    5.75  992.0           BISKRA
1880 05 06 08 00  34.84    5.75  988.7           BISKRA
1880 05 07 08 00  34.84    5.75  987.4           BISKRA
1880 05 08 08 00  34.84    5.75  989.3           BISKRA
1880 05 09 08 00  34.84    5.75  996.2           BISKRA
1880 05 10 08 00  34.84    5.75  995.1           BISKRA
1880 05 11 08 00  34.84    5.75  985.8           BISKRA
1880 05 12 08 00  34.84    5.75  994.2           BISKRA
1880 05 13 08 00  34.84    5.75  998.4           BISKRA
1880 05 14 08 00  34.84    5.75  997.8           BISKRA
1880 05 15 08 00  34.84    5.75  996.8           BISKRA
1880 05 16 08 00  34.84    5.75  989.1           BISKRA
1880 05 17 08 00  34.84    5.75  989.1           BISKRA
1880 05 18 08 00  34.84    5.75  989.7           BISKRA
1880 05 19 08 00  34.84    5.75  986.5           BISKRA
1880 05 20 08 00  34.84    5.75  991.6           BISKRA
1880 05 21 08 00  34.84    5.75  997.2           BISKRA
1880 05 22 08 00  34.84    5.75  999.1           BISKRA
1880 05 23 08 00  34.84    5.75 1006.5           BISKRA
1880 05 24 08 00  34.84    5.75 1004.2           BISKRA
1880 05 25 08 00  34.84    5.75 1007.9           BISKRA
1880 05 26 08 00  34.84    5.75 1006.4           BISKRA
1880 05 27 08 00  34.84    5.75 1001.9           BISKRA
1880 05 28 08 00  34.84    5.75 1001.1           BISKRA
1880 05 29 08 00  34.84    5.75 1002.4           BISKRA
1880 05 30 08 00  34.84    5.75  999.2           BISKRA
1880 05 31 08 00  34.84    5.75  998.4           BISKRA
1880 05 01 08 00  45.76    4.84 1014.3            LYONS
1880 05 02 08 00  45.76    4.84 1013.5            LYONS
1880 05 03 08 00  45.76    4.84 1002.7            LYONS
1880 05 04 08 00  45.76    4.84 1005.9            LYONS
1880 05 05 08 00  45.76    4.84 1007.9            LYONS
1880 05 06 08 00  45.76    4.84 1004.3            LYONS
1880 05 07 08 00  45.76    4.84 1003.6            LYONS
1880 05 08 08 00  45.76    4.84 1009.2            LYONS
1880 05 09 08 00  45.76    4.84 1008.9            LYONS
1880 05 10 08 00  45.76    4.84 1009.3            LYONS
1880 05 11 08 00  45.76    4.84 1007.5            LYONS
1880 05 12 08 00  45.76    4.84 1006.4            LYONS
1880 05 13 08 00  45.76    4.84 1011.9            LYONS
1880 05 14 08 00  45.76    4.84 1013.1            LYONS
1880 05 15 08 00  45.76    4.84 1011.1            LYONS
1880 05 16 08 00  45.76    4.84 1008.0            LYONS
1880 05 17 08 00  45.76    4.84 1007.5            LYONS
1880 05 18 08 00  45.76    4.84 1006.7            LYONS
1880 05 19 08 00  45.76    4.84 1008.1            LYONS
1880 05 20 08 00  45.76    4.84 1015.3            LYONS
1880 05 21 08 00  45.76    4.84 1018.5            LYONS
1880 05 22 08 00  45.76    4.84 1018.5            LYONS
1880 05 23 08 00  45.76    4.84 1017.2            LYONS
1880 05 24 08 00  45.76    4.84 1021.6            LYONS
1880 05 25 08 00  45.76    4.84 1021.6            LYONS
1880 05 26 08 00  45.76    4.84 1021.2            LYONS
1880 05 27 08 00  45.76    4.84 1015.2            LYONS
1880 05 28 08 00  45.76    4.84 1021.6            LYONS
1880 05 29 08 00  45.76    4.84 1026.0            LYONS
1880 05 30 08 00  45.76    4.84 1020.5            LYONS
1880 05 31 08 00  45.76    4.84 1016.0            LYONS
1880 05 01 08 00  43.12    5.93 1011.9           TOULON
1880 05 02 08 00  43.12    5.93 1010.8           TOULON
1880 05 03 08 00  43.12    5.93 1004.7           TOULON
1880 05 04 08 00  43.12    5.93 1004.1           TOULON
1880 05 05 08 00  43.12    5.93 1009.8           TOULON
1880 05 06 08 00  43.12    5.93 1008.8           TOULON
1880 05 07 08 00  43.12    5.93 1006.1           TOULON
1880 05 08 08 00  43.12    5.93 1002.4           TOULON
1880 05 09 08 00  43.12    5.93  999.3           TOULON
1880 05 10 08 00  43.12    5.93 1006.1           TOULON
1880 05 11 08 00  43.12    5.93 1010.2           TOULON
1880 05 12 08 00  43.12    5.93 1009.1           TOULON
1880 05 13 08 00  43.12    5.93 1009.5           TOULON
1880 05 14 08 00  43.12    5.93 1013.5           TOULON
1880 05 15 08 00  43.12    5.93 1013.9           TOULON
1880 05 16 08 00  43.12    5.93 1010.5           TOULON
1880 05 17 08 00  43.12    5.93 1008.5           TOULON
1880 05 18 08 00  43.12    5.93 1004.7           TOULON
1880 05 19 08 00  43.12    5.93 1006.1           TOULON
1880 05 20 08 00  43.12    5.93 1008.8           TOULON
1880 05 21 08 00  43.12    5.93 1014.6           TOULON
1880 05 22 08 00  43.12    5.93 1017.6           TOULON
1880 05 23 08 00  43.12    5.93 1012.0           TOULON
1880 05 24 08 00  43.12    5.93 1015.6           TOULON
1880 05 25 08 00  43.12    5.93 1025.1           TOULON
1880 05 26 08 00  43.12    5.93 1013.9           TOULON
1880 05 27 08 00  43.12    5.93 1023.7           TOULON
1880 05 28 08 00  43.12    5.93 1019.3           TOULON
1880 05 29 08 00  43.12    5.93 1017.9           TOULON
1880 05 30 08 00  43.12    5.93 1012.9           TOULON
1880 05 31 08 00  43.12    5.93 1011.2           TOULON
1880 05 01 08 00  58.20   -6.30 1018.6        STORNOWAY
1880 05 02 08 00  58.20   -6.30 1007.1        STORNOWAY
1880 05 03 08 00  58.20   -6.30 1012.9        STORNOWAY
1880 05 04 08 00  58.20   -6.30 1021.3        STORNOWAY
1880 05 05 08 00  58.20   -6.30 1020.7        STORNOWAY
1880 05 06 08 00  58.20   -6.30 1021.0        STORNOWAY
1880 05 07 08 00  58.20   -6.30 1023.4        STORNOWAY
1880 05 08 08 00  58.20   -6.30 1022.4        STORNOWAY
1880 05 09 08 00  58.20   -6.30 1028.1        STORNOWAY
1880 05 10 08 00  58.20   -6.30 1025.7        STORNOWAY
1880 05 11 08 00  58.20   -6.30 1025.4        STORNOWAY
1880 05 12 08 00  58.20   -6.30 1025.7        STORNOWAY
1880 05 13 08 00  58.20   -6.30 1027.8        STORNOWAY
1880 05 14 08 00  58.20   -6.30 1028.1        STORNOWAY
1880 05 15 08 00  58.20   -6.30 1029.8        STORNOWAY
1880 05 16 08 00  58.20   -6.30 1027.1        STORNOWAY
1880 05 17 08 00  58.20   -6.30 1027.8        STORNOWAY
1880 05 18 08 00  58.20   -6.30 1026.1        STORNOWAY
1880 05 19 08 00  58.20   -6.30 1019.3        STORNOWAY
1880 05 20 08 00  58.20   -6.30 1023.0        STORNOWAY
1880 05 21 08 00  58.20   -6.30 1017.9        STORNOWAY
1880 05 22 08 00  58.20   -6.30 1003.7        STORNOWAY
1880 05 23 08 00  58.20   -6.30  995.9        STORNOWAY
1880 05 24 08 00  58.20   -6.30  988.1        STORNOWAY
1880 05 25 08 00  58.20   -6.30 1002.0        STORNOWAY
1880 05 26 08 00  58.20   -6.30  993.9        STORNOWAY
1880 05 27 08 00  58.20   -6.30 1005.4        STORNOWAY
1880 05 28 08 00  58.20   -6.30 1012.5        STORNOWAY
1880 05 29 08 00  58.20   -6.30 1026.1        STORNOWAY
1880 05 30 08 00  58.20   -6.30 1015.2        STORNOWAY
1880 05 31 08 00  58.20   -6.30 1017.6        STORNOWAY
1880 05 01 08 00  32.67  -16.92 1014.0          FUNCHAL
1880 05 02 08 00  32.67  -16.92 1012.4          FUNCHAL
1880 05 03 08 00  32.67  -16.92 1009.5          FUNCHAL
1880 05 04 08 00  32.67  -16.92 1008.1          FUNCHAL
1880 05 05 08 00  32.67  -16.92 1011.5          FUNCHAL
1880 05 06 08 00  32.67  -16.92 1016.1          FUNCHAL
1880 05 07 08 00  32.67  -16.92 1021.3          FUNCHAL
1880 05 08 08 00  32.67  -16.92 1020.5          FUNCHAL
1880 05 09 08 00  32.67  -16.92 1017.3          FUNCHAL
1880 05 10 08 00  32.67  -16.92 1013.5          FUNCHAL
1880 05 11 08 00  32.67  -16.92 1014.0          FUNCHAL
1880 05 12 08 00  32.67  -16.92 1011.9          FUNCHAL
1880 05 13 08 00  32.67  -16.92 1006.8          FUNCHAL
1880 05 14 08 00  32.67  -16.92 1007.5          FUNCHAL
1880 05 15 08 00  32.67  -16.92 1001.1          FUNCHAL
1880 05 16 08 00  32.67  -16.92 1000.8          FUNCHAL
1880 05 17 08 00  32.67  -16.92 1003.4          FUNCHAL
1880 05 18 08 00  32.67  -16.92 1007.6          FUNCHAL
1880 05 19 08 00  32.67  -16.92 1008.5          FUNCHAL
1880 05 20 08 00  32.67  -16.92 1013.9          FUNCHAL
1880 05 21 08 00  32.67  -16.92 1018.9          FUNCHAL
1880 05 22 08 00  32.67  -16.92 1019.4          FUNCHAL
1880 05 23 08 00  32.67  -16.92 1016.9          FUNCHAL
1880 05 24 08 00  32.67  -16.92 1011.6          FUNCHAL
1880 05 25 08 00  32.67  -16.92 1012.1          FUNCHAL
1880 05 26 08 00  32.67  -16.92 1016.7          FUNCHAL
1880 05 27 08 00  32.67  -16.92 1020.8          FUNCHAL
1880 05 28 08 00  32.67  -16.92 1020.8          FUNCHAL
1880 05 29 08 00  32.67  -16.92 1020.1          FUNCHAL
1880 05 30 08 00  32.67  -16.92 1019.2          FUNCHAL
1880 05 31 08 00  32.67  -16.92 1017.8          FUNCHAL
