01 29853 29883 29913 29937 29953 29969 29993 30021 30036 30055 30051 30047 30048 30023 30018 29995 29985 29971 29953 29927 29911 29877 29847 29835
02 29803 29779 29760 29737 29723 29721 29741 29767 29783 29783 29790 29780 29767 29770 29770 29770 29770 29762 29754 29738 29716 29686 29648 29610
03 29557 29503 29450 29366 29308 29230 29184 29176 29186 29198 29246 29322 29357 29370 29394 29396 29400 29398 29382 29352 29338 29322 29310 29312
04 29312 29344 29374 29382 29394 29392 29398 29422 29474 29506 29532 29570 29598 29634 29650 29668 29672 29692 29702 29724 29736 29756 29762 29782
05 29790 29807 29820 29816 29816 29842 29870 29892 29912 29936 29954 29964 29969 29964 29974 29980 29994 30008 30022 30034 30042 30062 30074 30078
06 30088 30099 30114 30130 30136 30154 30160 30168 30178 30192 30204 30207 30196 30182 30189 30189 30182 30178 30174 30168 30148 30126 30109 30096
07 30068 30050 30031 29994 29964 29942 29920 29901 29896 29876 29861 29828 29796 29762 29752 29736 29710 29690 29664 29634 29620 29590 29564 29540
08 29522 29514 29502 29476 29450 29430 29416 29418 29422 29436 29430 29406 29372 29350 29324 29324 29330 29338 29356 29360 29360 29349 29340 29328
09 29334 29340 29354 29370 29380 29408 29430 29456 29496 29542 29577 29587 29591 29599 29611 29627 29641 29657 29677 29689 29701 29706 29711 29721
10 29715 29717 29719 29729 29735 29743 29755 29771 29795 29811 29832 29836 29842 29840 29846 29866 29876 29900 29920 29920 29924 29916 29916 29918
11 29916 29920 29920 29918 29918 29920 29928 29938 29942 29946 29953 29937 29911 29888 29885 29887 29883 29871 29871 29867 29859 29851 29847 29827
12 29811 29797 29787 29768 29756 29751 29755 29761 29763 29767 29771 29761 29749 29745 29749 29757 29773 29807 29819 29833 29849 29861 29881 29887
13 29889 29899 29901 29906 29917 29923 29943 29965 29971 29985 29981 29970 29949 29935 29927 29923 29911 29909 29915 29913 29907 29911 29901 29885
14 29881 29867 29861 29855 29857 29843 29849 29861 29867 29871 29878 29858 29842 29832 29820 29824 29826 29824 29828 29828 29819 29814 29804 29800
15 29782 29762 29756 29738 29730 29718 29710 29704 29698 29696 29691 29659 29619 29597 29577 29561 29551 29541 29521 29495 29471 29453 29427 29401
16 29369 29335 29303 29265 29229 29189 29157 29113 29093 29123 29172 29182 29188 29188 29198 29218 29240 29255 29282 29298 29304 29304 29304 29304
17 29288 29300 29318 29334 29338 29376 29410 29444 29486 29520 29547 29561 29573 29583 29607 29623 29648 29669 29671 29687 29697 29685 29673 29659
18 29637 29613 29585 29555 29533 29517 29505 29489 29479 29469 29455 29451 29453 29429 29435 29437 29445 29483 29509 29517 29517 29518 29535 29543
19 29531 29513                               29398       29368       29383       29409       29434       29455                   29462            
20                                           29479       29488       29516       29527                                           29758            
21                                           29920       29977 30003 30007 30013 30015 30025 30044 30071 30091 30112 30123 30131 30137 30155 30149
22 30151 30145 30145 30141 30145 30143 30142 30147 30142 30142 30134 30114 30088 30068 30050 30038 30038 30042 30048 30054 30050 30048 30045 30044
23 30041 30043 30046 30052 30052 30066 30080 30098 30106 30118 30133 30122 30116 30102 30092 30096 30100 30106 30100 30102 30098 30098 30102 30103
24 30090 30082 30060 30050 30044 30032 30024 30014 30014 30012 30060 30068 30094 30106 30126 30156 30168 30212 30234 30262 30288 30288 30314 30330
25 30318 30318 30322 30322 30322 30327 30332 30350 30360 30374 30390 30390 30384 30376 30378 30380 30390 30396 30396 30402 30404 30406 30406 30403
26 30386 30372 30368 30358 30356 30356 30360 30366 30370 30370 30366 30352 30336 30328 30316 30316 30312 30318 30314 30318 30323 30322 30328 30328
27 30328 30322 30322 30322 30336 30346 30354 30362 30372 30384 30388 30392 30382 30375 30364 30368 30377 30382 30384 30404 30404 30402 30408 30420
28 30420 30414 30414 30407 30407 30400 30402 30398 30400 30406 30423 30417 30403 30384 30369 30355 30343 30347 30349 30347 30346 30343 30334 30325
29 30317 30309 30291 30271 30263 30261 30255 30255 30255 30253 30250 30236 30214 30194 30186 30186 30180 30184 30184 30178 30172 30168 30165 30168
30 30168 30168 30170 30176 30184 30192 30210 30250 30272 30306 30385 30333 30333 30329 30333 30337 30343 30357 30377 30385 30389 30399 30401 30399
31 30390 30385 30379 30368 30365 30373 30375 30383 30388 30398 30400 30387 30368 30352 30344 30344 30344 30352 30354 30358 30356 30352 30356 30348
