01 30079 30063 30057 30043 30041 30031 30021 30025 30020 30027 30020 30004 29992 29980 29972 29972 29974 29974 29974 29972 29958 29946 29930 29916
02 29884 29866 29850 29824 29802 29776 29770 29758 29744 29726 29711 29695 29687 29687 29685 29683 29696 29723 29737 29758 29761 29768 29791 29799
03 29797 29805 29796 29779 29777 29759 29745 29749 29738 29715 29716 29704 29684 29680 29678 29687 29700 29712 29712 29718 29722 29727 29724 29726
04 29726 29714 29716 29724 29724 29722 29746 29749 29750 29746 29752 29744 29722 29704 29694 29694 29684 29678 29682 29666 29658 29662 29664 29664
05 29664 29666 29666 29672 29675 29682 29717 29732 29750 29766 29783 29787 29801 29801 29795 29811 29821 29841 29851 29859 29873 29886 29893 29906
06 29921 29929 29943 29951 29967 29977 29991 30003 30011 30019 30016 30012 30002 29992 29993 29994 30000 29992 29986 29982 29990 29984 30002 29998
07 29992 29995 30004 30020 30036 30050 30067 30082 30110 30122 30128 30132 30137 30134 30140 30142 30158 30162 30170 30180 30170 30168 30172 30166
08 30165 30172 30168 30148 30146 30134 30140 30140 30152 30152 30160 30140 30122 30116 30112 30112 30118 30122 30126 30124 30132 30128 30114 30122
09 30116 30116 30102 30082 30074 30072 30057 30050 30044 30040 30022 30004 29966 29940 29930 29910 29892 29884 29870 29872 29880 29884 29888 29922
10 29938 29948 29950 29952 29970 29990 30000 30026 30032 30056 30066 30064 30068 30078 30084 30098 30110 30114 30134 30140 30134 30142 30146 30130
11 30128 30118 30100 30092 30081 30070 30058 30048 30040 30026 30021 29997 29977 29967 29953 29945 29958 29955 29961 29971 29977 29971 29969 29978
12 29983 29987 29993 29993 29998 30008 30015 30041 30045 30047 30041 30039 30033 30019 30015 30015 30009 30011 29997 29979 29961 29941 29903 29891
13 29861 29833 29813 29801 29801 29803 29818 29827 29853 29863 29872 29870 29870 29878 29890 29904 29924 29950 29972 29992 29996 30002 30002 30010
14 30008 30012 30012 30014 30012 30020 30027 30030 30043 30044 30026 30016 29994 29986 29970 29960 29966 29968 29956 29954 29944 29906 29890 29858
15 29816 29806 29788 29794 29776 29776 29776 29766 29748 29718 29703 29669 29645 29599 29569 29554 29539 29525 29521 29513 29507 29501 29504 29513
16 29519 29529 29525 29527 29533 29541 29553 29552 29554 29541 29513 29477 29439 29396 29363 29358 29357 29366 29379 29408 29433 29445 29453 29455
17 29465 29483 29496 29515 29543 29573 29588 29611 29643 29663 29689 29699 29705 29705 29699 29699 29699 29705 29691 29677 29673 29645 29623 29617
18 29615 29617 29613 29603 29598 29579 29549 29529 29529 29523 29527 29548 29568 29578 29594 29596 29604 29594 29584 29586 29584 29586 29580 29564
19 29556 29550 29552 29538 29526 29508 29486 29476 29456 29484 29474 29484 29484 29488 29491 29508 29532 29546 29546 29561 29586 29616 29648 29672
20 29696 29712 29738 29753 29756 29778 29778 29798 29813 29826 29838 29836 29830 29830 29834 29842 29848 29866 29878 29874 29872 29870 29870 29872
21 29858 29858 29850 29848 29844 29844 29848 29850 29846 29852 29854 29850 29840 29830 29830 29825 29824 29818 29812 29808 29803 29790 29784 29774
22 29762 29748 29724 29702 29694 29673 29670 29673 29668 29660 29650 29640 29630 29624 29618 29618 29626 29635 29648 29661 29678 29688 29698 29712
23 29708 29735 29750 29756 29768 29778 29778 29788 29811 29830 29846 29836 29848 29848 29854 29860 29864 29878 29864 29866 29868 29870 29870 29857
24 29848 29844 29842 29827 29804 29785 29778 29776 29772 29758 29747 29724 29701 29685 29664 29649 29637 29623 29604 29537 29571 29559 29541 29513
25 29492 29471 29454 29441 29423 29409 29401 29389 29381 29371 29363 29348 29358 29369 29385 29391 29375 29395 29415 29423 29433 29433 29447 29461
26 29456 29465 29466 29469 29471 29479 29485 29491 29489 29483 29478 29457 29436 29408 29398 29376 29359 29342 29324 29318 29292 29280 29272 29268
27 29260 29258 29260 29262 29262 29266 29282 29288 29298 29298 29305 29292 29293 29284 29285 29291 29293 29301 29309 29301 29301 29295 29301 29299
28 29285 29275 29269 29254 29239 29231 29219 29203 29193 29181 29163 29130 29101 29068 29032 28990 28954 28918 28870 28824 28780 28716 28674 28603
29 28534 28480 28450 28440 28432 28442 28458 28490 28524 28536 28575 28574 28582 28578 28586 28592 28598 28604 28614 28617 28618 28627 28632 28628
30 28626 28629 28632 28634 28644 28637 28654 28672 28699 28717 28738 28753 28769 28775 28789 28806 28835 28863 28899 28953 28991 29028 29063 29091
