01 29921 29910 29899 29893 29893 29895 29911 29913 29906 29903 29897 29907 29907 29901 29902 29901 29901 29907 29910 29903 29907 29911 29909 29903
02 29893 29881 29859 29844 29833 29829 29817 29807 29797 29787 29779 29775 29763 29747 29735 29729 29713 29711 29712 29729 29747 29763 29775 29777
03 29785 29800 29813 29831 29843 29855 29869 29877 29878 29893 29899 29911 29912 29926 29928 29931 29934 29954 29969 30001 30013 30020 30028 30032
04 30025 30013 30009 29990 29971 29971 29953 29928 29923 29903 29874 29839 29805 29768 29750 29710 29706 29698 29698 29725 29728 29758 29775 29792
05 29817 29819 29815 29815 29842 29840 29832 29829 29820 29800 29797 29775 29737 29711 29669 29626 29589 29565 29553 29559 29573 29589 29603 29614
06 29619 29639 29663 29689 29715 29743 29773 29803 29821 29839 29850 29859 29868 29871 29876 29875 29878 29886 29890 29905 29910 29927 29929 29930
07 29912 29897 29876 29860 29854 29840 29838 29825 29820 29804 29801 29794 29788 29773 29755 29748 29743 29728 29712 29711 29712 29698 29681 29659
08 29638 29612 29616 29618 29619 29618 29617 29619 29619 29618 29620 29646 29624 29623 29634 29651 29660 29672 29687 29711 29725 29745 29756 29760
09 29758 29757 29758 29770 29786 29801 29816 29821 29830 29827 29827 29821 29810 29804 29794 29783 29764 29749 29728 29690 29644 29612 29593 29587
10 29571 29564 29548 29548 29550 29547 29550 29550 29550 29557 29540 29531 29526 29510 29531 29523 29518 29523 29531 29533 29529 29536 29561 29584
11 29602 29618 29636 29650 29661 29670 29670 29675 29681 29692 29697 29700 29700 29709 29712 29712 29726 29727 29734 29748 29752 29752 29751 29751
12 29738 29725 29720 29701 29698 29708 29716 29722 29725 29736 29742 29738 29742 29740 29736 29740 29734 29722 29714 29708 29698 29680 29674 29669
13 29660 29646 29629 29621 29620 29616 29606 29590 29582 29562 29543 29523 29507 29477 29477 29459 29445 29437 29438 29443 29438 29435 29433 29419
14 29403 29386 29371 29373 29378 29386 29398 29413 29434 29448 29468 29488 29514 29542 29562 29583 29614 29648 29671 29705 29738 29772 29790 29802
15 29819 29842 29862 29883 29900 29922 29948 29967 29974 29986 29991 30006 30015 30021 30024 30014 30007 30015 30023 30046 30058 30056 30060 30055
16 30048 30045 30049 30050 30054 30058 30058 30064 30062 30064 30062 30060 30058 30058 30049 30048 30039 30040 30046 30058 30060 30064 30064 30068
17 30076 30085 30090 30092 30104 30126 30138 30148 30150 30154 30152 30151 30156 30153 30150 30160 30162 30167 30180 30194 30196 30216 30226 30234
18       30251 30252 30254 30260 30264 30272 30276 30265 30264 30262 30254 30254 30248 30249 30240 30244 30248 30254 30274 30290 30306 30316 30316
19 30323 30334 30334 30336 30344 30356 30358 30366 30373 30362 30361 30354 30346 30333 30326 30312 30305 30313 30326 30333 30339 30349 30351 30347
20 30347 30348 30341 30347 30357 30363 30381 30387 30383 30371 30362 30350 30337 30324 30321 30317 30316 30319 30333 30351 30363 30377 30380 30385
21 30385 30389 30389 30404 30411 30424 30435 30441 30447 30455 30456 30458 30442 30432 30425 30414 30417 30426 30434 30451 30452 30462 30458 30455
22 30449 30446 30445 30445 30441 30442 30448 30446 30440 30430 30421 30406 30392 30376 30366 30356 30338 30333 30334 30341 30346 30346 30341 30336
23 30336 30325 30319 30312 30305 30312 30314 30313 30312 30304 30297 30294 30279 30267 30260 30258 30265 30275 30288 30311 30319 30326 30324 30325
24 30330 30316 30305 30304 30300 30301 30305 30302 30300 30288 30269 30250 30231 30209 30197 30173 30161 30147 30144 30147 30140 30132 30122 30114
25 30110 30089 30073 30057 30051 30044 30045 30031 30045 30041 30035 30024 30013 29998 29998 29996 29999 30010 30031 30046 30058 30075 30074 30067
26 30068 30058 30059 30055 30052 30061 30065 30067 30068 30061 30045 30036 30024 30018 29998 29975 29963 29963 29957 29964 29953 29947 29936 29921
27 29913 29900 29888 29864 29854 29848 29844 29840 29836 29816 29805 29785 29771 29762 29750 29747 29737 29739 29737 29748 29739 29743 29733 29729
28 29725 29735 29750 29766 29791 29807 29823 29835 29847 29843 29839 29850 29844 29837 29832 29834 29834 29840 29846 29866 29866 29870 29859 29855
29 29844 29838 29832 29808 29784 29776 29764 29750 29740 29726 29722 29705 29704 29693 29718 29734 29743 29762 29783 29809 29826 29844 29854 29864
30 29855 29871 29864 29871 29880 29880 29873 29886 29898 29892 29886 29871 29874 29848 29848 29844 29842 29826 29826 29824 29806 29780 29754 29721
31 29691 29676 29671 29694 29718 29755 29766 29778 29793 29798 29799 29804 29814 29826 29828 29826 29819 29805 29802 29809 29811 29803 29777 29763
