01 29625 29633 29627 29628 29637 29653 29661 29673 29677 29671 29675 29667 29663 29655 29646 29636 29626 29597 29588 29565 29559 29526 29503 29493
02 29457 29435 29403 29383 29365 29365 29387 29393 29401 29401 29395 29391 29397 29397 29401 29393 29396 29409 29439 29463 29493 29511 29531 29543
03 29551 29563 29577 29601 29613 29645 29666 29683 29696 29705 29734 29744 29752 29758 29761 29768 29774 29768 29761 29760 29758 29736 29722 29698
04 29662 29624 29572 29510 29462 29408 29386 29384 29406 29448 29498 29538 29571 29604 29630 29642 29652 29665 29682 29696 29700 29692 29682 29671
05 29640 29612 29570 29532 29506 29458 29410 29372 29316 29278 29254 29238 29250 29264 29276 29289 29318 29346 29376 29424 29454 29478 29496 29524
06 29540 29559 29564 29576 29596 29616 29629 29652 29664 29680 29684 29677 29681 29675 29669 29657 29635 29623 29591 29561 29525 29471 29431 29391
07 29331 29307 29269 29263 29263 29244 29239 29237 29239 29255 29283 29297 29301 29293 29289 29287 29283 29267 29271 29275 29279 29281 29285 29287
08 29281 29275 29279 29281 29289 29289 29287 29289 29297 29291 29321 29323 29331 29333 29345 29369 29382 29407 29431 29472 29509 29529 29539 29542
09 29549 29551 29552 29559 29562 29549 29547 29539 29527 29515 29491 29477 29443 29423 29394 29371 29341 29301 29273 29245 29235 29237 29233 29217
10 29209 29191 29183 29169 29165 29159 29153 29147 29151 29155 29143 29143 29147 29149 29171 29191 29212 29213 29211 29207 29213 29223 29223 29223
11 29239 29245 29261 29285 29307 29321 29337 29352 29362 29377 29394 29398 29391 29398 29394 29395 29401 29402 29410 29424 29428 29422 29414 29404
12 29398 29384 29372 29360 29364 29370 29374 29382 29386 29394 29394 29400 29394 29392 29378 29366 29358 29354 29340 29339 29336 29326 29306 29294
13 29286 29270 29249 29228 29218 29204 29188 29176 29166 29146 29136 29136 29126 29118 29106 29094 29091 29080 29080 29076 29078 29088 29108 29130
14 29144 29146 29151 29168 29190 29226 29258 29282 29306 29338 29361 29391 29417 29433 29473 29493 29521 29541 29571 29599 29615 29627 29637 29637
15 29637 29637 29639 29629 29609 29593 29585 29553 29551 29539 29540 29544 29548 29556 29570 29582 29600 29620 29652 29662 29672 29676 29678 29680
16 29682 29684 29680 29674 29680 29684 29696 29694 29694 29688 29686 29680 29684 29700 29696 29696 29702 29714 29732 29758 29780 29796 29806 29820
17 29828 29840 29842 29850 29858 29882 29890 29922 29914 29916 29914 29914 29928 29930 29924 29924 29930 29930 29932 29936 29936 29924 29906 29886
18 29857 29836 29812 29820 29830 29862 29888 29916 29942 29970 29977 29983 30005 30017 30023 30027 30033 30033 30051 30071 30089 30103 30103 30113
19 30111 30111 30113 30106 30107 30111 30121 30129 30131 30119 30109 30107 30111 30109 30107 30109 30107 30105 30120 30127 30133 30150 30155 30161
20 30159 30153 30149 30159 30169 30189 30195 30195 30209 30215 30217 30221 30225 30227 30221 30221 30231 30239 30251 30267 30275 30275 30277 30277
21 30277 30275 30277 30267 30271 30281 30287 30291 30300 30295 30301 30301 30295 30295 30289 30281 30271 30269 30269 30279 30283 30279 30277 30273
22 30267 30259 30251 30243 30237 30237 30237 30237 30239 30227       30229 30221 30219 30207 30195 30183 30179 30175 30187 30193 30195 30195 30189
23 30177 30165 30161 30155 30155 30158 30156 30165 30171 30167 30169 30160 30157 30140 30133 30121 30115 30111 30111 30109 30117 30117 30119 30109
24 30097 30083 30073 30053 30045 30037 30029 30027 30025 30019 29996 29993 29986 29974 29960 29950 29934 29924 29920 29930 29940 29938 29938 29928
25 29910 29898 29890 29892 29894 29898 29908 29912 29918 29922 29926 29920 29924 29924 29926 29920 29918 29918 29922 29922 29920 29926 29920 29906
26 29888 29884 29868 29866 29848 29844 29834 29831 29838 29820 29798 29781 29773 29757 29733 29711 29691 29673 29659 29645 29623 29603 29575 29549
27 29523 29497 29473 29433 29423 29417 29407 29388 29413 29447 29448 29460 29460 29462 29456 29456 29480 29492 29512 29532 29544 29552 29555 29556
28 29556 29553 29554 29560 29562 29562 29564 29562 29555 29545 29539 29537 29527 29507 29493 29476 29469 29461 29451 29455 29441 29421 29404 29395
29 29375 29366 29361 29346 29349 29351 29361 29369 29377 29384 29382 29382 29400 29402 29410 29425 29423 29433 29450 29470 29475 29478 29475 29474
30 29462 29452 29442 29440 29440 29456 29452 29454 29445 29450 29433 29412 29408 29352 29330 29302 29280 29282 29284 29290 29262 29265 29250 29244
31 29250 29250 29250 29250 29248 29254 29270 29285 29296 29312 29318 29332 29345 29345 29344 29346 29348 29338 29327 29312 29284 29226 29168 29102
