01 29172 29198 29217 29244 29261 29285 29306 29332 29356 29367 29361 29362 29364 29359 29353 29363 29377 29399 29434 29474 29523 29572 29599 29619
02 29644 29659 29676 29687 29699 29727 29744 29757 29777 29791 29798 29799 29802 29796 29804 29802 29807 29817 29818 29812 29804 29802 29804 29797
03 29788 29774 29754 29728 29709 29689 29677 29682 29682 29684 29688 29637 29699 29703 29733 29766 29776 29801 29810 29823 29816 29823 29818 29806
04 29796 29776 29746 29718 29696 29663 29633 29591 29529 29470 29416 29377 29334 29284 29247 29239 29239 29249 29256 29293 29319 29319 29324 29329
05 29322 29312 29289 29272 29244 29219 29199 29182 29208 29206 29216 29206 29201 29184 29176 29170 29148 29144 29133 29138 29134 29130 29134 29130
06 29114 29121 29114 29114 29119 29115 29111 29111 29113 29113 29100 29091 29081 29070 29058 29061 29066 29076 29088 29110 29124 29128 29140 29153
07 29171 29185 29189 29214 29224 29220 29204 29198 29214 29251 29285 29324 29366 29403 29414 29424 29439 29461 29476 29524 29548 29570 29603 29621
08 29626 29616 29604 29600 29584 29551 29520 29501 29470 29439 29398 29337 29275 29223 29175 29132 29092 29077 29068 29037 29028 29031 29033 29042
09 29057 29071 29082 29101 29113 29121 29141 29175 29193 29214 29247 29265 29283 29306 29330 29346 29373 29390 29418 29447 29468 29475 29479 29498
10 29506 29511 29516 29515 29512 29508 29517 29533 29543 29553 29543 29541 29538 29520 29520 29513 29503 29490 29446 29402 29350 29302 29246 29191
11 29135 29098 29032 28983 28916 28873 28833 28798 28763 28745 28725 28703 28690 28686 28700 28727 28756 28790 28821 28864 28896 28926 28960 28990
12 29017 29045 29069 29090 29114 29144 29172 29196 29237 29276 29278 29300 29318 29338 29353 29375 29412 29427 29448 29455 29465 29470 29488 29504
13 29512 29531 29548 29554 29574 29588 29608 29632 29662 29674 29688 29707 29711 29731 29746 29760 29793 29811 29828 29847 29880 29885 29898 29915
14 29923 29945 29940 29951 29961 29980 29995 29998 29998 30007 30012 30014 30017 30020 30034 30032 30032 30037 30047 30036 30040 30030 30024 30016
15 30004 30000 29995 29987 29985 29977 29974 29960 29952 29942       29880 29848 29816 29788 29769 29746 29718 29688 29666 29644 29639 29634 29649
16 29663 29696 29721 29744 29761 29796 29829 29868 29904 29929 29962 29973 29983 30009 30027 30048 30075 30090 30109 30128 30140 30159 30167 30180
17 30190 30197 30204 30218 30227 30239 30249 30259 30278 30276 30285 30270 30266 30263 30246 30254 30239 30246 30230 30213 30191 30151 30144 30101
18 30065 30026 29983 29949 29899 29866 29816 29783 29746 29726 29689 29659 29651 29668 29666 29676 29679 29679 29681 29674 29693 29699 29705 29731
19 29753 29761 29769 29769 29769 29758 29756 29754 29758 29753 29756 29719 29687 29672 29644 29644 29623 29616 29602 29584 29559 29552 29539 29512
20 29494 29479 29459 29444 29436 29429 29416 29401 29384 29363 29344 29348 29351 29348 29379 29391 29390 29403 29417 29420 29412 29423 29429 29419
21 29412 29397 29384 29382 29377 29364 29357 29364 29373 29389 29406 29416 29444 29466 29491 29519 29533 29569 29604 29626 29641 29653 29651 29656
22 29668 29681 29696 29696 29713 29725 29729 29741 29754 29771 29775 29777 29782 29786 29799 29805 29814 29830 29836 29840 29860 29856 29860 29857
23 29850 29847 29840 29827 29822 29822 29817 29804 29810 29804 29785 29762 29749 29727 29717 29697 29681 29665 29647 29635 29620 29601 29585 29567
24 29546 29529 29511 29500 29481 29466 29462 29462 29467 29472 29464 29457 29452 29447 29447 29454 29452 29457 29463 29469 29471 29479 29483 29496
25 29506 29513 29519 29531 29537 29539 29552 29569 29583 29599 29619 29613 29619 29622 29630 29638 29645 29653 29663 29663 29665 29665 29670 29673
26 29683 29689 29694 29703 29707 29713 29729 29749 29773 29790 29800 29803 29817 29832 29845 29869 29885 29898 29905 29910 29927 29938 29953 29953
27 29953 29963 29959 29962 29965 29965 29973 29973 29974 29984       29996 29990 29990 30009 30015 30023 30032 30045 30053 30073 30073 30075 30073
28 30072 30075 30067 30069 30063 30048 30053 30065 30067 30078 30083 30075 30065 30077 30082 30087 30093 30100 30109 30119 30128 30125 30122 30118
29 30110 30165 30107 30093 30089 30103 30123 30150 30175 30189 30204 30208 30208 30214 30228 30234 30260 30273 30279 30289 30298 30306 30313 30314
30 30318 30318 30323 30328 30320 30326 30328 30348 30351 30346 30343 30335 30328 30323 30315 30316 30313 30303 30307 30303 30296 30281 30258 30255
31 30238 30230 30206 30195 30183 30165 30151 30151 30148 30148 30134 30125 30111 30111 30111 30111 30116 30120 30131 30133 30127 30121 30112 30103
