01 30083 30087 30098 30101 30107 30121 30125 30129 30137 30134 30133 30123 30120 30108 30111 30111 30112 30111 30105 30109 30105 30091 30097 30089
02 30078 30062 30045 30035 30019 30020 30003 29994 29971 29963 29950 29933 29929 29918 29927 29924 29924 29923 29938 29958 29967 29969 29982 29996
03 30003 30024 30034 30053 30053 30059 30074 30096 30114 30138 30157 30173 30181 30199 30211 30222 30230 30248 30273 30291 30323 30345 30361 30365
04 30374 30382 30393 30405 30422 30440 30441 30439 30445 30445 30436 30429 30423 30405 30392 30382 30373 30370 30370 30377 30387 30390 30390 30385
05 30379 30365 30356 30345 30343 30343 30337 30318 30306 30290 30279 30256 30233 30209 30187 30177 30161 30151 30153 30153 30159 30159 30154 30131
06 30122 30108 30100 30089 30091 30098 30093 30089 30079 30073 30076 30066 30046 30038 30040 30041 30046 30042 30058 30068 30093 30106 30111 30112
07 30110 30108 30106 30106 30109 30110 30132 30148 30164 30168 30151 30152 30144 30150 30147 30144 30152 30161 30168 30182 30203 30212 30221 30240
08 30236 30230 30223 30224 30237 30237 30247 30244 30244 30242 30231 30217 30207 30185 30181 30169 30167 30164 30165 30170 30190 30189 30179 30172
09 30163 30161 30145 30149 30157 30144 30144 30139 30137 30137 30132 30124 30116 30103 30089 30070 30060 30051 30052 30059 30070 30095 30097 30098
10 30095 30095 30087 30096 30092 30104 30115 30122 30130 30130 30134 30138 30136 30148 30154 30158 30156 30186 30212 30230 30253 30270 30284 30284
11 30281 30284 30280 30276 30271 30269 30258 30246 30220 30191 30161 30138 30112 30090 30074 30066 30054 30050 30056 30074 30095 30124 30165 30208
12 30221 30234 30245 30258 30269 30296 30316 30331 30333 30341 30342 30338 30342 30340 30341 30340 30336 30344 30362 30370 30390 30388 30382 30371
13 30369 30368 30363 30369 30376 30383 30384 30390 30388 30376 30367 30361 30358 30351 30344 30345 30347 30352 30357 30354 30363 30363 30354 30357
14 30348 30347 30342 30343 30350 30363 30369 30363 30359 30362 30360 30368 30368 30369 30368 30379 30388 30405 30416 30435 30459 30478 30487 30494
15 30495 30493 30488 30501 30504 30512 30521 30521 30511 30503 30494 30480 30466 30451 30437 30427 30417 30424 30432 30431 30427 30421 30412 30384
16 30363 30344 30328 30321 30305 30292 30280 30274 30264 30251 30227 30214 30206 30197 30191 30191 30183 30174 30157 30153 30151 30140 30127 30111
17 30103 30091 30087 30086 30071 30074 30067 30079 30079 30091 30106 30102 30104 30112 30104 30114 30116 30129 30145 30164 30184 30201 30206 30210
18 30212 30220 30216 30219 30228 30240 30246 30258 30258 30262 30262 30253 30254 30252 30252 30253 30255 30261 30264 30265 30276 30283 30292 30295
19 30283 30281 30269 30272 30272 30281 30279 30279 30275 30275 30266 30253 30226 30208 30198 30182 30168 30160 30154 30151 30159 30163 30164 30162
20 30158 30152 30150 30150 30157 30161 30162 30167 30165 30158 30168 30167 30167 30162 30152 30138 30129 30126 30121 30131 30133 30133 30124 30109
21 30097 30086 30066 30067 30068 30073 30068 30059 30036 30024 30010 29995 29978 29967 29960 29940 29930 29927 29926 29921 29925 29927 29936 29932
22 29925 29915 29909 29915 29919 29928 29932 29942 29941 29935 29938 29938 29934 29937 29935 29934 29938 29942 29953 29967 29981 29992 29994 29998
23 29998 29994 29989 29991 29991 29994 29992 29994 29989 29980 29972 29966 29954 29947 29945 29931 29920 29909 29907 29901 29903 29898 29895 29887
24 29877 29855 29841 29826 29821 29816 29824 29826 29817 29815 29831 29823 29824 29817 29799 29816 29810 29808 29811 29813 29823 29829 29828 29824
25 29815 29805 29791 29787 29781 29779 29783 29789 29787 29797 29795 29787 29783 29779 29785 29786 29781 29777 29774 29769 29769 29762 29749 29731
26 29705 29680 29657 29653 29645 29637 29633 29632 29619 29619 29625 29616 29612 29612 29601 29593 29589 29581 29593 29600 29598 29597 29599 29599
27 29587 29575 29583 29591 29591 29591 29596 29599 29605 29619 29618 29608 29597 29592 29587 29578 29575 29582 29592 29610 29618 29621 29632 29631
28 29630 29621 29631 29631 29648 29660 29666 29668 29678 29692 29706 29726 29729 29740 29739 29748 29758 29773 29788 29820 29844 29859 29869 29877
29 29878 29878 29884 29904 29908 29916 29924 29924 29928 29923 29924 29929 29932 29915 29901 29875 29861 29851 29849 29851 29855 29855 29865 29855
30 29853 29859 29872 29903 29923 29943 29967 29983 29991 29989 29995 29984 29974 29971 29967 29962 29964 29967 29971 29969 29970 29982 29977 29971
