01 29919 29945 29983 30003 30030 30061 30091 30118 30149 30177 30178 30176 30179 30168 30174 30167 30167 30160 30155 30135 30116 30099 30059 30032
02 29998 29974 29944 29926 29910 29895 29885 29865 29866 29876 29878 29874 29873 29882 29884 29891 29897 29900 29904 29914 29907 29894 29881 29866
03 29820 29788 29747 29694 29647 29594 29553 29495 29443 29379 29327 29254 29221 29230 29269 29362 29438 29475 29497 29507 29501 29487 29471 29462
04 29447 29441 29422 29416 29424 29442 29464 29496 29526 29544 29553 29559 29565 29583 29608 29649 29671 29700 29706 29711 29715 29734 29742 29750
05 29760 29790 29803 29813 29827 29839 29866 29910 29943 29984 30001 30028 30043 30062 30089 30103 30125 30140 30165 30184 30207 30226 30232 30246
06 30250 30272 30269 30275 30289 30303 30304 30314 30330 30347 30351 30342 30337 30340 30348 30359 30349 30347 30342 30346 30351 30351 30346 30336
07 30325 30322 30311 30285 30272 30259 30252 30245 30240 30233 30217 30179 30158 30141       30116 30100 30077 30075 30059 30060 30048 30022 29997
08 29976 29962 29940 29924 29897 29890 29880 29878 29861 29863 29853 29824 29798 29778 29767 29763 29756 29759 29745 29750 29763 29770 29758 29748
09 29748 29747 29736 29722 29734 29736 29747 29754 29771 29793 29808 29809 29813 29826 29847 29866 29886 29914 29935 29948 29957 29980 29996 30005
10 30009 30012 30008 30016 30004 30022 30030 30036 30048 30060 30055 30036 30022 30020 30017 30024 30026 30029 30045 30058 30067 30077 30084 30079
11 30083 30079 30090 30089 30098 30096 30098 30105 30113 30126 30113 30089 30077 30057 30040 30040 30037 30038 30034 30025 30015 30000 29993 29977
12 29957 29930 29916 29897 29888 29884 29875 29879 29871 29883 29879 29887 29871 29865 29865 29884 29904 29923 29950 29957 29968 30002 30015 30027
13 30024 30035 30049 30055 30068 30089 30095 30123 30137 30142 30129 30108 30088 30069 30068 30065 30054 30041 30043 30036 30033 30028 30012 30008
14 30002 29987 29979 29968 29960 29956 29954 29971 29980 29981 29983 29970 29966 29963 29957 29962 29969 29983 29991 30002 30002 30002 29991 29985
15 29979 29968 29951 29941 29936 29928 29925 29931 29930 29920 29906 29882 29865 29855 29853 29853 29846 29852 29843 29825 29802 29793 29775 29741
16 29708 29693 29660 29633 29614 29586 29566 29542 29519 29490 29460 29413 29357 29331 29298 29274 29266 29330 29364 29386 29405 29426 29434 29448
17 29436 29448 29456 29458 29451 29461 29476 29492 29505 29543 29560 29580 29601 29622 29657 29689 29715 29744 29763 29793 29817 29836 29852 29859
18 29863 29872 29863 29848 29837 29820 29797 29777 29752 29726 29693 29649 29613 29573 29560 29543 29528 29537 29553 29574 29576 29596 29604 29624
19 29627 29637 29658 29667 29655 29645 29641 29645 29658 29662 29636 29600 29607 29584 29619 29651 29649 29670 29685 29691 29682 29680 29679 29675
20 29658 29649 29652 29645 29641 29652 29655 29658 29656 29675 29680 29673 29673 29670 29672 29695 29712 29732 29753 29770 29794 29821 29848 29870
21 29901 29931 29954 29972 29998 30024 30050 30078 30103 30139 30153 30158 30172 30178 30186 30212 30236 30270 30291 30320 30335 30349 30354 30370
22 30378 30378 30381 30385 30390 30406 30421 30432 30433 30439 30436 30424 30413 30390 30376 30363 30356 30349 30331 30331 30323 30304 30289 30275
23 30260 30254 30247 30239 30238 30231 30233 30231 30238 30245 30248 30235 30224 30213 30208 30208 30209 30206 30203 30198 30193 30191 30186 30182
24 30171 30153 30139 30118 30110 30096 30096 30091 30107 30119 30153 30177 30184 30181 30200 30230 30249 30285 30307 30332 30353 30381 30391 30410
25 30424 30441 30458 30465 30467 30482 30479 30500 30517 30524 30534 30522 30520 30515 30520 30520 30525 30535 30530 30541 30541 30536 30536 30537
26 30523 30514 30495 30475 30475 30466 30466 30457 30449 30437 30435 30419 30379 30387 30370 30372 30362 30370 30371 30374 30373 30376 30371 30373
27 30365 30373 30363 30367 30366 30388 30400 30430 30442 30472 30486 30490 30490 30480 30478 30471 30480 30483 30498 30503 30508 30521 30523 30529
28 30532 30531 30537 30527 30517 30514 30523 30532 30540 30540 30540 30538 30530 30520 30515 30505 30496 30494 30495 30496 30496 30495 30491 30477
29 30466 30458 30445 30430 30415 30407 30404 30404 30405 30395 30385 30372 30348 30332 30323 30314 30315 30312 30306 30310 30304 30293 30295 30294
30 30292 30286 30286 30286 30294 30310 30338 30368 30390 30422 30437 30434 30432 30436 30433 30446 30451 30470 30480 30496 30500 30512 30510 30515
31 30500 30495 30496 30495 30494 30501 30504 30509 30511 30515 30512 30500 30482 30470 30469 30466 30464 30472 30472 30469 30470 30479 30480 30477
