1868 12 01 08 00  50.82   -1.09 1007.1       PORTSMOUTH
1868 12 02 08 00  50.82   -1.09 1009.1       PORTSMOUTH
1868 12 03 08 00  50.82   -1.09 1001.4       PORTSMOUTH
1868 12 04 08 00  50.82   -1.09 1004.4       PORTSMOUTH
1868 12 05 08 00  50.82   -1.09 1000.3       PORTSMOUTH
1868 12 06 08 00  50.82   -1.09 1005.4       PORTSMOUTH
1868 12 07 08 00  50.82   -1.09 1013.5       PORTSMOUTH
1868 12 08 08 00  50.82   -1.09 1001.7       PORTSMOUTH
1868 12 09 08 00  50.82   -1.09 1022.4       PORTSMOUTH
1868 12 10 08 00  50.82   -1.09 1017.9       PORTSMOUTH
1868 12 11 08 00  50.82   -1.09  994.2       PORTSMOUTH
1868 12 12 08 00  50.82   -1.09 1013.2       PORTSMOUTH
1868 12 13 08 00  50.82   -1.09 1005.1       PORTSMOUTH
1868 12 14 08 00  50.82   -1.09 1002.4       PORTSMOUTH
1868 12 15 08 00  50.82   -1.09 1000.7       PORTSMOUTH
1868 12 16 08 00  50.82   -1.09  998.6       PORTSMOUTH
1868 12 17 08 00  50.82   -1.09 1012.5       PORTSMOUTH
1868 12 18 08 00  50.82   -1.09 1004.1       PORTSMOUTH
1868 12 19 08 00  50.82   -1.09 1007.5       PORTSMOUTH
1868 12 20 08 00  50.82   -1.09 1002.4       PORTSMOUTH
1868 12 21 08 00  50.82   -1.09  998.0       PORTSMOUTH
1868 12 22 08 00  50.82   -1.09  995.3       PORTSMOUTH
1868 12 23 08 00  50.82   -1.09  987.8       PORTSMOUTH
1868 12 24 08 00  50.82   -1.09  977.0       PORTSMOUTH
1868 12 25 08 00  50.82   -1.09  992.2       PORTSMOUTH
1868 12 26 08 00  50.82   -1.09 1004.7       PORTSMOUTH
1868 12 27 08 00  50.82   -1.09  984.4       PORTSMOUTH
1868 12 28 08 00  50.82   -1.09  997.6       PORTSMOUTH
1868 12 29 08 00  50.82   -1.09  992.9       PORTSMOUTH
1868 12 30 08 00  50.82   -1.09  995.9       PORTSMOUTH
1868 12 31 08 00  50.82   -1.09 1010.2       PORTSMOUTH
1868 12 01 08 00  57.59   -3.87 1002.0            NAIRN
1868 12 02 08 00  57.59   -3.87 1006.4            NAIRN
1868 12 03 08 00  57.59   -3.87  993.6            NAIRN
1868 12 04 08 00  57.59   -3.87  983.1            NAIRN
1868 12 05 08 00  57.59   -3.87  976.0            NAIRN
1868 12 06 08 00  57.59   -3.87  988.5            NAIRN
1868 12 07 08 00  57.59   -3.87  998.0            NAIRN
1868 12 08 08 00  57.59   -3.87 1001.4            NAIRN
1868 12 09 08 00  57.59   -3.87 1020.0            NAIRN
1868 12 10 08 00  57.59   -3.87  991.9            NAIRN
1868 12 11 08 00  57.59   -3.87  986.8            NAIRN
1868 12 12 08 00  57.59   -3.87 1012.9            NAIRN
1868 12 13 08 00  57.59   -3.87 1007.8            NAIRN
1868 12 14 08 00  57.59   -3.87  984.8            NAIRN
1868 12 15 08 00  57.59   -3.87  978.3            NAIRN
1868 12 16 08 00  57.59   -3.87  986.8            NAIRN
1868 12 17 08 00  57.59   -3.87  998.0            NAIRN
1868 12 18 08 00  57.59   -3.87  990.2            NAIRN
1868 12 19 08 00  57.59   -3.87 1005.1            NAIRN
1868 12 20 08 00  57.59   -3.87 1000.0            NAIRN
1868 12 21 08 00  57.59   -3.87  989.8            NAIRN
1868 12 22 08 00  57.59   -3.87  977.3            NAIRN
1868 12 23 08 00  57.59   -3.87  978.0            NAIRN
1868 12 24 08 00  57.59   -3.87  973.6            NAIRN
1868 12 25 08 00  57.59   -3.87  981.0            NAIRN
1868 12 26 08 00  57.59   -3.87  990.2            NAIRN
1868 12 27 08 00  57.59   -3.87  959.4            NAIRN
1868 12 28 08 00  57.59   -3.87  978.3            NAIRN
1868 12 29 08 00  57.59   -3.87  984.1            NAIRN
1868 12 30 08 00  57.59   -3.87  990.5            NAIRN
1868 12 31 08 00  57.59   -3.87 1005.8            NAIRN
1868 12 01 08 00  57.20   -2.20 1006.8         ABERDEEN
1868 12 02 08 00  57.20   -2.20 1007.8         ABERDEEN
1868 12 03 08 00  57.20   -2.20  997.6         ABERDEEN
1868 12 04 08 00  57.20   -2.20  986.8         ABERDEEN
1868 12 05 08 00  57.20   -2.20  980.7         ABERDEEN
1868 12 06 08 00  57.20   -2.20  989.5         ABERDEEN
1868 12 07 08 00  57.20   -2.20  995.9         ABERDEEN
1868 12 08 08 00  57.20   -2.20 1001.4         ABERDEEN
1868 12 09 08 00  57.20   -2.20 1022.0         ABERDEEN
1868 12 10 08 00  57.20   -2.20  997.6         ABERDEEN
1868 12 11 08 00  57.20   -2.20  984.8         ABERDEEN
1868 12 12 08 00  57.20   -2.20 1013.9         ABERDEEN
1868 12 13 08 00  57.20   -2.20 1009.8         ABERDEEN
1868 12 14 08 00  57.20   -2.20  990.2         ABERDEEN
1868 12 15 08 00  57.20   -2.20  983.1         ABERDEEN
1868 12 16 08 00  57.20   -2.20  984.1         ABERDEEN
1868 12 17 08 00  57.20   -2.20  998.0         ABERDEEN
1868 12 18 08 00  57.20   -2.20  993.6         ABERDEEN
1868 12 19 08 00  57.20   -2.20 1004.7         ABERDEEN
1868 12 20 08 00  57.20   -2.20 1001.0         ABERDEEN
1868 12 21 08 00  57.20   -2.20  994.6         ABERDEEN
1868 12 22 08 00  57.20   -2.20  979.3         ABERDEEN
1868 12 23 08 00  57.20   -2.20  980.7         ABERDEEN
1868 12 24 08 00  57.20   -2.20  976.0         ABERDEEN
1868 12 25 08 00  57.20   -2.20  983.7         ABERDEEN
1868 12 26 08 00  57.20   -2.20  993.6         ABERDEEN
1868 12 27 08 00  57.20   -2.20  961.1         ABERDEEN
1868 12 28 08 00  57.20   -2.20  979.3         ABERDEEN
1868 12 29 08 00  57.20   -2.20  987.5         ABERDEEN
1868 12 30 08 00  57.20   -2.20  991.9         ABERDEEN
1868 12 31 08 00  57.20   -2.20 1005.1         ABERDEEN
1868 12 01 08 00  45.94   -0.96 1006.8        ROCHEFORT
1868 12 02 08 00  45.94   -0.96 1011.9        ROCHEFORT
1868 12 03 08 00  45.94   -0.96 1006.4        ROCHEFORT
1868 12 04 08 00  45.94   -0.96 1013.2        ROCHEFORT
1868 12 05 08 00  45.94   -0.96 1013.2        ROCHEFORT
1868 12 06 08 00  45.94   -0.96 1016.9        ROCHEFORT
1868 12 07 08 00  45.94   -0.96 1016.9        ROCHEFORT
1868 12 08 08 00  45.94   -0.96 1015.6        ROCHEFORT
1868 12 09 08 00  45.94   -0.96 1023.7        ROCHEFORT
1868 12 11 08 00  45.94   -0.96 1009.1        ROCHEFORT
1868 12 12 08 00  45.94   -0.96 1013.2        ROCHEFORT
1868 12 13 08 00  45.94   -0.96 1003.7        ROCHEFORT
1868 12 15 08 00  45.94   -0.96 1007.8        ROCHEFORT
1868 12 16 08 00  45.94   -0.96 1009.1        ROCHEFORT
1868 12 17 08 00  45.94   -0.96 1020.3        ROCHEFORT
1868 12 18 08 00  45.94   -0.96 1010.5        ROCHEFORT
1868 12 19 08 00  45.94   -0.96 1014.6        ROCHEFORT
1868 12 20 08 00  45.94   -0.96  999.7        ROCHEFORT
1868 12 21 08 00  45.94   -0.96 1010.5        ROCHEFORT
1868 12 22 08 00  45.94   -0.96 1008.8        ROCHEFORT
1868 12 23 08 00  45.94   -0.96  998.6        ROCHEFORT
1868 12 24 08 00  45.94   -0.96  997.0        ROCHEFORT
1868 12 25 08 00  45.94   -0.96 1001.4        ROCHEFORT
1868 12 26 08 00  45.94   -0.96 1014.6        ROCHEFORT
1868 12 27 08 00  45.94   -0.96 1008.1        ROCHEFORT
1868 12 28 08 00  45.94   -0.96 1013.2        ROCHEFORT
1868 12 29 08 00  45.94   -0.96 1005.1        ROCHEFORT
1868 12 30 08 00  45.94   -0.96 1008.1        ROCHEFORT
1868 12 31 08 00  45.94   -0.96 1016.1        ROCHEFORT
1868 12 01 08 00  53.31   -4.63 1001.0         HOLYHEAD
1868 12 02 08 00  53.31   -4.63 1006.4         HOLYHEAD
1868 12 03 08 00  53.31   -4.63  991.5         HOLYHEAD
1868 12 04 08 00  53.31   -4.63  990.5         HOLYHEAD
1868 12 05 08 00  53.31   -4.63  990.2         HOLYHEAD
1868 12 06 08 00  53.31   -4.63  998.6         HOLYHEAD
1868 12 07 08 00  53.31   -4.63 1005.1         HOLYHEAD
1868 12 08 08 00  53.31   -4.63  992.9         HOLYHEAD
1868 12 09 08 00  53.31   -4.63 1019.3         HOLYHEAD
1868 12 10 08 00  53.31   -4.63 1003.4         HOLYHEAD
1868 12 11 08 00  53.31   -4.63  982.7         HOLYHEAD
1868 12 12 08 00  53.31   -4.63 1011.5         HOLYHEAD
1868 12 13 08 00  53.31   -4.63 1003.0         HOLYHEAD
1868 12 14 08 00  53.31   -4.63  987.8         HOLYHEAD
1868 12 15 08 00  53.31   -4.63  988.5         HOLYHEAD
1868 12 16 08 00  53.31   -4.63  987.8         HOLYHEAD
1868 12 17 08 00  53.31   -4.63 1005.8         HOLYHEAD
1868 12 18 08 00  53.31   -4.63  995.6         HOLYHEAD
1868 12 19 08 00  53.31   -4.63 1004.1         HOLYHEAD
1868 12 20 08 00  53.31   -4.63 1000.0         HOLYHEAD
1868 12 21 08 00  53.31   -4.63  984.8         HOLYHEAD
1868 12 22 08 00  53.31   -4.63  984.4         HOLYHEAD
1868 12 23 08 00  53.31   -4.63  984.4         HOLYHEAD
1868 12 24 08 00  53.31   -4.63  967.5         HOLYHEAD
1868 12 25 08 00  53.31   -4.63  987.5         HOLYHEAD
1868 12 26 08 00  53.31   -4.63  999.0         HOLYHEAD
1868 12 27 08 00  53.31   -4.63  972.6         HOLYHEAD
1868 12 28 08 00  53.31   -4.63  987.5         HOLYHEAD
1868 12 29 08 00  53.31   -4.63  989.5         HOLYHEAD
1868 12 30 08 00  53.31   -4.63  993.2         HOLYHEAD
1868 12 31 08 00  53.31   -4.63 1007.5         HOLYHEAD
1868 12 01 08 00  51.80   -8.30 1000.7      ROCHESPOINT
1868 12 02 08 00  51.80   -8.30 1000.7      ROCHESPOINT
1868 12 03 08 00  51.80   -8.30  988.8      ROCHESPOINT
1868 12 04 08 00  51.80   -8.30  987.1      ROCHESPOINT
1868 12 05 08 00  51.80   -8.30  988.5      ROCHESPOINT
1868 12 06 08 00  51.80   -8.30  997.0      ROCHESPOINT
1868 12 07 08 00  51.80   -8.30 1006.8      ROCHESPOINT
1868 12 08 08 00  51.80   -8.30  989.8      ROCHESPOINT
1868 12 09 08 00  51.80   -8.30 1020.7      ROCHESPOINT
1868 12 10 08 00  51.80   -8.30 1001.0      ROCHESPOINT
1868 12 11 08 00  51.80   -8.30  984.8      ROCHESPOINT
1868 12 12 08 00  51.80   -8.30 1007.1      ROCHESPOINT
1868 12 13 08 00  51.80   -8.30  998.0      ROCHESPOINT
1868 12 14 08 00  51.80   -8.30  979.7      ROCHESPOINT
1868 12 15 08 00  51.80   -8.30  988.1      ROCHESPOINT
1868 12 16 08 00  51.80   -8.30  988.1      ROCHESPOINT
1868 12 17 08 00  51.80   -8.30 1002.0      ROCHESPOINT
1868 12 18 08 00  51.80   -8.30  993.9      ROCHESPOINT
1868 12 19 08 00  51.80   -8.30 1004.7      ROCHESPOINT
1868 12 20 08 00  51.80   -8.30  996.3      ROCHESPOINT
1868 12 21 08 00  51.80   -8.30  984.1      ROCHESPOINT
1868 12 22 08 00  51.80   -8.30  985.8      ROCHESPOINT
1868 12 23 08 00  51.80   -8.30  986.8      ROCHESPOINT
1868 12 24 08 00  51.80   -8.30  974.3      ROCHESPOINT
1868 12 25 08 00  51.80   -8.30  995.6      ROCHESPOINT
1868 12 26 08 00  51.80   -8.30 1002.4      ROCHESPOINT
1868 12 27 08 00  51.80   -8.30  981.7      ROCHESPOINT
1868 12 28 08 00  51.80   -8.30  988.5      ROCHESPOINT
1868 12 29 08 00  51.80   -8.30  989.2      ROCHESPOINT
1868 12 30 08 00  51.80   -8.30  998.3      ROCHESPOINT
1868 12 31 08 00  51.80   -8.30 1012.9      ROCHESPOINT
1868 12 01 08 00  50.38   -4.14 1005.1         PLYMOUTH
1868 12 02 08 00  50.38   -4.14 1008.1         PLYMOUTH
1868 12 03 08 00  50.38   -4.14  998.3         PLYMOUTH
1868 12 04 08 00  50.38   -4.14 1001.0         PLYMOUTH
1868 12 05 08 00  50.38   -4.14  999.7         PLYMOUTH
1868 12 06 08 00  50.38   -4.14 1000.7         PLYMOUTH
1868 12 07 08 00  50.38   -4.14 1013.9         PLYMOUTH
1868 12 08 08 00  50.38   -4.14 1001.0         PLYMOUTH
1868 12 09 08 00  50.38   -4.14 1022.0         PLYMOUTH
1868 12 10 08 00  50.38   -4.14 1014.6         PLYMOUTH
1868 12 11 08 00  50.38   -4.14  991.2         PLYMOUTH
1868 12 12 08 00  50.38   -4.14 1010.2         PLYMOUTH
1868 12 13 08 00  50.38   -4.14 1000.3         PLYMOUTH
1868 12 14 08 00  50.38   -4.14  995.9         PLYMOUTH
1868 12 15 08 00  50.38   -4.14  997.0         PLYMOUTH
1868 12 16 08 00  50.38   -4.14  997.0         PLYMOUTH
1868 12 17 08 00  50.38   -4.14 1011.2         PLYMOUTH
1868 12 18 08 00  50.38   -4.14 1003.0         PLYMOUTH
1868 12 19 08 00  50.38   -4.14 1008.8         PLYMOUTH
1868 12 20 08 00  50.38   -4.14  999.7         PLYMOUTH
1868 12 21 08 00  50.38   -4.14  996.3         PLYMOUTH
1868 12 22 08 00  50.38   -4.14  994.2         PLYMOUTH
1868 12 23 08 00  50.38   -4.14  989.5         PLYMOUTH
1868 12 24 08 00  50.38   -4.14  977.7         PLYMOUTH
1868 12 25 08 00  50.38   -4.14  994.2         PLYMOUTH
1868 12 26 08 00  50.38   -4.14 1007.1         PLYMOUTH
1868 12 27 08 00  50.38   -4.14  988.1         PLYMOUTH
1868 12 28 08 00  50.38   -4.14  998.6         PLYMOUTH
1868 12 29 08 00  50.38   -4.14  990.9         PLYMOUTH
1868 12 30 08 00  50.38   -4.14  995.6         PLYMOUTH
1868 12 31 08 00  50.38   -4.14 1012.5         PLYMOUTH
1868 12 01 08 00  48.39   -4.49 1005.4            BREST
1868 12 02 08 00  48.39   -4.49 1007.1            BREST
1868 12 03 08 00  48.39   -4.49 1000.0            BREST
1868 12 04 08 00  48.39   -4.49 1004.1            BREST
1868 12 05 08 00  48.39   -4.49 1001.0            BREST
1868 12 06 08 00  48.39   -4.49 1006.4            BREST
1868 12 07 08 00  48.39   -4.49 1015.9            BREST
1868 12 08 08 00  48.39   -4.49 1005.4            BREST
1868 12 09 08 00  48.39   -4.49 1022.7            BREST
1868 12 10 08 00  48.39   -4.49 1015.9            BREST
1868 12 11 08 00  48.39   -4.49  995.6            BREST
1868 12 12 08 00  48.39   -4.49 1010.8            BREST
1868 12 13 08 00  48.39   -4.49  997.3            BREST
1868 12 14 08 00  48.39   -4.49  997.3            BREST
1868 12 15 08 00  48.39   -4.49 1001.4            BREST
1868 12 16 08 00  48.39   -4.49 1001.7            BREST
1868 12 17 08 00  48.39   -4.49 1012.2            BREST
1868 12 18 08 00  48.39   -4.49 1005.4            BREST
1868 12 19 08 00  48.39   -4.49 1012.5            BREST
1868 12 20 08 00  48.39   -4.49  994.9            BREST
1868 12 21 08 00  48.39   -4.49 1001.4            BREST
1868 12 22 08 00  48.39   -4.49  998.6            BREST
1868 12 23 08 00  48.39   -4.49  990.9            BREST
1868 12 24 08 00  48.39   -4.49  982.7            BREST
1868 12 25 08 00  48.39   -4.49  997.6            BREST
1868 12 26 08 00  48.39   -4.49 1011.2            BREST
1868 12 27 08 00  48.39   -4.49  997.6            BREST
1868 12 28 08 00  48.39   -4.49 1005.4            BREST
1868 12 30 08 00  48.39   -4.49  998.0            BREST
1868 12 31 08 00  48.39   -4.49  998.0            BREST
1868 12 01 08 00  54.28   -0.40 1009.1      SCARBOROUGH
1868 12 02 08 00  54.28   -0.40 1009.1      SCARBOROUGH
1868 12 03 08 00  54.28   -0.40 1001.0      SCARBOROUGH
1868 12 04 08 00  54.28   -0.40  996.6      SCARBOROUGH
1868 12 05 08 00  54.28   -0.40  990.9      SCARBOROUGH
1868 12 06 08 00  54.28   -0.40  998.0      SCARBOROUGH
1868 12 07 08 00  54.28   -0.40 1002.4      SCARBOROUGH
1868 12 08 08 00  54.28   -0.40  994.6      SCARBOROUGH
1868 12 09 08 00  54.28   -0.40 1021.7      SCARBOROUGH
1868 12 10 08 00  54.28   -0.40 1010.8      SCARBOROUGH
1868 12 11 08 00  54.28   -0.40  984.4      SCARBOROUGH
1868 12 12 08 00  54.28   -0.40 1013.9      SCARBOROUGH
1868 12 13 08 00  54.28   -0.40 1010.2      SCARBOROUGH
1868 12 14 08 00  54.28   -0.40  998.0      SCARBOROUGH
1868 12 15 08 00  54.28   -0.40  992.9      SCARBOROUGH
1868 12 16 08 00  54.28   -0.40  984.4      SCARBOROUGH
1868 12 17 08 00  54.28   -0.40 1002.4      SCARBOROUGH
1868 12 18 08 00  54.28   -0.40  998.3      SCARBOROUGH
1868 12 19 08 00  54.28   -0.40 1002.7      SCARBOROUGH
1868 12 20 08 00  54.28   -0.40 1004.7      SCARBOROUGH
1868 12 21 08 00  54.28   -0.40  998.0      SCARBOROUGH
1868 12 22 08 00  54.28   -0.40  985.4      SCARBOROUGH
1868 12 23 08 00  54.28   -0.40  983.1      SCARBOROUGH
1868 12 24 08 00  54.28   -0.40  973.2      SCARBOROUGH
1868 12 25 08 00  54.28   -0.40  984.1      SCARBOROUGH
1868 12 26 08 00  54.28   -0.40  996.3      SCARBOROUGH
1868 12 27 08 00  54.28   -0.40  968.5      SCARBOROUGH
1868 12 28 08 00  54.28   -0.40  984.1      SCARBOROUGH
1868 12 29 08 00  54.28   -0.40  992.9      SCARBOROUGH
1868 12 30 08 00  54.28   -0.40  993.9      SCARBOROUGH
1868 12 31 08 00  54.28   -0.40 1003.4      SCARBOROUGH
1868 12 01 08 00  53.40   -3.08 1005.1        LIVERPOOL
1868 12 02 08 00  53.40   -3.08 1008.5        LIVERPOOL
1868 12 03 08 00  53.40   -3.08  996.3        LIVERPOOL
1868 12 04 08 00  53.40   -3.08  994.2        LIVERPOOL
1868 12 05 08 00  53.40   -3.08  992.2        LIVERPOOL
1868 12 06 08 00  53.40   -3.08 1000.7        LIVERPOOL
1868 12 07 08 00  53.40   -3.08 1005.4        LIVERPOOL
1868 12 08 08 00  53.40   -3.08  993.6        LIVERPOOL
1868 12 09 08 00  53.40   -3.08 1022.0        LIVERPOOL
1868 12 10 08 00  53.40   -3.08 1006.8        LIVERPOOL
1868 12 11 08 00  53.40   -3.08  984.8        LIVERPOOL
1868 12 12 08 00  53.40   -3.08 1013.5        LIVERPOOL
1868 12 13 08 00  53.40   -3.08 1007.8        LIVERPOOL
1868 12 14 08 00  53.40   -3.08  993.2        LIVERPOOL
1868 12 15 08 00  53.40   -3.08  992.2        LIVERPOOL
1868 12 16 08 00  53.40   -3.08  989.8        LIVERPOOL
1868 12 17 08 00  53.40   -3.08 1006.4        LIVERPOOL
1868 12 18 08 00  53.40   -3.08 1000.7        LIVERPOOL
1868 12 19 08 00  53.40   -3.08 1004.1        LIVERPOOL
1868 12 20 08 00  53.40   -3.08 1003.7        LIVERPOOL
1868 12 21 08 00  53.40   -3.08  990.5        LIVERPOOL
1868 12 22 08 00  53.40   -3.08  986.5        LIVERPOOL
1868 12 23 08 00  53.40   -3.08  984.4        LIVERPOOL
1868 12 24 08 00  53.40   -3.08  970.2        LIVERPOOL
1868 12 25 08 00  53.40   -3.08  984.8        LIVERPOOL
1868 12 26 08 00  53.40   -3.08  998.6        LIVERPOOL
1868 12 27 08 00  53.40   -3.08  972.2        LIVERPOOL
1868 12 28 08 00  53.40   -3.08  988.1        LIVERPOOL
1868 12 29 08 00  53.40   -3.08  990.2        LIVERPOOL
1868 12 30 08 00  53.40   -3.08  993.2        LIVERPOOL
1868 12 31 08 00  53.40   -3.08 1007.1        LIVERPOOL
1868 12 01 08 00  50.12   -5.54 1003.0         PENZANCE
1868 12 02 08 00  50.12   -5.54 1004.1         PENZANCE
1868 12 03 08 00  50.12   -5.54  995.6         PENZANCE
1868 12 04 08 00  50.12   -5.54  997.0         PENZANCE
1868 12 05 08 00  50.12   -5.54  995.9         PENZANCE
1868 12 06 08 00  50.12   -5.54  998.3         PENZANCE
1868 12 07 08 00  50.12   -5.54 1012.5         PENZANCE
1868 12 08 08 00  50.12   -5.54 1000.3         PENZANCE
1868 12 09 08 00  50.12   -5.54 1020.7         PENZANCE
1868 12 10 08 00  50.12   -5.54 1010.8         PENZANCE
1868 12 11 08 00  50.12   -5.54  988.5         PENZANCE
1868 12 12 08 00  50.12   -5.54 1008.5         PENZANCE
1868 12 13 08 00  50.12   -5.54  997.6         PENZANCE
1868 12 14 08 00  50.12   -5.54  990.9         PENZANCE
1868 12 15 08 00  50.12   -5.54  994.9         PENZANCE
1868 12 16 08 00  50.12   -5.54  995.6         PENZANCE
1868 12 17 08 00  50.12   -5.54 1008.8         PENZANCE
1868 12 18 08 00  50.12   -5.54 1000.3         PENZANCE
1868 12 19 08 00  50.12   -5.54 1007.1         PENZANCE
1868 12 20 08 00  50.12   -5.54  995.9         PENZANCE
1868 12 21 08 00  50.12   -5.54  994.2         PENZANCE
1868 12 22 08 00  50.12   -5.54  992.6         PENZANCE
1868 12 23 08 00  50.12   -5.54  988.1         PENZANCE
1868 12 24 08 00  50.12   -5.54  976.0         PENZANCE
1868 12 25 08 00  50.12   -5.54  995.3         PENZANCE
1868 12 26 08 00  50.12   -5.54 1008.1         PENZANCE
1868 12 27 08 00  50.12   -5.54  987.8         PENZANCE
1868 12 28 08 00  50.12   -5.54  997.3         PENZANCE
1868 12 29 08 00  50.12   -5.54  988.5         PENZANCE
1868 12 30 08 00  50.12   -5.54  994.2         PENZANCE
1868 12 31 08 00  50.12   -5.54 1009.5         PENZANCE
1868 12 01 08 00  43.12    5.93 1015.6           TOULON
1868 12 02 08 00  43.12    5.93 1018.3           TOULON
1868 12 03 08 00  43.12    5.93 1017.6           TOULON
1868 12 04 08 00  43.12    5.93 1020.7           TOULON
1868 12 05 08 00  43.12    5.93 1024.0           TOULON
1868 12 07 08 00  43.12    5.93 1024.4           TOULON
1868 12 08 08 00  43.12    5.93 1019.0           TOULON
1868 12 09 08 00  43.12    5.93 1020.3           TOULON
1868 12 10 08 00  43.12    5.93 1020.3           TOULON
1868 12 11 08 00  43.12    5.93 1024.7           TOULON
1868 12 12 08 00  43.12    5.93 1019.3           TOULON
1868 12 13 08 00  43.12    5.93 1014.9           TOULON
1868 12 14 08 00  43.12    5.93 1017.9           TOULON
1868 12 15 08 00  43.12    5.93 1021.7           TOULON
1868 12 16 08 00  43.12    5.93 1017.6           TOULON
1868 12 17 08 00  43.12    5.93 1021.0           TOULON
1868 12 19 08 00  43.12    5.93 1013.9           TOULON
1868 12 20 08 00  43.12    5.93 1011.5           TOULON
1868 12 21 08 00  43.12    5.93 1009.8           TOULON
1868 12 22 08 00  43.12    5.93 1013.9           TOULON
1868 12 23 08 00  43.12    5.93 1006.1           TOULON
1868 12 25 08 00  43.12    5.93 1006.1           TOULON
1868 12 26 08 00  43.12    5.93 1012.9           TOULON
1868 12 27 08 00  43.12    5.93 1016.9           TOULON
1868 12 28 08 00  43.12    5.93 1015.6           TOULON
1868 12 29 08 00  43.12    5.93 1019.0           TOULON
1868 12 30 08 00  43.12    5.93 1014.9           TOULON
1868 12 31 08 00  43.12    5.93 1014.2           TOULON
1868 12 01 08 00  55.20   -6.99  999.7      GREENCASTLE
1868 12 02 08 00  55.20   -6.99 1004.7      GREENCASTLE
1868 12 03 08 00  55.20   -6.99  986.8      GREENCASTLE
1868 12 04 08 00  55.20   -6.99  982.1      GREENCASTLE
1868 12 05 08 00  55.20   -6.99  983.1      GREENCASTLE
1868 12 06 08 00  55.20   -6.99  992.9      GREENCASTLE
1868 12 07 08 00  55.20   -6.99 1000.0      GREENCASTLE
1868 12 08 08 00  55.20   -6.99  996.3      GREENCASTLE
1868 12 09 08 00  55.20   -6.99 1019.6      GREENCASTLE
1868 12 10 08 00  55.20   -6.99  991.9      GREENCASTLE
1868 12 11 08 00  55.20   -6.99  985.4      GREENCASTLE
1868 12 12 08 00  55.20   -6.99 1012.2      GREENCASTLE
1868 12 13 08 00  55.20   -6.99 1001.0      GREENCASTLE
1868 12 14 08 00  55.20   -6.99  979.3      GREENCASTLE
1868 12 15 08 00  55.20   -6.99  982.7      GREENCASTLE
1868 12 16 08 00  55.20   -6.99  984.1      GREENCASTLE
1868 12 18 08 00  55.20   -6.99  991.2      GREENCASTLE
1868 12 19 08 00  55.20   -6.99 1004.1      GREENCASTLE
1868 12 20 08 00  55.20   -6.99 1000.3      GREENCASTLE
1868 12 21 08 00  55.20   -6.99  977.0      GREENCASTLE
1868 12 22 08 00  55.20   -6.99  978.0      GREENCASTLE
1868 12 23 08 00  55.20   -6.99  980.7      GREENCASTLE
1868 12 24 08 00  55.20   -6.99  973.2      GREENCASTLE
1868 12 25 08 00  55.20   -6.99  981.7      GREENCASTLE
1868 12 26 08 00  55.20   -6.99  990.9      GREENCASTLE
1868 12 27 08 00  55.20   -6.99  961.7      GREENCASTLE
1868 12 28 08 00  55.20   -6.99  982.7      GREENCASTLE
1868 12 29 08 00  55.20   -6.99  985.4      GREENCASTLE
1868 12 30 08 00  55.20   -6.99  993.2      GREENCASTLE
1868 12 31 08 00  55.20   -6.99 1010.2      GREENCASTLE
