1857 05 01 09 00  28.29  -16.63 1018.6         TENERIFE
1857 05 02 09 00  28.29  -16.63 1017.6         TENERIFE
1857 05 03 10 00  28.29  -16.63 1017.6         TENERIFE
1857 05 04 12 00  28.29  -16.63 1012.8         TENERIFE
1857 05 05 11 00  28.29  -16.63 1009.9         TENERIFE
1857 05 06 09 00  28.29  -16.63 1014.3         TENERIFE
1857 05 07 09 00  28.29  -16.63 1015.6         TENERIFE
1857 05 08 09 00  28.29  -16.63 1016.1         TENERIFE
1857 05 09 09 00  28.29  -16.63 1013.6         TENERIFE
1857 05 10 10 00  28.29  -16.63 1018.9         TENERIFE
1857 05 11 22 00  28.29  -16.63 1022.7         TENERIFE
1857 05 12 09 00  28.29  -16.63 1021.3         TENERIFE
1857 05 13 09 00  28.29  -16.63 1021.3         TENERIFE
1857 05 14 09 00  28.29  -16.63 1022.0         TENERIFE
1857 05 15 11 00  28.29  -16.63 1021.5         TENERIFE
1857 05 16 09 00  28.29  -16.63 1022.8         TENERIFE
1857 05 17 10 00  28.29  -16.63 1022.9         TENERIFE
1857 05 18 10 00  28.29  -16.63 1023.0         TENERIFE
1857 05 19 09 00  28.29  -16.63 1021.9         TENERIFE
1857 05 20 08 00  28.29  -16.63 1020.6         TENERIFE
1857 05 21 10 00  28.29  -16.63 1020.8         TENERIFE
1857 05 22 11 00  28.29  -16.63 1020.4         TENERIFE
1857 05 23 09 00  28.29  -16.63 1020.3         TENERIFE
1857 05 24 11 00  28.29  -16.63 1017.5         TENERIFE
1857 05 25 10 00  28.29  -16.63 1018.2         TENERIFE
1857 05 26 13 00  28.29  -16.63 1018.5         TENERIFE
1857 05 27 10 00  28.29  -16.63 1020.8         TENERIFE
1857 05 28 22 00  28.29  -16.63 1020.2         TENERIFE
1857 05 29 11 00  28.29  -16.63 1021.0         TENERIFE
1857 05 31 10 00  28.29  -16.63 1022.7         TENERIFE
