1873 05 01 08 00  36.75    3.06 1016.4          ALGIERS
1873 05 02 08 00  36.75    3.06 1009.5          ALGIERS
1873 05 03 08 00  36.75    3.06 1008.3          ALGIERS
1873 05 07 08 00  36.75    3.06 1014.8          ALGIERS
1873 05 08 08 00  36.75    3.06 1014.3          ALGIERS
1873 05 09 08 00  36.75    3.06 1018.2          ALGIERS
1873 05 10 08 00  36.75    3.06 1019.8          ALGIERS
1873 05 12 08 00  36.75    3.06 1020.9          ALGIERS
1873 05 13 08 00  36.75    3.06 1015.6          ALGIERS
1873 05 14 08 00  36.75    3.06 1010.3          ALGIERS
1873 05 18 08 00  36.75    3.06 1010.5          ALGIERS
1873 05 19 08 00  36.75    3.06 1012.8          ALGIERS
1873 05 21 08 00  36.75    3.06 1016.9          ALGIERS
1873 05 24 08 00  36.75    3.06 1020.5          ALGIERS
1873 05 28 08 00  36.75    3.06 1016.4          ALGIERS
1873 05 29 08 00  36.75    3.06 1018.6          ALGIERS
1873 05 30 08 00  36.75    3.06 1016.3          ALGIERS
1873 05 31 08 00  36.75    3.06 1012.0          ALGIERS
1873 05 01 08 00  30.51   47.78 1013.5            BASRA
1873 05 02 08 00  30.51   47.78 1012.1            BASRA
1873 05 03 08 00  30.51   47.78 1012.0            BASRA
1873 05 04 08 00  30.51   47.78 1017.5            BASRA
1873 05 05 08 00  30.51   47.78 1018.8            BASRA
1873 05 06 08 00  30.51   47.78 1017.5            BASRA
1873 05 07 08 00  30.51   47.78 1017.5            BASRA
1873 05 08 08 00  30.51   47.78 1014.8            BASRA
1873 05 09 08 00  30.51   47.78 1014.1            BASRA
1873 05 10 08 00  30.51   47.78 1013.7            BASRA
1873 05 11 08 00  30.51   47.78 1012.1            BASRA
1873 05 12 08 00  30.51   47.78 1013.5            BASRA
1873 05 13 08 00  30.51   47.78 1010.8            BASRA
1873 05 14 08 00  30.51   47.78 1012.5            BASRA
1873 05 15 08 00  30.51   47.78 1014.8            BASRA
1873 05 16 08 00  30.51   47.78 1014.8            BASRA
1873 05 17 08 00  30.51   47.78 1013.5            BASRA
1873 05 18 08 00  30.51   47.78 1016.1            BASRA
1873 05 19 08 00  30.51   47.78 1017.5            BASRA
1873 05 20 08 00  30.51   47.78 1016.5            BASRA
1873 05 21 08 00  30.51   47.78 1017.5            BASRA
1873 05 22 08 00  30.51   47.78 1014.8            BASRA
1873 05 23 08 00  30.51   47.78 1014.8            BASRA
1873 05 24 08 00  30.51   47.78 1014.8            BASRA
1873 05 25 08 00  30.51   47.78 1015.5            BASRA
1873 05 26 08 00  30.51   47.78 1014.5            BASRA
1873 05 27 08 00  30.51   47.78 1020.4            BASRA
1873 05 28 08 00  30.51   47.78 1010.8            BASRA
1873 05 29 08 00  30.51   47.78 1014.8            BASRA
1873 05 30 08 00  30.51   47.78 1009.9            BASRA
1873 05 31 08 00  30.51   47.78 1008.1            BASRA
1873 05 01 08 00  38.66  -27.23 1018.5            ANGRA
1873 05 02 08 00  38.66  -27.23 1016.3            ANGRA
1873 05 03 08 00  38.66  -27.23 1014.1            ANGRA
1873 05 04 08 00  38.66  -27.23 1017.1            ANGRA
1873 05 05 08 00  38.66  -27.23 1017.7            ANGRA
1873 05 06 08 00  38.66  -27.23 1017.7            ANGRA
1873 05 07 08 00  38.66  -27.23 1016.8            ANGRA
1873 05 08 08 00  38.66  -27.23 1013.2            ANGRA
1873 05 09 08 00  38.66  -27.23 1009.1            ANGRA
1873 05 10 08 00  38.66  -27.23 1009.7            ANGRA
1873 05 11 08 00  38.66  -27.23 1007.3            ANGRA
1873 05 12 08 00  38.66  -27.23 1005.3            ANGRA
1873 05 13 08 00  38.66  -27.23  997.2            ANGRA
1873 05 14 08 00  38.66  -27.23  997.9            ANGRA
1873 05 15 08 00  38.66  -27.23 1006.7            ANGRA
1873 05 16 08 00  38.66  -27.23 1010.7            ANGRA
1873 05 17 08 00  38.66  -27.23 1015.9            ANGRA
1873 05 18 08 00  38.66  -27.23 1016.9            ANGRA
1873 05 19 08 00  38.66  -27.23 1017.7            ANGRA
1873 05 20 08 00  38.66  -27.23 1020.9            ANGRA
1873 05 21 08 00  38.66  -27.23 1021.4            ANGRA
1873 05 22 08 00  38.66  -27.23 1020.9            ANGRA
1873 05 23 08 00  38.66  -27.23 1016.1            ANGRA
1873 05 24 08 00  38.66  -27.23 1010.3            ANGRA
1873 05 25 08 00  38.66  -27.23 1018.1            ANGRA
1873 05 26 08 00  38.66  -27.23 1019.6            ANGRA
1873 05 27 08 00  38.66  -27.23 1024.0            ANGRA
1873 05 28 08 00  38.66  -27.23 1011.5            ANGRA
1873 05 29 08 00  38.66  -27.23 1008.0            ANGRA
1873 05 30 08 00  38.66  -27.23 1010.3            ANGRA
1873 05 31 08 00  38.66  -27.23 1005.3            ANGRA
1873 05 01 08 00  38.72   -9.14 1012.8           LISBON
1873 05 02 08 00  38.72   -9.14 1012.7           LISBON
1873 05 03 08 00  38.72   -9.14 1010.0           LISBON
1873 05 04 08 00  38.72   -9.14 1012.8           LISBON
1873 05 05 08 00  38.72   -9.14 1018.2           LISBON
1873 05 06 08 00  38.72   -9.14 1018.6           LISBON
1873 05 07 08 00  38.72   -9.14 1023.0           LISBON
1873 05 08 08 00  38.72   -9.14 1021.6           LISBON
1873 05 09 08 00  38.72   -9.14 1020.0           LISBON
1873 05 10 08 00  38.72   -9.14 1015.6           LISBON
1873 05 11 08 00  38.72   -9.14 1020.0           LISBON
1873 05 12 08 00  38.72   -9.14 1017.1           LISBON
1873 05 13 08 00  38.72   -9.14 1012.1           LISBON
1873 05 14 08 00  38.72   -9.14 1008.3           LISBON
1873 05 15 08 00  38.72   -9.14 1009.6           LISBON
1873 05 16 08 00  38.72   -9.14 1006.1           LISBON
1873 05 17 08 00  38.72   -9.14 1007.5           LISBON
1873 05 18 08 00  38.72   -9.14 1013.2           LISBON
1873 05 19 08 00  38.72   -9.14 1017.7           LISBON
1873 05 20 08 00  38.72   -9.14 1022.6           LISBON
1873 05 21 08 00  38.72   -9.14 1023.0           LISBON
1873 05 22 08 00  38.72   -9.14 1023.3           LISBON
1873 05 23 08 00  38.72   -9.14 1022.4           LISBON
1873 05 24 08 00  38.72   -9.14 1018.1           LISBON
1873 05 25 08 00  38.72   -9.14 1017.7           LISBON
1873 05 26 08 00  38.72   -9.14 1019.2           LISBON
1873 05 27 08 00  38.72   -9.14 1019.4           LISBON
1873 05 28 08 00  38.72   -9.14 1017.7           LISBON
1873 05 29 08 00  38.72   -9.14 1015.6           LISBON
1873 05 30 08 00  38.72   -9.14 1012.1           LISBON
1873 05 31 08 00  38.72   -9.14 1008.9           LISBON
1873 05 01 08 00  57.20   -2.20 1010.5         ABERDEEN
1873 05 02 08 00  57.20   -2.20 1005.8         ABERDEEN
1873 05 03 08 00  57.20   -2.20  999.3         ABERDEEN
1873 05 04 08 00  57.20   -2.20 1004.1         ABERDEEN
1873 05 05 08 00  57.20   -2.20  999.3         ABERDEEN
1873 05 06 08 00  57.20   -2.20  997.0         ABERDEEN
1873 05 07 08 00  57.20   -2.20  997.3         ABERDEEN
1873 05 08 08 00  57.20   -2.20 1011.9         ABERDEEN
1873 05 09 08 00  57.20   -2.20 1008.8         ABERDEEN
1873 05 10 08 00  57.20   -2.20 1015.6         ABERDEEN
1873 05 11 08 00  57.20   -2.20 1010.5         ABERDEEN
1873 05 12 08 00  57.20   -2.20 1017.9         ABERDEEN
1873 05 13 08 00  57.20   -2.20 1023.0         ABERDEEN
1873 05 14 08 00  57.20   -2.20 1023.7         ABERDEEN
1873 05 15 08 00  57.20   -2.20 1020.3         ABERDEEN
1873 05 16 08 00  57.20   -2.20 1017.9         ABERDEEN
1873 05 17 08 00  57.20   -2.20 1012.5         ABERDEEN
1873 05 18 08 00  57.20   -2.20 1011.9         ABERDEEN
1873 05 19 08 00  57.20   -2.20 1014.9         ABERDEEN
1873 05 20 08 00  57.20   -2.20 1020.0         ABERDEEN
1873 05 21 08 00  57.20   -2.20 1007.1         ABERDEEN
1873 05 22 08 00  57.20   -2.20 1008.1         ABERDEEN
1873 05 23 08 00  57.20   -2.20  999.7         ABERDEEN
1873 05 24 08 00  57.20   -2.20 1009.5         ABERDEEN
1873 05 25 08 00  57.20   -2.20 1019.3         ABERDEEN
1873 05 26 08 00  57.20   -2.20 1012.9         ABERDEEN
1873 05 27 08 00  57.20   -2.20 1009.5         ABERDEEN
1873 05 28 08 00  57.20   -2.20 1023.4         ABERDEEN
1873 05 29 08 00  57.20   -2.20 1029.1         ABERDEEN
1873 05 30 08 00  57.20   -2.20 1028.1         ABERDEEN
1873 05 31 08 00  57.20   -2.20 1023.4         ABERDEEN
1873 05 01 08 00  45.94   -0.96 1025.4        ROCHEFORT
1873 05 01 14 00  45.94   -0.96 1029.1        ROCHEFORT
1873 05 02 08 00  45.94   -0.96 1020.0        ROCHEFORT
1873 05 02 14 00  45.94   -0.96 1024.0        ROCHEFORT
1873 05 03 08 00  45.94   -0.96 1014.9        ROCHEFORT
1873 05 03 14 00  45.94   -0.96 1017.3        ROCHEFORT
1873 05 04 08 00  45.94   -0.96 1014.6        ROCHEFORT
1873 05 04 14 00  45.94   -0.96 1015.6        ROCHEFORT
1873 05 05 08 00  45.94   -0.96 1011.2        ROCHEFORT
1873 05 05 14 00  45.94   -0.96 1015.6        ROCHEFORT
1873 05 06 08 00  45.94   -0.96 1007.5        ROCHEFORT
1873 05 07 08 00  45.94   -0.96 1011.9        ROCHEFORT
1873 05 08 08 00  45.94   -0.96 1016.3        ROCHEFORT
1873 05 09 08 00  45.94   -0.96 1021.7        ROCHEFORT
1873 05 10 08 00  45.94   -0.96 1026.4        ROCHEFORT
1873 05 11 08 00  45.94   -0.96 1027.8        ROCHEFORT
1873 05 12 08 00  45.94   -0.96 1022.7        ROCHEFORT
1873 05 13 08 00  45.94   -0.96 1016.3        ROCHEFORT
1873 05 14 08 00  45.94   -0.96 1017.9        ROCHEFORT
1873 05 15 08 00  45.94   -0.96 1011.5        ROCHEFORT
1873 05 16 08 00  45.94   -0.96 1007.8        ROCHEFORT
1873 05 17 08 00  45.94   -0.96 1003.4        ROCHEFORT
1873 05 18 08 00  45.94   -0.96 1003.0        ROCHEFORT
1873 05 19 08 00  45.94   -0.96 1010.2        ROCHEFORT
1873 05 20 08 00  45.94   -0.96 1024.7        ROCHEFORT
1873 05 21 08 00  45.94   -0.96 1024.7        ROCHEFORT
1873 05 22 08 00  45.94   -0.96 1021.0        ROCHEFORT
1873 05 23 08 00  45.94   -0.96 1023.4        ROCHEFORT
1873 05 24 08 00  45.94   -0.96 1024.7        ROCHEFORT
1873 05 25 08 00  45.94   -0.96 1024.7        ROCHEFORT
1873 05 26 08 00  45.94   -0.96 1017.9        ROCHEFORT
1873 05 27 08 00  45.94   -0.96 1024.0        ROCHEFORT
1873 05 28 08 00  45.94   -0.96 1023.7        ROCHEFORT
1873 05 29 08 00  45.94   -0.96 1028.4        ROCHEFORT
1873 05 30 08 00  45.94   -0.96 1024.7        ROCHEFORT
1873 05 31 08 00  45.94   -0.96 1022.0        ROCHEFORT
1873 05 01 08 00  51.80   -8.30 1025.4      ROCHESPOINT
1873 05 02 08 00  51.80   -8.30 1020.0      ROCHESPOINT
1873 05 03 08 00  51.80   -8.30 1014.2      ROCHESPOINT
1873 05 04 08 00  51.80   -8.30 1010.5      ROCHESPOINT
1873 05 05 08 00  51.80   -8.30  993.2      ROCHESPOINT
1873 05 06 08 00  51.80   -8.30 1000.3      ROCHESPOINT
1873 05 07 08 00  51.80   -8.30  995.6      ROCHESPOINT
1873 05 08 08 00  51.80   -8.30 1004.7      ROCHESPOINT
1873 05 09 08 00  51.80   -8.30 1016.6      ROCHESPOINT
1873 05 10 08 00  51.80   -8.30 1017.9      ROCHESPOINT
1873 05 11 08 00  51.80   -8.30 1021.0      ROCHESPOINT
1873 05 12 08 00  51.80   -8.30 1023.0      ROCHESPOINT
1873 05 13 08 00  51.80   -8.30 1021.3      ROCHESPOINT
1873 05 14 08 00  51.80   -8.30 1022.0      ROCHESPOINT
1873 05 15 08 00  51.80   -8.30 1016.6      ROCHESPOINT
1873 05 16 08 00  51.80   -8.30 1011.5      ROCHESPOINT
1873 05 17 08 00  51.80   -8.30  999.7      ROCHESPOINT
1873 05 18 08 00  51.80   -8.30 1007.8      ROCHESPOINT
1873 05 19 08 00  51.80   -8.30 1018.6      ROCHESPOINT
1873 05 20 08 00  51.80   -8.30 1022.7      ROCHESPOINT
1873 05 21 08 00  51.80   -8.30 1015.9      ROCHESPOINT
1873 05 22 08 00  51.80   -8.30 1014.6      ROCHESPOINT
1873 05 23 08 00  51.80   -8.30 1008.8      ROCHESPOINT
1873 05 24 08 00  51.80   -8.30 1025.7      ROCHESPOINT
1873 05 25 08 00  51.80   -8.30 1023.4      ROCHESPOINT
1873 05 26 08 00  51.80   -8.30 1013.5      ROCHESPOINT
1873 05 27 08 00  51.80   -8.30 1009.8      ROCHESPOINT
1873 05 28 08 00  51.80   -8.30 1024.4      ROCHESPOINT
1873 05 29 08 00  51.80   -8.30 1028.8      ROCHESPOINT
1873 05 30 08 00  51.80   -8.30 1026.1      ROCHESPOINT
1873 05 31 08 00  51.80   -8.30 1022.4      ROCHESPOINT
1873 05 01 08 00  50.38   -4.14 1024.0         PLYMOUTH
1873 05 02 08 00  50.38   -4.14 1021.0         PLYMOUTH
1873 05 03 08 00  50.38   -4.14 1011.5         PLYMOUTH
1873 05 04 08 00  50.38   -4.14 1010.5         PLYMOUTH
1873 05 05 08 00  50.38   -4.14  996.6         PLYMOUTH
1873 05 06 08 00  50.38   -4.14 1002.0         PLYMOUTH
1873 05 07 08 00  50.38   -4.14 1001.7         PLYMOUTH
1873 05 08 08 00  50.38   -4.14 1003.7         PLYMOUTH
1873 05 09 08 00  50.38   -4.14 1017.3         PLYMOUTH
1873 05 10 08 00  50.38   -4.14 1020.0         PLYMOUTH
1873 05 11 08 00  50.38   -4.14 1024.4         PLYMOUTH
1873 05 12 08 00  50.38   -4.14 1024.0         PLYMOUTH
1873 05 13 08 00  50.38   -4.14 1020.0         PLYMOUTH
1873 05 14 08 00  50.38   -4.14 1022.7         PLYMOUTH
1873 05 15 08 00  50.38   -4.14 1017.3         PLYMOUTH
1873 05 16 08 00  50.38   -4.14 1011.2         PLYMOUTH
1873 05 17 08 00  50.38   -4.14 1000.7         PLYMOUTH
1873 05 18 08 00  50.38   -4.14 1001.7         PLYMOUTH
1873 05 19 08 00  50.38   -4.14 1014.6         PLYMOUTH
1873 05 20 08 00  50.38   -4.14 1026.8         PLYMOUTH
1873 05 21 08 00  50.38   -4.14 1020.3         PLYMOUTH
1873 05 22 08 00  50.38   -4.14 1017.3         PLYMOUTH
1873 05 23 08 00  50.38   -4.14 1012.5         PLYMOUTH
1873 05 24 08 00  50.38   -4.14 1020.7         PLYMOUTH
1873 05 25 08 00  50.38   -4.14 1025.1         PLYMOUTH
1873 05 26 08 00  50.38   -4.14 1015.9         PLYMOUTH
1873 05 27 08 00  50.38   -4.14 1012.2         PLYMOUTH
1873 05 28 08 00  50.38   -4.14 1022.4         PLYMOUTH
1873 05 29 08 00  50.38   -4.14 1028.4         PLYMOUTH
1873 05 30 08 00  50.38   -4.14 1025.7         PLYMOUTH
1873 05 31 08 00  50.38   -4.14 1023.0         PLYMOUTH
1873 05 01 08 00  41.90   12.50 1016.9             ROME
1873 05 02 08 00  41.90   12.50 1016.3             ROME
1873 05 03 08 00  41.90   12.50 1011.1             ROME
1873 05 04 08 00  41.90   12.50 1003.9             ROME
1873 05 05 08 00  41.90   12.50 1006.8             ROME
1873 05 06 08 00  41.90   12.50 1009.5             ROME
1873 05 07 08 00  41.90   12.50 1006.1             ROME
1873 05 08 08 00  41.90   12.50 1006.7             ROME
1873 05 09 08 00  41.90   12.50 1004.0             ROME
1873 05 10 08 00  41.90   12.50 1009.1             ROME
1873 05 11 08 00  41.90   12.50 1015.3             ROME
1873 05 12 08 00  41.90   12.50 1017.6             ROME
1873 05 13 08 00  41.90   12.50 1012.9             ROME
1873 05 14 08 00  41.90   12.50 1004.8             ROME
1873 05 15 08 00  41.90   12.50 1014.1             ROME
1873 05 16 08 00  41.90   12.50 1015.9             ROME
1873 05 17 08 00  41.90   12.50 1010.8             ROME
1873 05 18 08 00  41.90   12.50 1007.6             ROME
1873 05 19 08 00  41.90   12.50 1010.5             ROME
1873 05 20 08 00  41.90   12.50 1011.6             ROME
1873 05 21 08 00  41.90   12.50 1004.3             ROME
1873 05 22 08 00  41.90   12.50 1010.5             ROME
1873 05 23 08 00  41.90   12.50 1014.0             ROME
1873 05 24 08 00  41.90   12.50 1009.9             ROME
1873 05 25 08 00  41.90   12.50 1009.6             ROME
1873 05 26 08 00  41.90   12.50 1014.7             ROME
1873 05 27 08 00  41.90   12.50 1016.0             ROME
1873 05 28 08 00  41.90   12.50 1009.6             ROME
1873 05 29 08 00  41.90   12.50 1010.1             ROME
1873 05 30 08 00  41.90   12.50 1011.6             ROME
1873 05 31 08 00  41.90   12.50 1010.3             ROME
1873 05 01 08 00  48.39   -4.49 1025.7            BREST
1873 05 02 08 00  48.39   -4.49 1021.3            BREST
1873 05 03 08 00  48.39   -4.49 1015.2            BREST
1873 05 04 08 00  48.39   -4.49 1014.6            BREST
1873 05 05 08 00  48.39   -4.49 1000.3            BREST
1873 05 06 08 00  48.39   -4.49 1004.4            BREST
1873 05 07 08 00  48.39   -4.49 1004.4            BREST
1873 05 08 08 00  48.39   -4.49 1010.2            BREST
1873 05 09 08 00  48.39   -4.49 1020.7            BREST
1873 05 10 08 00  48.39   -4.49 1022.0            BREST
1873 05 11 08 00  48.39   -4.49 1025.7            BREST
1873 05 12 08 00  48.39   -4.49 1024.4            BREST
1873 05 13 08 00  48.39   -4.49 1017.3            BREST
1873 05 14 08 00  48.39   -4.49 1019.3            BREST
1873 05 15 08 00  48.39   -4.49 1013.9            BREST
1873 05 16 08 00  48.39   -4.49 1006.8            BREST
1873 05 17 08 00  48.39   -4.49 1000.3            BREST
1873 05 18 08 00  48.39   -4.49 1000.3            BREST
1873 05 19 08 00  48.39   -4.49 1012.5            BREST
1873 05 20 08 00  48.39   -4.49 1028.1            BREST
1873 05 21 08 00  48.39   -4.49 1023.0            BREST
1873 05 22 08 00  48.39   -4.49 1020.0            BREST
1873 05 23 08 00  48.39   -4.49 1018.3            BREST
1873 05 24 08 00  48.39   -4.49 1023.0            BREST
1873 05 25 08 00  48.39   -4.49 1024.7            BREST
1873 05 26 08 00  48.39   -4.49 1017.9            BREST
1873 05 27 08 00  48.39   -4.49 1016.6            BREST
1873 05 28 08 00  48.39   -4.49 1023.0            BREST
1873 05 29 08 00  48.39   -4.49 1028.4            BREST
1873 05 30 08 00  48.39   -4.49 1026.4            BREST
1873 05 31 08 00  48.39   -4.49 1022.7            BREST
1873 05 01 08 00  45.76    4.84 1025.4            LYONS
1873 05 02 08 00  45.76    4.84 1019.6            LYONS
1873 05 03 08 00  45.76    4.84 1020.7            LYONS
1873 05 04 08 00  45.76    4.84 1012.9            LYONS
1873 05 05 08 00  45.76    4.84 1015.9            LYONS
1873 05 06 08 00  45.76    4.84 1011.2            LYONS
1873 05 07 08 00  45.76    4.84 1015.9            LYONS
1873 05 08 08 00  45.76    4.84 1017.3            LYONS
1873 05 09 08 00  45.76    4.84 1020.0            LYONS
1873 05 10 08 00  45.76    4.84 1025.4            LYONS
1873 05 11 08 00  45.76    4.84 1028.8            LYONS
1873 05 12 08 00  45.76    4.84 1026.8            LYONS
1873 05 13 08 00  45.76    4.84 1020.0            LYONS
1873 05 14 08 00  45.76    4.84 1018.3            LYONS
1873 05 15 08 00  45.76    4.84 1019.3            LYONS
1873 05 16 08 00  45.76    4.84 1013.9            LYONS
1873 05 17 08 00  45.76    4.84 1009.1            LYONS
1873 05 18 08 00  45.76    4.84 1005.4            LYONS
1873 05 19 08 00  45.76    4.84 1009.1            LYONS
1873 05 20 08 00  45.76    4.84 1021.3            LYONS
1873 05 21 08 00  45.76    4.84 1025.4            LYONS
1873 05 22 08 00  45.76    4.84 1022.4            LYONS
1873 05 23 08 00  45.76    4.84 1024.0            LYONS
1873 05 24 08 00  45.76    4.84 1024.7            LYONS
1873 05 25 08 00  45.76    4.84 1025.4            LYONS
1873 05 26 08 00  45.76    4.84 1022.7            LYONS
1873 05 27 08 00  45.76    4.84 1024.0            LYONS
1873 05 28 08 00  45.76    4.84 1014.9            LYONS
1873 05 29 08 00  45.76    4.84 1025.4            LYONS
1873 05 30 08 00  45.76    4.84 1023.0            LYONS
1873 05 31 08 00  45.76    4.84 1021.3            LYONS
1873 05 01 08 00  43.12    5.93 1019.0           TOULON
1873 05 02 08 00  43.12    5.93 1014.2           TOULON
1873 05 03 08 00  43.12    5.93 1011.9           TOULON
1873 05 04 08 00  43.12    5.93 1004.7           TOULON
1873 05 05 08 00  43.12    5.93 1008.8           TOULON
1873 05 06 08 00  43.12    5.93 1009.5           TOULON
1873 05 07 08 00  43.12    5.93 1012.2           TOULON
1873 05 08 08 00  43.12    5.93 1011.5           TOULON
1873 05 09 08 00  43.12    5.93 1010.5           TOULON
1873 05 10 08 00  43.12    5.93 1014.6           TOULON
1873 05 11 08 00  43.12    5.93 1020.3           TOULON
1873 05 12 08 00  43.12    5.93 1022.4           TOULON
1873 05 13 08 00  43.12    5.93 1014.2           TOULON
1873 05 14 08 00  43.12    5.93 1013.5           TOULON
1873 05 15 08 00  43.12    5.93 1013.9           TOULON
1873 05 16 08 00  43.12    5.93 1012.9           TOULON
1873 05 17 08 00  43.12    5.93 1012.2           TOULON
1873 05 18 08 00  43.12    5.93 1006.4           TOULON
1873 05 19 08 00  43.12    5.93 1009.1           TOULON
1873 05 20 08 00  43.12    5.93 1012.5           TOULON
1873 05 21 08 00  43.12    5.93 1011.2           TOULON
1873 05 22 08 00  43.12    5.93 1013.5           TOULON
1873 05 23 08 00  43.12    5.93 1017.3           TOULON
1873 05 24 08 00  43.12    5.93 1013.2           TOULON
1873 05 25 08 00  43.12    5.93 1014.6           TOULON
1873 05 26 08 00  43.12    5.93 1017.9           TOULON
1873 05 27 08 00  43.12    5.93 1016.6           TOULON
1873 05 28 08 00  43.12    5.93 1013.9           TOULON
1873 05 29 08 00  43.12    5.93 1015.6           TOULON
1873 05 30 08 00  43.12    5.93 1012.9           TOULON
1873 05 31 08 00  43.12    5.93 1009.8           TOULON
1873 05 01 08 00  33.31   44.36 1012.8          BAGHDAD
1873 05 02 08 00  33.31   44.36 1010.8          BAGHDAD
1873 05 03 08 00  33.31   44.36 1016.8          BAGHDAD
1873 05 04 08 00  33.31   44.36 1018.8          BAGHDAD
1873 05 05 08 00  33.31   44.36 1018.8          BAGHDAD
1873 05 06 08 00  33.31   44.36 1017.5          BAGHDAD
1873 05 07 08 00  33.31   44.36 1016.8          BAGHDAD
1873 05 08 08 00  33.31   44.36 1016.1          BAGHDAD
1873 05 09 08 00  33.31   44.36 1013.7          BAGHDAD
1873 05 10 08 00  33.31   44.36 1013.5          BAGHDAD
1873 05 11 08 00  33.31   44.36 1011.1          BAGHDAD
1873 05 12 08 00  33.31   44.36 1010.8          BAGHDAD
1873 05 13 08 00  33.31   44.36 1010.1          BAGHDAD
1873 05 14 08 00  33.31   44.36 1012.1          BAGHDAD
1873 05 15 08 00  33.31   44.36 1016.1          BAGHDAD
1873 05 16 08 00  33.31   44.36 1016.8          BAGHDAD
1873 05 17 08 00  33.31   44.36 1012.1          BAGHDAD
1873 05 18 08 00  33.31   44.36 1013.5          BAGHDAD
1873 05 19 08 00  33.31   44.36 1012.8          BAGHDAD
1873 05 20 08 00  33.31   44.36 1010.8          BAGHDAD
1873 05 21 08 00  33.31   44.36 1011.2          BAGHDAD
1873 05 22 08 00  33.31   44.36 1013.5          BAGHDAD
1873 05 23 08 00  33.31   44.36 1010.8          BAGHDAD
1873 05 24 08 00  33.31   44.36 1012.1          BAGHDAD
1873 05 25 08 00  33.31   44.36 1012.9          BAGHDAD
1873 05 26 08 00  33.31   44.36 1012.0          BAGHDAD
1873 05 27 08 00  33.31   44.36 1014.8          BAGHDAD
1873 05 28 08 00  33.31   44.36 1008.1          BAGHDAD
1873 05 29 08 00  33.31   44.36 1009.5          BAGHDAD
1873 05 30 08 00  33.31   44.36 1017.5          BAGHDAD
1873 05 31 08 00  33.31   44.36 1008.1          BAGHDAD
1873 05 01 08 00  58.20   -6.30 1012.5        STORNOWAY
1873 05 02 08 00  58.20   -6.30 1004.1        STORNOWAY
1873 05 03 08 00  58.20   -6.30 1007.8        STORNOWAY
1873 05 04 08 00  58.20   -6.30 1003.0        STORNOWAY
1873 05 05 08 00  58.20   -6.30 1000.0        STORNOWAY
1873 05 06 08 00  58.20   -6.30 1001.4        STORNOWAY
1873 05 07 08 00  58.20   -6.30  999.0        STORNOWAY
1873 05 08 08 00  58.20   -6.30 1002.4        STORNOWAY
1873 05 09 08 00  58.20   -6.30 1007.8        STORNOWAY
1873 05 10 08 00  58.20   -6.30 1015.6        STORNOWAY
1873 05 11 08 00  58.20   -6.30 1011.5        STORNOWAY
1873 05 12 08 00  58.20   -6.30 1021.0        STORNOWAY
1873 05 13 08 00  58.20   -6.30 1026.4        STORNOWAY
1873 05 14 08 00  58.20   -6.30 1025.7        STORNOWAY
1873 05 15 08 00  58.20   -6.30 1022.4        STORNOWAY
1873 05 16 08 00  58.20   -6.30 1019.6        STORNOWAY
1873 05 17 08 00  58.20   -6.30 1013.5        STORNOWAY
1873 05 18 08 00  58.20   -6.30 1013.2        STORNOWAY
1873 05 19 08 00  58.20   -6.30 1016.6        STORNOWAY
1873 05 20 08 00  58.20   -6.30 1013.5        STORNOWAY
1873 05 21 08 00  58.20   -6.30 1003.7        STORNOWAY
1873 05 22 08 00  58.20   -6.30 1007.1        STORNOWAY
1873 05 23 08 00  58.20   -6.30 1000.7        STORNOWAY
1873 05 24 08 00  58.20   -6.30 1009.8        STORNOWAY
1873 05 25 08 00  58.20   -6.30 1021.7        STORNOWAY
1873 05 26 08 00  58.20   -6.30 1009.8        STORNOWAY
1873 05 27 08 00  58.20   -6.30 1011.5        STORNOWAY
1873 05 28 08 00  58.20   -6.30 1023.7        STORNOWAY
1873 05 29 08 00  58.20   -6.30 1029.1        STORNOWAY
1873 05 30 08 00  58.20   -6.30 1026.4        STORNOWAY
1873 05 31 08 00  58.20   -6.30 1023.0        STORNOWAY
1873 05 01 08 00  37.93   40.21 1018.5       DIYARBAKIR
1873 05 02 08 00  37.93   40.21 1014.8       DIYARBAKIR
1873 05 03 08 00  37.93   40.21 1017.5       DIYARBAKIR
1873 05 04 08 00  37.93   40.21 1018.8       DIYARBAKIR
1873 05 05 08 00  37.93   40.21 1020.1       DIYARBAKIR
1873 05 06 08 00  37.93   40.21 1018.8       DIYARBAKIR
1873 05 07 08 00  37.93   40.21 1019.2       DIYARBAKIR
1873 05 08 08 00  37.93   40.21 1021.4       DIYARBAKIR
1873 05 09 08 00  37.93   40.21 1021.4       DIYARBAKIR
1873 05 10 08 00  37.93   40.21 1021.4       DIYARBAKIR
1873 05 11 08 00  37.93   40.21 1022.5       DIYARBAKIR
1873 05 12 08 00  37.93   40.21 1019.0       DIYARBAKIR
1873 05 13 08 00  37.93   40.21 1017.5       DIYARBAKIR
1873 05 14 08 00  37.93   40.21 1017.5       DIYARBAKIR
1873 05 15 08 00  37.93   40.21 1021.4       DIYARBAKIR
1873 05 16 08 00  37.93   40.21 1022.8       DIYARBAKIR
1873 05 17 08 00  37.93   40.21 1018.8       DIYARBAKIR
1873 05 18 08 00  37.93   40.21 1022.8       DIYARBAKIR
1873 05 19 08 00  37.93   40.21 1021.2       DIYARBAKIR
1873 05 20 08 00  37.93   40.21 1019.3       DIYARBAKIR
1873 05 21 08 00  37.93   40.21 1021.4       DIYARBAKIR
1873 05 22 08 00  37.93   40.21 1022.8       DIYARBAKIR
1873 05 23 08 00  37.93   40.21 1023.8       DIYARBAKIR
1873 05 24 08 00  37.93   40.21 1025.4       DIYARBAKIR
1873 05 25 08 00  37.93   40.21 1024.1       DIYARBAKIR
1873 05 26 08 00  37.93   40.21 1021.4       DIYARBAKIR
1873 05 27 08 00  37.93   40.21 1018.5       DIYARBAKIR
1873 05 28 08 00  37.93   40.21 1014.8       DIYARBAKIR
1873 05 29 08 00  37.93   40.21 1016.1       DIYARBAKIR
1873 05 30 08 00  37.93   40.21 1016.4       DIYARBAKIR
1873 05 31 08 00  37.93   40.21 1016.1       DIYARBAKIR
1873 05 01 08 00  32.67  -16.92 1010.0          FUNCHAL
1873 05 02 08 00  32.67  -16.92 1008.1          FUNCHAL
1873 05 05 08 00  32.67  -16.92 1019.6          FUNCHAL
1873 05 06 08 00  32.67  -16.92 1020.6          FUNCHAL
1873 05 07 08 00  32.67  -16.92 1019.4          FUNCHAL
1873 05 08 08 00  32.67  -16.92 1016.7          FUNCHAL
1873 05 09 08 00  32.67  -16.92 1014.3          FUNCHAL
1873 05 10 08 00  32.67  -16.92 1011.9          FUNCHAL
1873 05 11 08 00  32.67  -16.92 1011.6          FUNCHAL
1873 05 12 08 00  32.67  -16.92 1009.3          FUNCHAL
1873 05 13 08 00  32.67  -16.92 1000.2          FUNCHAL
1873 05 14 08 00  32.67  -16.92 1006.0          FUNCHAL
1873 05 15 08 00  32.67  -16.92 1008.0          FUNCHAL
1873 05 16 08 00  32.67  -16.92 1011.6          FUNCHAL
1873 05 17 08 00  32.67  -16.92 1015.7          FUNCHAL
1873 05 18 08 00  32.67  -16.92 1018.4          FUNCHAL
1873 05 19 08 00  32.67  -16.92 1020.4          FUNCHAL
1873 05 20 08 00  32.67  -16.92 1022.0          FUNCHAL
1873 05 21 08 00  32.67  -16.92 1020.5          FUNCHAL
1873 05 22 08 00  32.67  -16.92 1018.5          FUNCHAL
1873 05 23 08 00  32.67  -16.92 1015.3          FUNCHAL
1873 05 24 08 00  32.67  -16.92 1012.4          FUNCHAL
1873 05 25 08 00  32.67  -16.92 1014.9          FUNCHAL
1873 05 26 08 00  32.67  -16.92 1016.8          FUNCHAL
1873 05 27 08 00  32.67  -16.92 1017.6          FUNCHAL
1873 05 28 08 00  32.67  -16.92 1015.2          FUNCHAL
1873 05 29 08 00  32.67  -16.92 1014.9          FUNCHAL
1873 05 30 08 00  32.67  -16.92 1011.5          FUNCHAL
1873 05 31 08 00  32.67  -16.92 1006.5          FUNCHAL
1873 05 01 08 00  55.20   -6.99 1021.3      GREENCASTLE
1873 05 01 14 00  55.20   -6.99 1020.3      GREENCASTLE
1873 05 02 08 00  55.20   -6.99 1013.2      GREENCASTLE
1873 05 02 14 00  55.20   -6.99 1020.7      GREENCASTLE
1873 05 03 08 00  55.20   -6.99 1005.8      GREENCASTLE
1873 05 03 14 00  55.20   -6.99 1009.5      GREENCASTLE
1873 05 04 08 00  55.20   -6.99 1006.8      GREENCASTLE
1873 05 04 14 00  55.20   -6.99 1012.2      GREENCASTLE
1873 05 05 08 00  55.20   -6.99  996.3      GREENCASTLE
1873 05 06 08 00  55.20   -6.99  994.6      GREENCASTLE
1873 05 06 14 00  55.20   -6.99  995.9      GREENCASTLE
1873 05 07 08 00  55.20   -6.99 1000.7      GREENCASTLE
1873 05 07 14 00  55.20   -6.99  996.3      GREENCASTLE
1873 05 08 08 00  55.20   -6.99 1002.0      GREENCASTLE
1873 05 08 14 00  55.20   -6.99  995.6      GREENCASTLE
1873 05 09 08 00  55.20   -6.99 1012.5      GREENCASTLE
1873 05 09 14 00  55.20   -6.99 1005.1      GREENCASTLE
1873 05 10 08 00  55.20   -6.99 1017.6      GREENCASTLE
1873 05 10 14 00  55.20   -6.99 1015.2      GREENCASTLE
1873 05 11 08 00  55.20   -6.99 1016.3      GREENCASTLE
1873 05 11 14 00  55.20   -6.99 1016.3      GREENCASTLE
1873 05 12 08 00  55.20   -6.99 1022.7      GREENCASTLE
1873 05 13 08 00  55.20   -6.99 1025.4      GREENCASTLE
1873 05 13 14 00  55.20   -6.99 1023.7      GREENCASTLE
1873 05 14 08 00  55.20   -6.99 1024.0      GREENCASTLE
1873 05 14 14 00  55.20   -6.99 1024.7      GREENCASTLE
1873 05 15 08 00  55.20   -6.99 1018.3      GREENCASTLE
1873 05 15 14 00  55.20   -6.99 1022.0      GREENCASTLE
1873 05 16 08 00  55.20   -6.99 1016.6      GREENCASTLE
1873 05 16 14 00  55.20   -6.99 1018.3      GREENCASTLE
1873 05 17 08 00  55.20   -6.99 1008.8      GREENCASTLE
1873 05 17 14 00  55.20   -6.99 1014.6      GREENCASTLE
1873 05 18 08 00  55.20   -6.99 1012.9      GREENCASTLE
1873 05 18 14 00  55.20   -6.99 1009.5      GREENCASTLE
1873 05 19 08 00  55.20   -6.99 1018.6      GREENCASTLE
1873 05 20 08 00  55.20   -6.99 1018.3      GREENCASTLE
1873 05 20 14 00  55.20   -6.99 1021.0      GREENCASTLE
1873 05 21 08 00  55.20   -6.99 1012.5      GREENCASTLE
1873 05 21 14 00  55.20   -6.99 1014.6      GREENCASTLE
1873 05 22 08 00  55.20   -6.99 1008.5      GREENCASTLE
1873 05 22 14 00  55.20   -6.99 1013.5      GREENCASTLE
1873 05 23 08 00  55.20   -6.99 1000.7      GREENCASTLE
1873 05 23 14 00  55.20   -6.99 1012.9      GREENCASTLE
1873 05 24 08 00  55.20   -6.99 1017.9      GREENCASTLE
1873 05 24 14 00  55.20   -6.99 1007.8      GREENCASTLE
1873 05 25 08 00  55.20   -6.99 1023.7      GREENCASTLE
1873 05 25 14 00  55.20   -6.99 1021.0      GREENCASTLE
1873 05 26 08 00  55.20   -6.99 1010.2      GREENCASTLE
1873 05 27 08 00  55.20   -6.99 1008.5      GREENCASTLE
1873 05 27 14 00  55.20   -6.99 1006.8      GREENCASTLE
1873 05 28 08 00  55.20   -6.99 1025.4      GREENCASTLE
1873 05 28 14 00  55.20   -6.99 1013.9      GREENCASTLE
1873 05 29 08 00  55.20   -6.99 1030.5      GREENCASTLE
1873 05 29 14 00  55.20   -6.99 1027.4      GREENCASTLE
1873 05 30 08 00  55.20   -6.99 1025.7      GREENCASTLE
1873 05 30 14 00  55.20   -6.99 1029.5      GREENCASTLE
1873 05 31 08 00  55.20   -6.99 1023.0      GREENCASTLE
1873 05 31 14 00  55.20   -6.99 1024.4      GREENCASTLE
