1876 05 01 08 00  30.51   47.78 1010.8            BASRA
1876 05 02 08 00  30.51   47.78 1010.8            BASRA
1876 05 03 08 00  30.51   47.78 1014.8            BASRA
1876 05 04 08 00  30.51   47.78 1014.8            BASRA
1876 05 05 08 00  30.51   47.78 1014.8            BASRA
1876 05 06 08 00  30.51   47.78 1009.5            BASRA
1876 05 07 08 00  30.51   47.78 1010.8            BASRA
1876 05 08 08 00  30.51   47.78 1009.5            BASRA
1876 05 09 08 00  30.51   47.78 1010.8            BASRA
1876 05 11 08 00  30.51   47.78 1009.5            BASRA
1876 05 12 08 00  30.51   47.78 1010.8            BASRA
1876 05 13 08 00  30.51   47.78 1010.8            BASRA
1876 05 14 08 00  30.51   47.78 1009.5            BASRA
1876 05 15 08 00  30.51   47.78 1012.1            BASRA
1876 05 16 08 00  30.51   47.78 1010.8            BASRA
1876 05 17 08 00  30.51   47.78 1009.5            BASRA
1876 05 18 08 00  30.51   47.78 1010.8            BASRA
1876 05 19 08 00  30.51   47.78 1010.8            BASRA
1876 05 20 08 00  30.51   47.78 1009.5            BASRA
1876 05 21 08 00  30.51   47.78 1012.1            BASRA
1876 05 22 08 00  30.51   47.78 1010.8            BASRA
1876 05 24 08 00  30.51   47.78 1008.1            BASRA
1876 05 25 08 00  30.51   47.78 1013.5            BASRA
1876 05 26 08 00  30.51   47.78 1010.8            BASRA
1876 05 27 08 00  30.51   47.78 1016.1            BASRA
1876 05 28 08 00  30.51   47.78 1013.5            BASRA
1876 05 29 08 00  30.51   47.78 1014.8            BASRA
1876 05 30 08 00  30.51   47.78 1009.5            BASRA
1876 05 31 08 00  30.51   47.78 1008.1            BASRA
1876 05 01 08 00  38.66  -27.23 1012.1            ANGRA
1876 05 02 08 00  38.66  -27.23 1014.8            ANGRA
1876 05 03 08 00  38.66  -27.23 1016.1            ANGRA
1876 05 04 08 00  38.66  -27.23 1016.1            ANGRA
1876 05 05 08 00  38.66  -27.23 1017.5            ANGRA
1876 05 06 08 00  38.66  -27.23 1013.5            ANGRA
1876 05 07 08 00  38.66  -27.23 1013.5            ANGRA
1876 05 08 08 00  38.66  -27.23 1012.1            ANGRA
1876 05 09 08 00  38.66  -27.23 1014.8            ANGRA
1876 05 10 08 00  38.66  -27.23 1012.1            ANGRA
1876 05 11 08 00  38.66  -27.23 1008.1            ANGRA
1876 05 12 08 00  38.66  -27.23 1006.8            ANGRA
1876 05 13 08 00  38.66  -27.23 1008.1            ANGRA
1876 05 14 08 00  38.66  -27.23 1008.1            ANGRA
1876 05 15 08 00  38.66  -27.23 1014.8            ANGRA
1876 05 16 08 00  38.66  -27.23 1016.1            ANGRA
1876 05 17 08 00  38.66  -27.23 1017.5            ANGRA
1876 05 18 08 00  38.66  -27.23 1021.4            ANGRA
1876 05 19 08 00  38.66  -27.23 1024.1            ANGRA
1876 05 20 08 00  38.66  -27.23 1022.8            ANGRA
1876 05 21 08 00  38.66  -27.23 1022.8            ANGRA
1876 05 22 08 00  38.66  -27.23 1025.4            ANGRA
1876 05 23 08 00  38.66  -27.23 1025.4            ANGRA
1876 05 24 08 00  38.66  -27.23 1021.4            ANGRA
1876 05 25 08 00  38.66  -27.23 1018.8            ANGRA
1876 05 26 08 00  38.66  -27.23 1020.1            ANGRA
1876 05 27 08 00  38.66  -27.23 1021.4            ANGRA
1876 05 28 08 00  38.66  -27.23 1022.8            ANGRA
1876 05 29 08 00  38.66  -27.23 1018.8            ANGRA
1876 05 30 08 00  38.66  -27.23 1018.8            ANGRA
1876 05 31 08 00  38.66  -27.23 1018.8            ANGRA
1876 05 01 08 00  38.72   -9.14 1009.5           LISBON
1876 05 02 08 00  38.72   -9.14 1005.5           LISBON
1876 05 03 08 00  38.72   -9.14 1002.8           LISBON
1876 05 04 08 00  38.72   -9.14 1001.5           LISBON
1876 05 05 08 00  38.72   -9.14 1000.2           LISBON
1876 05 06 08 00  38.72   -9.14 1001.5           LISBON
1876 05 07 08 00  38.72   -9.14  996.2           LISBON
1876 05 08 08 00  38.72   -9.14  998.8           LISBON
1876 05 09 08 00  38.72   -9.14 1002.8           LISBON
1876 05 10 08 00  38.72   -9.14 1002.8           LISBON
1876 05 11 08 00  38.72   -9.14 1000.2           LISBON
1876 05 12 08 00  38.72   -9.14  997.5           LISBON
1876 05 13 08 00  38.72   -9.14  990.9           LISBON
1876 05 14 08 00  38.72   -9.14  994.8           LISBON
1876 05 15 08 00  38.72   -9.14  992.2           LISBON
1876 05 16 08 00  38.72   -9.14  993.5           LISBON
1876 05 17 08 00  38.72   -9.14  994.8           LISBON
1876 05 18 08 00  38.72   -9.14 1001.5           LISBON
1876 05 19 08 00  38.72   -9.14 1004.2           LISBON
1876 05 20 08 00  38.72   -9.14 1005.5           LISBON
1876 05 21 08 00  38.72   -9.14 1008.1           LISBON
1876 05 22 08 00  38.72   -9.14 1013.5           LISBON
1876 05 23 08 00  38.72   -9.14 1008.1           LISBON
1876 05 24 08 00  38.72   -9.14 1004.2           LISBON
1876 05 25 08 00  38.72   -9.14 1005.5           LISBON
1876 05 26 08 00  38.72   -9.14 1008.1           LISBON
1876 05 27 08 00  38.72   -9.14 1008.1           LISBON
1876 05 28 08 00  38.72   -9.14 1002.8           LISBON
1876 05 29 08 00  38.72   -9.14 1002.8           LISBON
1876 05 30 08 00  38.72   -9.14 1002.8           LISBON
1876 05 01 08 00  57.20   -2.20 1013.2         ABERDEEN
1876 05 02 08 00  57.20   -2.20 1020.7         ABERDEEN
1876 05 03 08 00  57.20   -2.20 1023.0         ABERDEEN
1876 05 04 08 00  57.20   -2.20 1026.4         ABERDEEN
1876 05 05 08 00  57.20   -2.20 1024.7         ABERDEEN
1876 05 06 08 00  57.20   -2.20 1023.7         ABERDEEN
1876 05 07 08 00  57.20   -2.20 1026.1         ABERDEEN
1876 05 08 08 00  57.20   -2.20 1031.2         ABERDEEN
1876 05 09 08 00  57.20   -2.20 1033.5         ABERDEEN
1876 05 10 08 00  57.20   -2.20 1037.3         ABERDEEN
1876 05 11 08 00  57.20   -2.20 1030.5         ABERDEEN
1876 05 12 08 00  57.20   -2.20 1026.1         ABERDEEN
1876 05 13 08 00  57.20   -2.20 1026.8         ABERDEEN
1876 05 14 08 00  57.20   -2.20 1024.7         ABERDEEN
1876 05 15 08 00  57.20   -2.20 1021.7         ABERDEEN
1876 05 16 08 00  57.20   -2.20 1023.0         ABERDEEN
1876 05 17 08 00  57.20   -2.20 1026.1         ABERDEEN
1876 05 18 08 00  57.20   -2.20 1028.1         ABERDEEN
1876 05 19 08 00  57.20   -2.20 1028.8         ABERDEEN
1876 05 20 08 00  57.20   -2.20 1026.4         ABERDEEN
1876 05 21 08 00  57.20   -2.20 1021.7         ABERDEEN
1876 05 22 08 00  57.20   -2.20 1010.2         ABERDEEN
1876 05 23 08 00  57.20   -2.20 1000.0         ABERDEEN
1876 05 24 08 00  57.20   -2.20 1003.7         ABERDEEN
1876 05 25 08 00  57.20   -2.20 1012.2         ABERDEEN
1876 05 26 08 00  57.20   -2.20 1009.5         ABERDEEN
1876 05 27 08 00  57.20   -2.20 1005.1         ABERDEEN
1876 05 28 08 00  57.20   -2.20 1013.2         ABERDEEN
1876 05 29 08 00  57.20   -2.20 1014.2         ABERDEEN
1876 05 30 08 00  57.20   -2.20 1011.2         ABERDEEN
1876 05 31 08 00  57.20   -2.20 1008.1         ABERDEEN
1876 05 01 08 00  45.94   -0.96 1007.8        ROCHEFORT
1876 05 02 08 00  45.94   -0.96 1017.3        ROCHEFORT
1876 05 03 08 00  45.94   -0.96 1020.0        ROCHEFORT
1876 05 04 08 00  45.94   -0.96 1022.4        ROCHEFORT
1876 05 05 08 00  45.94   -0.96 1025.7        ROCHEFORT
1876 05 06 08 00  45.94   -0.96 1019.6        ROCHEFORT
1876 05 07 08 00  45.94   -0.96 1014.2        ROCHEFORT
1876 05 08 08 00  45.94   -0.96 1015.9        ROCHEFORT
1876 05 09 08 00  45.94   -0.96 1016.9        ROCHEFORT
1876 05 10 08 00  45.94   -0.96 1017.9        ROCHEFORT
1876 05 11 08 00  45.94   -0.96 1013.5        ROCHEFORT
1876 05 12 08 00  45.94   -0.96 1010.8        ROCHEFORT
1876 05 13 08 00  45.94   -0.96 1013.5        ROCHEFORT
1876 05 14 08 00  45.94   -0.96 1016.3        ROCHEFORT
1876 05 15 08 00  45.94   -0.96 1010.5        ROCHEFORT
1876 05 16 08 00  45.94   -0.96 1009.1        ROCHEFORT
1876 05 17 08 00  45.94   -0.96 1010.5        ROCHEFORT
1876 05 18 08 00  45.94   -0.96 1009.8        ROCHEFORT
1876 05 19 08 00  45.94   -0.96 1011.9        ROCHEFORT
1876 05 20 08 00  45.94   -0.96 1014.9        ROCHEFORT
1876 05 21 08 00  45.94   -0.96 1019.6        ROCHEFORT
1876 05 22 08 00  45.94   -0.96 1019.0        ROCHEFORT
1876 05 23 08 00  45.94   -0.96 1020.0        ROCHEFORT
1876 05 24 08 00  45.94   -0.96 1019.0        ROCHEFORT
1876 05 25 08 00  45.94   -0.96 1010.2        ROCHEFORT
1876 05 26 08 00  45.94   -0.96 1010.2        ROCHEFORT
1876 05 27 08 00  45.94   -0.96 1014.9        ROCHEFORT
1876 05 28 08 00  45.94   -0.96 1016.3        ROCHEFORT
1876 05 29 08 00  45.94   -0.96 1024.7        ROCHEFORT
1876 05 30 08 00  45.94   -0.96 1020.3        ROCHEFORT
1876 05 31 08 00  45.94   -0.96 1017.3        ROCHEFORT
1876 05 01 08 00  50.38   -4.14 1015.9         PLYMOUTH
1876 05 02 08 00  50.38   -4.14 1022.0         PLYMOUTH
1876 05 03 08 00  50.38   -4.14 1025.7         PLYMOUTH
1876 05 04 08 00  50.38   -4.14 1031.5         PLYMOUTH
1876 05 05 08 00  50.38   -4.14 1027.8         PLYMOUTH
1876 05 06 08 00  50.38   -4.14 1023.7         PLYMOUTH
1876 05 07 08 00  50.38   -4.14 1024.7         PLYMOUTH
1876 05 08 08 00  50.38   -4.14 1027.4         PLYMOUTH
1876 05 09 08 00  50.38   -4.14 1025.7         PLYMOUTH
1876 05 10 08 00  50.38   -4.14 1023.4         PLYMOUTH
1876 05 11 08 00  50.38   -4.14 1019.6         PLYMOUTH
1876 05 12 08 00  50.38   -4.14 1019.3         PLYMOUTH
1876 05 13 08 00  50.38   -4.14 1025.1         PLYMOUTH
1876 05 14 08 00  50.38   -4.14 1022.4         PLYMOUTH
1876 05 15 08 00  50.38   -4.14 1017.6         PLYMOUTH
1876 05 16 08 00  50.38   -4.14 1020.3         PLYMOUTH
1876 05 17 08 00  50.38   -4.14 1017.6         PLYMOUTH
1876 05 18 08 00  50.38   -4.14 1022.0         PLYMOUTH
1876 05 19 08 00  50.38   -4.14 1026.1         PLYMOUTH
1876 05 20 08 00  50.38   -4.14 1026.1         PLYMOUTH
1876 05 21 08 00  50.38   -4.14 1021.3         PLYMOUTH
1876 05 22 08 00  50.38   -4.14 1012.9         PLYMOUTH
1876 05 23 08 00  50.38   -4.14 1011.9         PLYMOUTH
1876 05 24 08 00  50.38   -4.14 1005.8         PLYMOUTH
1876 05 25 08 00  50.38   -4.14 1009.8         PLYMOUTH
1876 05 26 08 00  50.38   -4.14 1013.9         PLYMOUTH
1876 05 27 08 00  50.38   -4.14 1015.6         PLYMOUTH
1876 05 28 08 00  50.38   -4.14 1025.4         PLYMOUTH
1876 05 29 08 00  50.38   -4.14 1025.4         PLYMOUTH
1876 05 30 08 00  50.38   -4.14 1022.4         PLYMOUTH
1876 05 31 08 00  50.38   -4.14 1020.7         PLYMOUTH
1876 05 01 08 00  41.90   12.50 1013.5             ROME
1876 05 02 08 00  41.90   12.50 1014.8             ROME
1876 05 03 08 00  41.90   12.50 1017.5             ROME
1876 05 04 08 00  41.90   12.50 1020.1             ROME
1876 05 05 08 00  41.90   12.50 1017.5             ROME
1876 05 06 08 00  41.90   12.50 1006.8             ROME
1876 05 07 08 00  41.90   12.50 1002.8             ROME
1876 05 08 08 00  41.90   12.50 1000.2             ROME
1876 05 09 08 00  41.90   12.50 1008.1             ROME
1876 05 10 08 00  41.90   12.50 1006.8             ROME
1876 05 11 08 00  41.90   12.50 1008.1             ROME
1876 05 12 08 00  41.90   12.50 1012.1             ROME
1876 05 13 08 00  41.90   12.50 1012.1             ROME
1876 05 14 08 00  41.90   12.50 1002.8             ROME
1876 05 15 08 00  41.90   12.50 1002.8             ROME
1876 05 16 08 00  41.90   12.50 1012.1             ROME
1876 05 17 08 00  41.90   12.50 1014.8             ROME
1876 05 18 08 00  41.90   12.50 1013.5             ROME
1876 05 19 08 00  41.90   12.50 1010.8             ROME
1876 05 20 08 00  41.90   12.50 1008.1             ROME
1876 05 21 08 00  41.90   12.50 1017.5             ROME
1876 05 22 08 00  41.90   12.50 1020.1             ROME
1876 05 23 08 00  41.90   12.50 1018.8             ROME
1876 05 24 08 00  41.90   12.50 1014.8             ROME
1876 05 25 08 00  41.90   12.50 1012.1             ROME
1876 05 26 08 00  41.90   12.50 1008.1             ROME
1876 05 27 08 00  41.90   12.50 1009.5             ROME
1876 05 28 08 00  41.90   12.50 1013.5             ROME
1876 05 29 08 00  41.90   12.50 1018.8             ROME
1876 05 30 08 00  41.90   12.50 1021.4             ROME
1876 05 31 08 00  41.90   12.50 1017.5             ROME
1876 05 01 08 00  48.39   -4.49 1012.9            BREST
1876 05 02 08 00  48.39   -4.49 1018.6            BREST
1876 05 03 08 00  48.39   -4.49 1021.4            BREST
1876 05 04 08 00  48.39   -4.49 1028.2            BREST
1876 05 05 08 00  48.39   -4.49 1023.7            BREST
1876 05 06 08 00  48.39   -4.49 1019.2            BREST
1876 05 07 08 00  48.39   -4.49 1019.3            BREST
1876 05 08 08 00  48.39   -4.49 1021.8            BREST
1876 05 09 08 00  48.39   -4.49 1019.7            BREST
1876 05 10 08 00  48.39   -4.49 1017.1            BREST
1876 05 11 08 00  48.39   -4.49 1013.7            BREST
1876 05 12 08 00  48.39   -4.49 1013.7            BREST
1876 05 13 08 00  48.39   -4.49 1019.7            BREST
1876 05 14 08 00  48.39   -4.49 1018.0            BREST
1876 05 15 08 00  48.39   -4.49 1014.3            BREST
1876 05 16 08 00  48.39   -4.49 1014.0            BREST
1876 05 17 08 00  48.39   -4.49 1010.9            BREST
1876 05 18 08 00  48.39   -4.49 1015.9            BREST
1876 05 19 08 00  48.39   -4.49 1021.2            BREST
1876 05 20 08 00  48.39   -4.49 1023.2            BREST
1876 05 21 08 00  48.39   -4.49 1019.6            BREST
1876 05 22 08 00  48.39   -4.49 1014.8            BREST
1876 05 23 08 00  48.39   -4.49 1014.5            BREST
1876 05 24 08 00  48.39   -4.49 1005.3            BREST
1876 05 25 08 00  48.39   -4.49 1007.3            BREST
1876 05 26 08 00  48.39   -4.49 1013.3            BREST
1876 05 27 08 00  48.39   -4.49 1015.1            BREST
1876 05 28 08 00  48.39   -4.49 1023.0            BREST
1876 05 29 08 00  48.39   -4.49 1024.9            BREST
1876 05 30 08 00  48.39   -4.49 1020.9            BREST
1876 05 31 08 00  48.39   -4.49 1020.4            BREST
1876 05 01 08 00  31.20   29.91 1011.7       ALEXANDRIA
1876 05 02 08 00  31.20   29.91 1010.5       ALEXANDRIA
1876 05 03 08 00  31.20   29.91 1011.3       ALEXANDRIA
1876 05 04 08 00  31.20   29.91 1012.4       ALEXANDRIA
1876 05 05 08 00  31.20   29.91 1010.3       ALEXANDRIA
1876 05 06 08 00  31.20   29.91 1008.7       ALEXANDRIA
1876 05 07 08 00  31.20   29.91 1007.5       ALEXANDRIA
1876 05 08 08 00  31.20   29.91 1010.1       ALEXANDRIA
1876 05 09 08 00  31.20   29.91 1011.3       ALEXANDRIA
1876 05 10 08 00  31.20   29.91 1007.9       ALEXANDRIA
1876 05 11 08 00  31.20   29.91 1004.9       ALEXANDRIA
1876 05 12 08 00  31.20   29.91 1006.3       ALEXANDRIA
1876 05 13 08 00  31.20   29.91 1003.9       ALEXANDRIA
1876 05 14 08 00  31.20   29.91 1007.5       ALEXANDRIA
1876 05 15 08 00  31.20   29.91 1009.9       ALEXANDRIA
1876 05 16 08 00  31.20   29.91 1008.4       ALEXANDRIA
1876 05 17 08 00  31.20   29.91 1010.4       ALEXANDRIA
1876 05 18 08 00  31.20   29.91 1007.7       ALEXANDRIA
1876 05 19 08 00  31.20   29.91 1012.1       ALEXANDRIA
1876 05 20 08 00  31.20   29.91 1014.1       ALEXANDRIA
1876 05 21 08 00  31.20   29.91 1009.5       ALEXANDRIA
1876 05 22 08 00  31.20   29.91 1013.5       ALEXANDRIA
1876 05 23 08 00  31.20   29.91 1013.3       ALEXANDRIA
1876 05 24 08 00  31.20   29.91 1012.0       ALEXANDRIA
1876 05 25 08 00  31.20   29.91 1013.7       ALEXANDRIA
1876 05 26 08 00  31.20   29.91 1015.9       ALEXANDRIA
1876 05 27 08 00  31.20   29.91 1017.1       ALEXANDRIA
1876 05 28 08 00  31.20   29.91 1012.0       ALEXANDRIA
1876 05 29 08 00  31.20   29.91 1008.4       ALEXANDRIA
1876 05 30 08 00  31.20   29.91 1006.9       ALEXANDRIA
1876 05 31 08 00  31.20   29.91 1009.3       ALEXANDRIA
1876 05 01 08 00  45.76    4.84 1009.2            LYONS
1876 05 02 08 00  45.76    4.84 1015.2            LYONS
1876 05 03 08 00  45.76    4.84 1018.2            LYONS
1876 05 04 08 00  45.76    4.84 1024.0            LYONS
1876 05 05 08 00  45.76    4.84 1022.5            LYONS
1876 05 06 08 00  45.76    4.84 1014.8            LYONS
1876 05 07 08 00  45.76    4.84 1010.4            LYONS
1876 05 08 08 00  45.76    4.84 1007.1            LYONS
1876 05 09 08 00  45.76    4.84 1010.5            LYONS
1876 05 10 08 00  45.76    4.84 1012.7            LYONS
1876 05 11 08 00  45.76    4.84 1010.4            LYONS
1876 05 12 08 00  45.76    4.84 1011.7            LYONS
1876 05 13 08 00  45.76    4.84 1014.9            LYONS
1876 05 14 08 00  45.76    4.84 1012.9            LYONS
1876 05 15 08 00  45.76    4.84 1007.3            LYONS
1876 05 16 08 00  45.76    4.84 1011.1            LYONS
1876 05 17 08 00  45.76    4.84 1011.5            LYONS
1876 05 18 08 00  45.76    4.84 1010.8            LYONS
1876 05 19 08 00  45.76    4.84 1008.3            LYONS
1876 05 20 08 00  45.76    4.84 1015.7            LYONS
1876 05 21 08 00  45.76    4.84 1018.5            LYONS
1876 05 22 08 00  45.76    4.84 1017.5            LYONS
1876 05 23 08 00  45.76    4.84 1019.4            LYONS
1876 05 24 08 00  45.76    4.84 1014.4            LYONS
1876 05 25 08 00  45.76    4.84 1009.1            LYONS
1876 05 26 08 00  45.76    4.84 1009.9            LYONS
1876 05 27 08 00  45.76    4.84 1013.2            LYONS
1876 05 28 08 00  45.76    4.84 1018.5            LYONS
1876 05 29 08 00  45.76    4.84 1022.9            LYONS
1876 05 30 08 00  45.76    4.84 1022.2            LYONS
1876 05 31 08 00  45.76    4.84 1018.5            LYONS
1876 05 01 08 00  43.12    5.93 1010.2           TOULON
1876 05 02 08 00  43.12    5.93 1011.9           TOULON
1876 05 03 08 00  43.12    5.93 1016.3           TOULON
1876 05 04 08 00  43.12    5.93 1019.3           TOULON
1876 05 05 08 00  43.12    5.93 1021.0           TOULON
1876 05 06 08 00  43.12    5.93 1014.2           TOULON
1876 05 07 08 00  43.12    5.93 1006.8           TOULON
1876 05 08 08 00  43.12    5.93 1005.8           TOULON
1876 05 09 08 00  43.12    5.93 1008.1           TOULON
1876 05 10 08 00  43.12    5.93 1012.9           TOULON
1876 05 11 08 00  43.12    5.93 1010.2           TOULON
1876 05 12 08 00  43.12    5.93 1011.9           TOULON
1876 05 13 08 00  43.12    5.93 1012.2           TOULON
1876 05 14 08 00  43.12    5.93 1008.8           TOULON
1876 05 15 08 00  43.12    5.93 1004.7           TOULON
1876 05 16 08 00  43.12    5.93 1010.5           TOULON
1876 05 17 08 00  43.12    5.93 1014.6           TOULON
1876 05 18 08 00  43.12    5.93 1012.5           TOULON
1876 05 19 08 00  43.12    5.93 1003.6           TOULON
1876 05 20 08 00  43.12    5.93 1006.8           TOULON
1876 05 21 08 00  43.12    5.93 1018.6           TOULON
1876 05 22 08 00  43.12    5.93 1019.3           TOULON
1876 05 23 08 00  43.12    5.93 1020.3           TOULON
1876 05 24 08 00  43.12    5.93 1017.9           TOULON
1876 05 25 08 00  43.12    5.93 1013.9           TOULON
1876 05 26 08 00  43.12    5.93 1009.1           TOULON
1876 05 27 08 00  43.12    5.93 1009.8           TOULON
1876 05 28 08 00  43.12    5.93 1013.2           TOULON
1876 05 29 08 00  43.12    5.93 1016.9           TOULON
1876 05 30 08 00  43.12    5.93 1022.4           TOULON
1876 05 31 08 00  43.12    5.93 1022.0           TOULON
1876 05 01 08 00  33.31   44.36 1018.8          BAGHDAD
1876 05 02 08 00  33.31   44.36 1021.4          BAGHDAD
1876 05 03 08 00  33.31   44.36 1022.8          BAGHDAD
1876 05 04 08 00  33.31   44.36 1024.1          BAGHDAD
1876 05 06 08 00  33.31   44.36 1018.8          BAGHDAD
1876 05 07 08 00  33.31   44.36 1017.5          BAGHDAD
1876 05 09 08 00  33.31   44.36 1021.4          BAGHDAD
1876 05 10 08 00  33.31   44.36 1017.5          BAGHDAD
1876 05 11 08 00  33.31   44.36 1016.1          BAGHDAD
1876 05 12 08 00  33.31   44.36 1017.5          BAGHDAD
1876 05 13 08 00  33.31   44.36 1017.5          BAGHDAD
1876 05 14 08 00  33.31   44.36 1018.8          BAGHDAD
1876 05 15 08 00  33.31   44.36 1017.5          BAGHDAD
1876 05 16 08 00  33.31   44.36 1018.8          BAGHDAD
1876 05 17 08 00  33.31   44.36 1014.8          BAGHDAD
1876 05 18 08 00  33.31   44.36 1017.5          BAGHDAD
1876 05 19 08 00  33.31   44.36 1017.5          BAGHDAD
1876 05 20 08 00  33.31   44.36 1018.8          BAGHDAD
1876 05 21 08 00  33.31   44.36 1020.1          BAGHDAD
1876 05 22 08 00  33.31   44.36 1014.8          BAGHDAD
1876 05 23 08 00  33.31   44.36 1016.1          BAGHDAD
1876 05 24 08 00  33.31   44.36 1016.1          BAGHDAD
1876 05 25 08 00  33.31   44.36 1018.8          BAGHDAD
1876 05 26 08 00  33.31   44.36 1024.1          BAGHDAD
1876 05 27 08 00  33.31   44.36 1026.8          BAGHDAD
1876 05 28 08 00  33.31   44.36 1025.4          BAGHDAD
1876 05 29 08 00  33.31   44.36 1021.4          BAGHDAD
1876 05 30 08 00  33.31   44.36 1017.5          BAGHDAD
1876 05 31 08 00  33.31   44.36 1013.5          BAGHDAD
1876 05 01 08 00  58.20   -6.30 1021.3        STORNOWAY
1876 05 02 08 00  58.20   -6.30 1023.4        STORNOWAY
1876 05 03 08 00  58.20   -6.30 1023.7        STORNOWAY
1876 05 04 08 00  58.20   -6.30 1023.7        STORNOWAY
1876 05 05 08 00  58.20   -6.30 1022.0        STORNOWAY
1876 05 06 08 00  58.20   -6.30 1024.4        STORNOWAY
1876 05 07 08 00  58.20   -6.30 1027.8        STORNOWAY
1876 05 08 08 00  58.20   -6.30 1030.5        STORNOWAY
1876 05 09 08 00  58.20   -6.30 1031.8        STORNOWAY
1876 05 10 08 00  58.20   -6.30 1030.5        STORNOWAY
1876 05 11 08 00  58.20   -6.30 1027.4        STORNOWAY
1876 05 12 08 00  58.20   -6.30 1025.7        STORNOWAY
1876 05 13 08 00  58.20   -6.30 1026.4        STORNOWAY
1876 05 14 08 00  58.20   -6.30 1025.7        STORNOWAY
1876 05 15 08 00  58.20   -6.30 1025.7        STORNOWAY
1876 05 16 08 00  58.20   -6.30 1028.8        STORNOWAY
1876 05 17 08 00  58.20   -6.30 1028.8        STORNOWAY
1876 05 18 08 00  58.20   -6.30 1028.4        STORNOWAY
1876 05 19 08 00  58.20   -6.30 1027.8        STORNOWAY
1876 05 20 08 00  58.20   -6.30 1025.1        STORNOWAY
1876 05 21 08 00  58.20   -6.30 1015.2        STORNOWAY
1876 05 22 08 00  58.20   -6.30 1002.7        STORNOWAY
1876 05 23 08 00  58.20   -6.30 1001.7        STORNOWAY
1876 05 24 08 00  58.20   -6.30 1015.2        STORNOWAY
1876 05 25 08 00  58.20   -6.30 1013.2        STORNOWAY
1876 05 26 08 00  58.20   -6.30 1007.1        STORNOWAY
1876 05 27 08 00  58.20   -6.30 1011.5        STORNOWAY
1876 05 28 08 00  58.20   -6.30 1015.2        STORNOWAY
1876 05 29 08 00  58.20   -6.30 1011.2        STORNOWAY
1876 05 30 08 00  58.20   -6.30 1004.7        STORNOWAY
1876 05 31 08 00  58.20   -6.30 1015.2        STORNOWAY
1876 05 01 08 00  32.67  -16.92 1013.5          FUNCHAL
1876 05 02 08 00  32.67  -16.92 1017.5          FUNCHAL
1876 05 03 08 00  32.67  -16.92 1014.8          FUNCHAL
1876 05 04 08 00  32.67  -16.92 1016.1          FUNCHAL
1876 05 05 08 00  32.67  -16.92 1017.5          FUNCHAL
1876 05 06 08 00  32.67  -16.92 1016.1          FUNCHAL
1876 05 07 08 00  32.67  -16.92 1013.5          FUNCHAL
1876 05 08 08 00  32.67  -16.92 1013.5          FUNCHAL
1876 05 09 08 00  32.67  -16.92 1016.1          FUNCHAL
1876 05 10 08 00  32.67  -16.92 1013.5          FUNCHAL
1876 05 11 08 00  32.67  -16.92 1006.8          FUNCHAL
1876 05 12 08 00  32.67  -16.92 1000.2          FUNCHAL
1876 05 13 08 00  32.67  -16.92  985.5          FUNCHAL
1876 05 14 08 00  32.67  -16.92 1005.5          FUNCHAL
1876 05 15 08 00  32.67  -16.92 1009.5          FUNCHAL
1876 05 16 08 00  32.67  -16.92 1006.8          FUNCHAL
1876 05 17 08 00  32.67  -16.92 1013.5          FUNCHAL
1876 05 18 08 00  32.67  -16.92 1021.4          FUNCHAL
1876 05 19 08 00  32.67  -16.92 1021.4          FUNCHAL
1876 05 20 08 00  32.67  -16.92 1020.1          FUNCHAL
1876 05 21 08 00  32.67  -16.92 1020.1          FUNCHAL
1876 05 22 08 00  32.67  -16.92 1022.8          FUNCHAL
1876 05 24 08 00  32.67  -16.92 1021.4          FUNCHAL
1876 05 25 08 00  32.67  -16.92 1016.1          FUNCHAL
1876 05 26 08 00  32.67  -16.92 1016.1          FUNCHAL
1876 05 27 08 00  32.67  -16.92 1018.8          FUNCHAL
1876 05 28 08 00  32.67  -16.92 1017.5          FUNCHAL
1876 05 29 08 00  32.67  -16.92 1013.5          FUNCHAL
1876 05 30 08 00  32.67  -16.92 1013.5          FUNCHAL
1876 05 31 08 00  32.67  -16.92 1014.8          FUNCHAL
1876 05 01 08 00  33.89   35.50 1012.1           BEIRUT
1876 05 02 08 00  33.89   35.50 1010.3           BEIRUT
1876 05 03 08 00  33.89   35.50 1011.9           BEIRUT
1876 05 04 08 00  33.89   35.50 1011.9           BEIRUT
1876 05 05 08 00  33.89   35.50 1010.5           BEIRUT
1876 05 06 08 00  33.89   35.50 1008.3           BEIRUT
1876 05 07 08 00  33.89   35.50 1008.3           BEIRUT
1876 05 08 08 00  33.89   35.50 1010.3           BEIRUT
1876 05 09 08 00  33.89   35.50 1010.8           BEIRUT
1876 05 10 08 00  33.89   35.50 1008.8           BEIRUT
1876 05 11 08 00  33.89   35.50 1006.0           BEIRUT
1876 05 12 08 00  33.89   35.50 1008.0           BEIRUT
1876 05 13 08 00  33.89   35.50 1004.9           BEIRUT
1876 05 14 08 00  33.89   35.50 1011.2           BEIRUT
1876 05 15 08 00  33.89   35.50 1012.9           BEIRUT
1876 05 16 08 00  33.89   35.50 1009.3           BEIRUT
1876 05 17 08 00  33.89   35.50 1009.5           BEIRUT
1876 05 18 08 00  33.89   35.50 1009.7           BEIRUT
1876 05 19 08 00  33.89   35.50 1009.5           BEIRUT
1876 05 20 08 00  33.89   35.50 1014.8           BEIRUT
1876 05 21 08 00  33.89   35.50 1009.2           BEIRUT
1876 05 22 08 00  33.89   35.50 1009.1           BEIRUT
1876 05 23 08 00  33.89   35.50 1010.7           BEIRUT
1876 05 24 08 00  33.89   35.50 1009.6           BEIRUT
1876 05 25 08 00  33.89   35.50 1012.7           BEIRUT
1876 05 26 08 00  33.89   35.50 1016.1           BEIRUT
1876 05 27 08 00  33.89   35.50 1017.3           BEIRUT
1876 05 28 08 00  33.89   35.50 1014.5           BEIRUT
1876 05 29 08 00  33.89   35.50 1010.0           BEIRUT
1876 05 30 08 00  33.89   35.50 1005.3           BEIRUT
1876 05 31 08 00  33.89   35.50 1008.9           BEIRUT
