1863 03 02 08 00  57.20   -2.20 1003.4         ABERDEEN
1863 03 03 08 00  57.20   -2.20 1003.0         ABERDEEN
1863 03 04 08 00  57.20   -2.20 1004.4         ABERDEEN
1863 03 05 08 00  57.20   -2.20 1004.4         ABERDEEN
1863 03 06 08 00  57.20   -2.20  998.3         ABERDEEN
1863 03 07 08 00  57.20   -2.20  989.5         ABERDEEN
1863 03 09 08 00  57.20   -2.20 1002.4         ABERDEEN
1863 03 10 08 00  57.20   -2.20 1000.0         ABERDEEN
1863 03 11 08 00  57.20   -2.20 1006.1         ABERDEEN
1863 03 12 08 00  57.20   -2.20  996.6         ABERDEEN
1863 03 13 08 00  57.20   -2.20  996.6         ABERDEEN
1863 03 14 08 00  57.20   -2.20  994.9         ABERDEEN
1863 03 16 08 00  57.20   -2.20 1016.3         ABERDEEN
1863 03 17 08 00  57.20   -2.20 1024.4         ABERDEEN
1863 03 18 08 00  57.20   -2.20 1015.6         ABERDEEN
1863 03 19 08 00  57.20   -2.20 1016.6         ABERDEEN
1863 03 20 08 00  57.20   -2.20  995.3         ABERDEEN
1863 03 21 08 00  57.20   -2.20 1016.6         ABERDEEN
1863 03 23 08 00  57.20   -2.20 1018.3         ABERDEEN
1863 03 24 08 00  57.20   -2.20 1024.0         ABERDEEN
1863 03 25 08 00  57.20   -2.20 1026.1         ABERDEEN
1863 03 26 08 00  57.20   -2.20 1014.6         ABERDEEN
1863 03 27 08 00  57.20   -2.20 1014.2         ABERDEEN
1863 03 28 08 00  57.20   -2.20 1003.7         ABERDEEN
1863 03 30 08 00  57.20   -2.20 1014.6         ABERDEEN
1863 03 31 08 00  57.20   -2.20 1018.6         ABERDEEN
1863 03 02 08 00  53.27   -9.06  997.3           GALWAY
1863 03 03 08 00  53.27   -9.06  994.9           GALWAY
1863 03 04 08 00  53.27   -9.06  999.0           GALWAY
1863 03 05 08 00  53.27   -9.06  994.6           GALWAY
1863 03 06 08 00  53.27   -9.06  978.3           GALWAY
1863 03 07 08 00  53.27   -9.06  992.9           GALWAY
1863 03 09 08 00  53.27   -9.06 1001.4           GALWAY
1863 03 10 08 00  53.27   -9.06  989.8           GALWAY
1863 03 11 08 00  53.27   -9.06 1004.1           GALWAY
1863 03 12 08 00  53.27   -9.06  960.0           GALWAY
1863 03 13 08 00  53.27   -9.06  987.1           GALWAY
1863 03 14 08 00  53.27   -9.06  991.2           GALWAY
1863 03 16 08 00  53.27   -9.06 1022.4           GALWAY
1863 03 17 08 00  53.27   -9.06 1027.4           GALWAY
1863 03 18 08 00  53.27   -9.06 1020.3           GALWAY
1863 03 19 08 00  53.27   -9.06 1023.0           GALWAY
1863 03 20 08 00  53.27   -9.06 1012.9           GALWAY
1863 03 21 08 00  53.27   -9.06 1022.4           GALWAY
1863 03 23 08 00  53.27   -9.06 1027.4           GALWAY
1863 03 24 08 00  53.27   -9.06 1030.8           GALWAY
1863 03 25 08 00  53.27   -9.06 1032.8           GALWAY
1863 03 26 08 00  53.27   -9.06 1029.8           GALWAY
1863 03 27 08 00  53.27   -9.06 1034.2           GALWAY
1863 03 28 08 00  53.27   -9.06 1023.0           GALWAY
1863 03 30 08 00  53.27   -9.06 1014.9           GALWAY
1863 03 31 08 00  53.27   -9.06 1015.6           GALWAY
1863 03 02 08 00  45.94   -0.96 1020.0        ROCHEFORT
1863 03 03 08 00  45.94   -0.96 1010.5        ROCHEFORT
1863 03 04 08 00  45.94   -0.96 1006.8        ROCHEFORT
1863 03 05 08 00  45.94   -0.96 1001.4        ROCHEFORT
1863 03 06 08 00  45.94   -0.96 1009.1        ROCHEFORT
1863 03 07 08 00  45.94   -0.96 1009.1        ROCHEFORT
1863 03 09 08 00  45.94   -0.96 1000.0        ROCHEFORT
1863 03 10 08 00  45.94   -0.96  997.3        ROCHEFORT
1863 03 11 08 00  45.94   -0.96 1002.7        ROCHEFORT
1863 03 12 08 00  45.94   -0.96 1002.7        ROCHEFORT
1863 03 13 08 00  45.94   -0.96  994.6        ROCHEFORT
1863 03 14 08 00  45.94   -0.96 1005.4        ROCHEFORT
1863 03 16 08 00  45.94   -0.96 1006.8        ROCHEFORT
1863 03 17 08 00  45.94   -0.96 1020.0        ROCHEFORT
1863 03 18 08 00  45.94   -0.96 1021.3        ROCHEFORT
1863 03 19 08 00  45.94   -0.96 1021.3        ROCHEFORT
1863 03 20 08 00  45.94   -0.96 1022.7        ROCHEFORT
1863 03 21 08 00  45.94   -0.96 1024.0        ROCHEFORT
1863 03 23 08 00  45.94   -0.96 1030.5        ROCHEFORT
1863 03 24 08 00  45.94   -0.96 1029.1        ROCHEFORT
1863 03 25 08 00  45.94   -0.96 1030.5        ROCHEFORT
1863 03 26 08 00  45.94   -0.96 1028.1        ROCHEFORT
1863 03 27 08 00  45.94   -0.96 1029.1        ROCHEFORT
1863 03 28 08 00  45.94   -0.96 1026.8        ROCHEFORT
1863 03 30 08 00  45.94   -0.96 1020.0        ROCHEFORT
1863 03 31 08 00  45.94   -0.96 1018.6        ROCHEFORT
1863 03 02 08 00  50.38   -4.14 1010.8         PLYMOUTH
1863 03 03 08 00  50.38   -4.14 1006.1         PLYMOUTH
1863 03 04 08 00  50.38   -4.14 1003.7         PLYMOUTH
1863 03 05 08 00  50.38   -4.14 1001.4         PLYMOUTH
1863 03 06 08 00  50.38   -4.14  996.6         PLYMOUTH
1863 03 07 08 00  50.38   -4.14 1001.0         PLYMOUTH
1863 03 09 08 00  50.38   -4.14 1004.4         PLYMOUTH
1863 03 11 08 00  50.38   -4.14 1002.7         PLYMOUTH
1863 03 12 08 00  50.38   -4.14  988.1         PLYMOUTH
1863 03 13 08 00  50.38   -4.14  992.6         PLYMOUTH
1863 03 14 08 00  50.38   -4.14  998.3         PLYMOUTH
1863 03 16 08 00  50.38   -4.14 1014.9         PLYMOUTH
1863 03 17 08 00  50.38   -4.14 1026.8         PLYMOUTH
1863 03 18 08 00  50.38   -4.14 1014.2         PLYMOUTH
1863 03 19 08 00  50.38   -4.14 1024.0         PLYMOUTH
1863 03 20 08 00  50.38   -4.14 1015.9         PLYMOUTH
1863 03 21 08 00  50.38   -4.14 1024.4         PLYMOUTH
1863 03 23 08 00  50.38   -4.14 1032.5         PLYMOUTH
1863 03 24 08 00  50.38   -4.14 1034.5         PLYMOUTH
1863 03 25 08 00  50.38   -4.14 1035.6         PLYMOUTH
1863 03 26 08 00  50.38   -4.14 1031.8         PLYMOUTH
1863 03 27 08 00  50.38   -4.14 1033.9         PLYMOUTH
1863 03 28 08 00  50.38   -4.14 1024.4         PLYMOUTH
1863 03 30 08 00  50.38   -4.14 1019.3         PLYMOUTH
1863 03 31 08 00  50.38   -4.14 1021.3         PLYMOUTH
1863 03 02 08 00  48.39   -4.49 1011.9            BREST
1863 03 03 08 00  48.39   -4.49 1005.4            BREST
1863 03 04 08 00  48.39   -4.49 1004.1            BREST
1863 03 05 08 00  48.39   -4.49 1000.0            BREST
1863 03 06 08 00  48.39   -4.49  997.3            BREST
1863 03 07 08 00  48.39   -4.49 1001.4            BREST
1863 03 09 08 00  48.39   -4.49 1002.7            BREST
1863 03 10 08 00  48.39   -4.49  993.2            BREST
1863 03 11 08 00  48.39   -4.49 1002.7            BREST
1863 03 12 08 00  48.39   -4.49  993.2            BREST
1863 03 13 08 00  48.39   -4.49  994.6            BREST
1863 03 14 08 00  48.39   -4.49  995.9            BREST
1863 03 16 08 00  48.39   -4.49 1013.2            BREST
1863 03 17 08 00  48.39   -4.49 1025.4            BREST
1863 03 18 08 00  48.39   -4.49 1015.9            BREST
1863 03 19 08 00  48.39   -4.49 1025.4            BREST
1863 03 20 08 00  48.39   -4.49 1020.0            BREST
1863 03 21 08 00  48.39   -4.49 1025.4            BREST
1863 03 23 08 00  48.39   -4.49 1031.8            BREST
1863 03 24 08 00  48.39   -4.49 1034.5            BREST
1863 03 25 08 00  48.39   -4.49 1033.2            BREST
1863 03 26 08 00  48.39   -4.49 1031.8            BREST
1863 03 27 08 00  48.39   -4.49 1033.2            BREST
1863 03 28 08 00  48.39   -4.49 1026.8            BREST
1863 03 30 08 00  48.39   -4.49 1020.0            BREST
1863 03 31 08 00  48.39   -4.49 1018.6            BREST
