01 29951 29945 29941 29938 29927 29923 29913 29897 29895 29885 29886 29875 29869 29864 29859 29855 29855 29859 29863 29875 29877 29881 29883 29885
02 29883 29882 29883 29881 29891 29905 29919 29923 29925 29934 29931 29930 29930 29924 29914 29916 29914 29912 29922 29928 29934 29939 29937 29929
03 29924 29930 29923 29922 29924 29934 29930 29932 29928 29922 29919 29914 29910 29908 29900 29900 29898 29908 29918 29930 29938 29946 29950 29948
04 29940 29940 29940 29934 29947 29959 29970 29972 29974 29976 29979 29968 29966 29966 29965 29960 29964 29966 29968 29986 29990 29993 29990 29992
05 29986 29984 29980 29980 29982 29986 29994 29988 29984 29975 29967 29961 29949 29929 29921 29913 29907 29903 29903 29908 29905 29899 29887 29867
06 29843 29829 29801 29787 29783 29771 29779 29773 29773 29773 29779 29779 29768 29757 29751 29745 29739 29723 29719 29713 29698 29675 29661 29623
07 29581 29563 29525 29550 29565 29567 29573 29567 29551 29549 29548 29546 29544 29560 29580 29620 29638 29662 29684 29704 29708 29709 29708 29720
08 29724 29732 29740 29752 29772 29792 29808 29820 29828 29838 29841 29837 29834 29835 29823 29823 29818 29817 29811 29811 29804 29797 29793 29792
09 29797 29795 29804 29813 29827 29847 29861 29866 29869 29873 29871 29879 29881 29877 29873 29873 29876 29887 29906 29925 29937 29953 29959 29961
10 29961 29968 29979 30003 30017 30047 30063 30087 30095 30123 30130 30146 30156 30172 30190 30210 30223 30248 30272 30304 30318 30332 30346 30353
11 30360 30372 30378 30384 30388 30398 30400 30410 30410 30408 30392 30390 30382 30372 30364 30348 30346 30342 30344 30355 30362 30375 30379 30378
12 30376 30366 30350 30349 30346 30341 30347 30344 30340 30336 30330 30314 30308 30297 30280 30269 30260 30258 30260 30268 30276 30279 30286 30284
13 30278 30272 30272 30272 30274 30284 30288 30294 30290 30290 30285 30277 30268 30258 30251 30241 30229 30233 30237 30245 30249 30251 30257 30257
14 30257 30251 30249 30249 30249 30255 30260 30260 30255 30251 30241 30233 30215 30205 30189 30181 30169 30163 30163 30165 30168 30168 30165 30165
15 30153 30142 30128 30127 30131 30137 30146 30153 30145 30139 30140 30120 30110 30108 30101 30098 30100 30112 30123 30152 30180 30187 30194 30198
16 30190 30188 30184 30192 30202 30218 30219 30220 30216 30210 30203 30191 30181 30172 30157 30155 30153 30167 30172 30183 30185 30167 30165 30161
17 30143 30133 30119 30110 30105 30102 30093 30085 30063 30040 30007 29984 29965 29944 29918 29894 29878 29870 29860 29852 29844 29824 29793 29768
18 29736 29706 29669 29638 29616 29604 29604 29586 29568 29560 29563 29557 29570 29551 29561 29551 29548 29555 29583 29581 29587 29591 29589 29578
19 29567 29558 29553 29551 29560 29563 29576 29589 29597 29601 29607 29618 29631 29633 29653 29663 29682 29703 29723 29751 29770 29789 29795 29800
20 29801 29809 29808 29807 29804 29797 29791 29790 29769 29755 29740 29732 29710 29702 29700 29694 29690 29703 29715 29740 29764 29777 29778 29778
21 29778 29774 29776 29784 29790 29791 29788 29768 29750 29718 29692 29644 29634 29606 29566 29568 29574 29586 29598 29624 29656 29680 29700 29709
22 29725 29731 29738 29756 29767 29784 29798 29820 29825 29840 29860 29872 29860 29862 29859 29864 29861 29874 29893 29910 29922 29932 29942 29955
23 29964 29988 30005 30030 30052 30072 30088 30100 30112 30134 30138 30148 30157 30168 30170 30180 30192 30214 30238 30264 30293 30316 30338 30354
24 30356 30358 30360 30364 30374 30390 30406 30414 30413 30408 30395 30373 30363 30349 30343 30332 30323 30319 30315 30319 30320 30315 30313 30310
25 30298 30287 30273 30272 30272 30279 30283 30288 30287 30287 30288 30276 30262 30260 30246 30238 30231 30230 30238 30250 30262 30272 30274 30282
26 30274 30268 30256 30264 30252 30246 30244 30244 30242 30238 30241 30237 30230 30221 30213 30208 30201 30201 30207 30217 30233 30247 30255 30257
27 30253 30247 30245 30245 30247 30251 30251 30249 30235 30222 30218 30198 30172 30158 30142 30114 30090 30070 30064 30060 30060 30040 30022 30000
28 29976 29954 29936 29928 29914 29906 29896 29884 29878 29858 29826 29816 29800 29794 29772 29768 29746 29748 29734 29740 29744 29754 29758 29762
29 29763 29764 29762 29758 29760 29772 29778 29788 29804 29806 29815 29819 29813 29821 29823 29823 29825 29833 29845 29861 29867 29877 29889 29886
30 29885 29877 29865 29873 29889 29895 29899 29903 29909 29909 29908 29897 29893 29893 29889 29879 29875 29879 29889 29911 29925 29941 29947 29953
31 29954 29957 29958 29969 29971 29983 29991 29997 30003 30005 30005 30001 29997 29995 29995 29991 29991 30009 30025 30055 30071 30090 30091 30093
