01 30437 30432 30427 30421 30421 30422 30420 30410 30410 30405 30389 30378 30367 30356 30349 30346 30337 30332 30332 30328 30316 30298 30279 30272
02 30249 30227 30223 30194 30174 30159 30142 30132 30112 30092 30051 30017 29985 29951 29923 29891 29858 29846 29832 29827 29821 29807 29781 29756
03 29728 29698 29661 29621 29535 29554 29521 29488 29448 29422 29372 29322 29260 29227 29177 29146 29116 29112 29087 29070 29044 29027 29024 29026
04 29017 29015 29020 29027 29046 29082 29130 29170 29212 29269 29299 29321 29326 29332 29344 29347 29354 29362 29362 29356 29349 29341 29314 29292
05 29259 29232 29202 29172 29145 29126 29106 29078 29039 28982 28944 28906 28878 28846 28811 28800 28794 28798 28804 28836 28859 28866 28876 28881
06 28887 28896 28910 28931 28960 28988 29024 29041 29059 29066 29085 29109 29117 29111 29114 29128 29147 29162 29171 29177 29177 29179 29185 29195
07 29197 29192 29191 29189 29192 29214 29225 29249 29277 29299 29328 29356 29376 29402 29423 29446 29475 29511 29546 29576 29596 29626 29646 29671
08 29701 29716 29730 29753 29790 29820 29847 29868 29886 29902 29907 29923 29939 29957 29971 29991 30007 30034 30057 30081 30090 30106 30121 30134
09 30139 30149 30150 30152 30157 30177 30197 30207 30221 30224 30228 30231 30243 30255 30260 30266 30270 30286 30303 30322 30331 30342 30353 30358
10 30366 30368 30370 30369 30366 30368 30380 30386 30396 30395 30395 30387 30389 30387 30381 30371 30368 30366 30361 30360 30362 30361 30361 30355
11 30351 30342 30332 30317 30319 30316 30317 30312 30301 30305 30302 30305 30305 30302 30290 30281 30270 30271 30281 30285 30286 30279 30277 30285
12 30274 30282 30269 30266 30267 30270 30274 30275 30281 30285 30281 30276 30273 30268 30264 30257 30260 30260 30261 30273 30281 30278 30280 30269
13 30265 30260 30256 30248 30256 30260 30269 30273 30269 30268 30265 30255 30247 30242 30233 30220 30214 30211 30212 30205 30200 30190 30187 30190
14 30187 30189 30185 30185 30185 30187 30197 30204 30211 30221 30220 30220 30222 30229 30228 30230 30237 30249 30259 30273 30286 30297 30301 30303
15 30299 30298 30295 30289 30290 30289 30293 30290 30283 30280 30274 30264 30259 30251 30242 30227 30222 30217 30218 30217 30213 30209 30207 30202
16 30193 30189 30186 30187 30184 30194 30199 30198 30194 30192 30195 30195 30185 30175 30161 30162 30156 30153 30154 30158 30151 30143 30139 30135
17 30128 30123 30110 30099 30099 30099 30105 30099 30086 30073 30054 30035 30022 30011 29991 29983 29976 29972 29979 29989 29991 29984 29979 29979
18 29981 29976 29971 29975 29968 29974 29975 29983 29986 29981 29980 29977 29977 29977 29973 29971 29968 29972 29978 29985 30001 30004 30005 29998
19 29994 29990 29990 29985 29992 29992 29995 29995 30002 30005 29997 29997 29994 29997 29987 29979 29978 29981 29989 29999 29993 29987 29987 29982
20 29979 29986 29980 29973 29974 29971 29969 29966 29962 29957 29946 29926 29906 29891 29876 29851 29843 29836 29828 29838 29838 29827 29813 29806
21 29804 29792 29808 29824 29849 29868 29897 29913 29928 29941 29960 29970 29975 29977 29973 29973 29977 29981 29981 29985 29981 29973 29963 29957
22 29951 29937 29931 29909 29895 29885 29863 29856 29845 29823 29803 29813 29803 29789 29775 29773 29770 29760 29764 29767 29773 29775 29783 29788
23 29794 29803 29814 29823 29835 29853 29875 29887 29900 29915 29936 29947 29956 29966 29973 29976 29978 29982 29993 30014 30027 30023 30030 30033
24 30028 30026 30021 30015 30016 30026 30026 30033 30032 30033 30031 30029 30036 30041 30036 30038 30041 30049 30068 30084 30098 30104 30109 30113
25 30114 30114 30115 30116 30118 30124 30129 30134 30133 30136 30139 30140 30134 30133 30124 30121 30123 30118 30116 30120 30117 30115 30110 30101
26 30091 30083 30066 30054 30044 30040 30040 30031 30023 30011 29997 29984 29972 29953 29934 29917 29903 29891 29881 29875 29871 29858 29840 29825
27 29807 29788 29781 29766 29750 29753 29751 29747 29737 29735 29724 29731 29722 29718 29723 29721 29729 29739 29758 29782 29802 29808 29822 29834
28 29838 29839 29852 29854 29862 29872 29884 29886 29894 29895 29889 29876 29869 29863 29855 29848 29840 29841 29845 29844 29831 29819 29816 29806
29 29789 29779 29769 29771 29783 29794 29803 29808 29811 29813 29822 29826 29829 29829 29832 29838 29841 29849 29869 29892 29902 29910 29917 29929
30 29921 29922 29936 29936 29950 29970 29977 29986 29989 29982 29985 29991 29991 29992 29985 29977 29973 29973 29972 29974 29981 29977 29981 29973
