01 29921 29915 29906 29894 29894 29892 29895 29900 29891 29887 29877 29866 29858 29844 29828 29825 29826 29831 29818 29810 29808 29790 29788 29785
02 29778 29773 29764 29748 29753 29727 29728 29738 29737 29738 29733 29720 29714 29696 29689 29668 29673 29666 29646 29633 29616 29618 29599 29596
03 29595 29586 29568 29556 29548 29556 29556 29563 29572 29574 29566 29566 29565 29563 29556 29552 29540 29531 29516 29508 29503 29492 29480 29480
04 29471 29453 29448 29445 29445 29438 29443 29461 29463 29470 29496 29498 29507 29514 29534 29561 29586 29617 29641 29653 29661 29663 29648 29663
05 29654 29641 29615 29591 29561 29534 29479 29448 29398 29338 29282 29212 29167 29139 29128 29127 29118 29117 29116 29121 29112 29099 29077 29074
06 29056 29032 29019 28984 28967 28952 28939 28949 28942 28935 28942 28935 28930 28939 28942 28958 28971 28990 29008 29018 29031 29037 29038 29047
07 29037 29029 29022 29011 29002 28991 29005 29017 29032 29055 29058 29051 29042 29051 29055 29059 29050 29037 29022 29003 29019 29037 29040 29048
08 29047 29061 29062 29067 29069 29067 29099 29119 29139 29140 29163 29163 29176 29173 29184 29184 29183 29196 29203 29191 29196 29218 29215 29216
09 29211 29199 29179 29164 29155 29143 29136 29119 29116 29108 29095 29096 29089 29092 29105 29107 29104 29115 29116 29119 29114 29111 29104 29089
10 29071 29049 29026 29002 28994 28982 28980 28986 28983 28986 28992 28992 28998 29008 29021 29027 29034 29038 29042 29031 29026 29012 28997 28998
11 28981 28964 28958 28955 28949 28948 28966 28982 28994 29010 29019 29023 29033 29043 29056 29069 29087 29112 29139 29173 29202 29244 29271 29304
12 29321 29357 29389 29422 29459 29484 29503 29539 29587 29629 29667 29697 29727 29756 29765 29791 29807 29819 29833 29854 29855 29872 29882 29882
13 29877 29870 29865 29864 29853 29845 29835 29829 29820 29803 29788 29763 29738 29708 29660 29635 29612 29585 29561 29527 29488 29442 29417 29380
14 29343 29310 29292 29265 29248 29248 29253 29267 29285 29320 29342 29362 29385 29421 29455 29502 29542 29575 29597 29614 29636 29646 29664 29682
15 29697 29722 29757 29765 29792 29810 29841 29877 29902 29932 29945 29966 29968 29982 29990 30008 30013 30019 30013 30003 29991 29991 29983 29978
16 29956 29931 29913 29898 29881 29855 29838 29819 29793 29782 29756 29730 29689 29664 29616 29606 29592 29587 29569 29556 29560 29559 29556 29565
17 29576 29575 29565 29580 29580 29587 29592 29625 29632 29634 29636 29627 29619 29609 29599 29599 29594 29577 29574 29580 29568 29575 29582 29599
18 29608 29626 29648 29668 29680 29696 29708 29728 29734 29740 29743 29743 29732 29721 29703 29682 29650 29612 29567 29522 29467 29415 29386 29359
19 29304 29280 29255 29234 29216 29219 29219 29232 29284 29373 29438 29496 29572 29638 29692 29763 29815 29870 29903 29925 29946 29956 29962 29972
20 29972 29982 29993 30018 30027 30040 30039 30053 30052 30063 30079 30073 30069 30063 30058 30050 30047 30050 30043 30023 30003 29974 29962 29963
21 29977 30007 30040 30073 30089 30118 30143 30170 30199 30209 30219 30225 30232 30247 30239 30247 30259 30209 30283 30294 30295 30293 30300 30312
22 30307 30313 30307 30303 30299 30308 30319 30337 30337 30347 30353 30355 30350 30347 30346 30343 30353 30358 30361 30355 30360 30363 30366 30370
23 30363 30359 30358 30355 30353 30362 30366 30375 30376 30380 30366 30360 30354 30354 30356 30357 30360 30363 30357 30357 30360 30361 30363 30356
24 30354 30356 30356 30351 30351 30358 30356 30361 30354 30360 30346 30344 30338 30327 30318 30307 30297 30289 30228 30287 30277 30278 30275 30272
25 30267 30262 30247 30243 30237 30229 30228 30222 30224 30223 30204 30190 30188 30177 30167 30164 30160 30164 30160 30167 30156 30141 30139 30136
26 30123 30112 30113 30094 30087 30081 30078 30074 30080 30079 30078 30069 30066 30071 30065 30080 30090 30115 30125 30145 30155 30175 30184 30191
27 30209 30209 30207 30209 30222 30230 30249 30272 30280 30292 30296 30297 30301 30305 30310 30332 30340 30344 30346 30359 30357 30362 30369 30367
28 30365 30368 30370 30365 30365 30361 30362 30364 30362 30362 30352 30335 30314 30302 30294 30285 30282 30275 30264 30262 30255 30249 30241 30240
29 30227 30225 30205 30195 30182 30177 30175 30178 30179 30184 30177 30169 30162 30155 30150 30162 30167 30187 30192 30209 30215 30219 30225 30217
30 30210 30205 30217 30199 30190 30188 30192 30197 30202 30215 30215 30204 30189 30185 30176 30179 30173 30170 30168 30173 30165 30164 30161 30154
