01 30027 30015 29996 29982 29982 29980 29970 29967 29960 29958 29956 29947 29939 29925 29920 29909 29902 29899 29896 29893 29878 29860 29838 29821
02 29793 29760 29739 29720 29718 29702 29703 29688 29681 29641 29616 29611 29649 29701 29738 29748 29773 29810 29830 29859 29876 29903 29908 29913
03 29924 29926 29925 29927 29921 29922 29922 29916 29910 29906 29890 29859 29833 29802 29763 29731 29706 29688 29659 29643 29640 29649 29660 29669
04 29694 29695 29675 29671 29665 29669 29680 29697 29714 29740 29736 29751 29769 29808 29825 29851 29863 29894 29906 29914 29919 29925 29928 29941
05 29941 29948 29942 29934 29936 29942 29948 29959 29967 29969 29971 29975 29969 29970 29971 29989 30016 30059 30075 30118 30137 30167 30194 30218
06 30241 30258 30269 30290 30302 30325 30341 30383 30391 30405 30416 30421 30424 30418 30418 30423 30429 30436 30448 30450 30450 30450 30440 30435
07 30420 30402 30394 30385 30374 30366 30370 30375 30372 30368 30372 30365 30353 30339 30336 30325 30323 30323 30325 30329 30327 30313 30305 30291
08 30281 30256 30239 30223 30205 30191 30177 30167 30154 30137 30119 30085 30053 30019 29991 29959 29942 29927 29909 29879 29844 29815 29775 29754
09 29725 29703 29685 29673 29672 29671 29675 29670 29654 29650 29652 29621 29579 29546 29510 29544 29608 29652 29669 29692 29711 29740 29763 29798
10 29809 29827 29840 29859 29872 29884 29904 29919 29920 29920 29914 29900 29871 29862 29852 29823 29816 29791 29756 29724 29685 29636 29578 29519
11 29450 29383 29292 29270 29261 29260 29273 29276 29273 29260 29265 29258 29250 29241 29240 29236 29245 29264 29254 29271 29270 29266 29268 29268
12 29271 29270 29270 29274 29278 29295 29309 29320 29332 29338 29341 29344 29334 29343 29347 29359 29372 29391 29397 29401 29404 29396 29391 29371
13 29357 29323 29305 29277 29252 29231 29207 29195 29183 29166 29161 29153 29143 29143 29143 29155 29167 29183 29192 29200 29214 29227 29229 29237
14 29237 29235 29235 29236 29237 29240 29239 29237 29235 29231 29217 29200 29182 29177 29168 29172 29184 29206 29222 29240 29256 29284 29305 29338
15 29366 29378 29391 29410 29426 29442 29460 29473 29480 29484 29497 29500 29502 29510 29524 29538 29550 29574 29581 29595 29602 29617 29620 29633
16 29637 29632 29632 29639 29642 29653 29660 29669 29676 29687 29677 29683 29687 29699 29705 29716 29715 29724 29733 29741 29748 29753 29761 29768
17 29761 29759 29746 29749 29755 29756 29765 29777 29778 29781 29771 29781 29774 29775 29776 29781 29797 29812 29817 29815 29822 29820 29826 29825
18 29820 29826 29816 29818 29822 29823 29814 29816 29811 29806 29790 29782 29776 29763 29744 29744 29744 29748 29740 29736 29727 29728 29720 29715
19 29707 29706 29682 29689 29684 29680 29688 29705 29706 29716 29701 29687 29690 29693 29681 29675 29678 29679 29667 29662 29654 29630 29646 29645
20 29616 29594 29573 29546 29533 29517 29486 29470 29453 29439 29425 29409 29390 29378 29370 29372 29367 29393 29417 29432 29447 29459 29463 29471
21 29477 29478 29479 29490 29493 29510 29519 29539 29535 29548 29542 29532 29522 29512 29497 29510 29511 29521 29523 29530 29537 29543 29550 29555
22 29556 29551 29541 29541 29540 29532 29531 29524 29506 29507 29495 29492 29477 29469 29450 29446 29452 29471 29461 29462 29464 29462 29445 29434
23 29416 29392 29373 29363 29350 29331 29339 29333 29334 29345 29368 29372 29378 29383 29392 29414 29441 29471 29504 29540 29566 29604 29633 29670
24 29699 29741 29772 29821 29852 29880 29903 29934 29951 29970 29982 30004 30019 30032 30052 30068 30084 30105 30118 30125 30144 30158 30167 30173
25 30174 30170 30168 30172 30171 30166 30188 30200 30200 30207 30196 30185 30167 30156 30145 30145 30147 30156 30161 30165 30173 30167 30152 30150
26 30141 30138 30127 30117 30112 30111 30117 30115 30108 30101 30094 30075 30048 30019 30004 29994 29975 29974 29949 29935 29924 29906 29887 29864
27 29839 29820 29786 29767 29752 29735 29729 29728 29724 29712 29706 29692 29671 29674 29674 29672 29679 29695 29692 29690 29694 29702 29703 29714
28 29718 29719 29726 29740 29749 29772 29797 29821 29829 29848 29863 29867 29877 29888 29889 29901 29895 29919 29925 29929 29943 29951 29963 29970
29 29967 29963 29965 29975 29989 30001 30020 30033 30041 30052 30049 30039 30032 30032 30029 30030 30034 30046 30044 30040 30040 30039 30029 30020
30 30009 30000 29995 29994 29987 29975 29972 29971 29968 29955 29954 29942 29937 29936 29924 29915 29908 29906 29897 29896 29897 29891 29886 29878
31 29866 29861 29852 29852 29849 29850 29856 29862 29865 29862 29872 29864 29858 29856 29854 29856 29869 29878 29889 29889 29891 29890 29889 29900
