01 29887 29884 29880 29878 29881 29888 29896 29906 29924 29938 29942 29951 29954 29955 29953 29954 29957 29966 29972 29974 29978 29983 29988 29982
02 29982 29982 29974 29970 29967 29974 29981 29986 29997 29993 29987 29989 29982 29968 29959 29952 29946 29949 29942 29942 29938 29930 29915 29896
03 29884 29870 29844 29828 29828 29815 29812 29806 29808 29808 29808 29805 29799 29787 29787 29792 29797 29804 29812 29819 29815 29815 29808 29806
04 29791 29779 29771 29761 29750 29743 29743 29749 29745 29747 29751 29741 29718 29714 29706 29699 29694 29695 29697 29698 29687 29690 29684 29674
05 29659 29645 29623 29594 29574 29555 29524 29508 29487 29474 29447 29414 29377 29334 29289 29249 29220 29200 29159 29128 29121 29135 29149 29155
06 29169 29165 29155 29154 29149 29129 29125 29117 29113 29117 29115 29114 29103 29085 29077 29072 29091 29102 29127 29147 29182 29211 29247 29271
07 29293 29311 29324 29339 29374 29411 29460 29504 29533 29556 29574 29579 29589 29579 29586 29598 29617 29633 29651 29673 29702 29724 29740 29763
08 29786 29793 29807 29811 29811 29815 29826 29825 29827 29820 29816 29796 29760 29724 29661 29636 29596 29564 29524 29512 29632 29646 29665 29679
09 29726 29798 29866 29912 29964 30021 30047 30083 30115 30143 30185 30207 30227 30282 30251 30258 30272 30281 30282 30287 30295 30285 30283 30275
10 30259 30258 30225 30211 30167 30137 30115 30131 30115 30107 30090 30066 30038 30017 30018 30003 29972 29949 29928 29920 29942 29954 29942 29938
11 29912 29969 29903 29888 29886 29878 29864 29848 29842 29829 29830 29822 29826 29834 29838 29839 29846 29874 29883 29886 29891 29897 29890 29886
12 29887 29891 29888 29871 29871 29870 29875 29875 29870 29854 29849 29850 29857 29855 29853 29857 29865 29872 29882 29882 29890 29889 29898 29906
13 29913 29917 29910 29909 29910 29915 29929 29939 29938 29938 29962 29955 29952 29946 29950 29950 29955 29960 29982 29986 29988 29999 30002 30001
14 30006 30003 30000 30006 30009 30018 30029 30036 30035 30044 30045 30046 30048 30038 30042 30046 30052 30058 30069 30078 30079 30089 30082 30083
15 30090 30090 30085 30095 30098 30090 30099 30110 30126 30126 30131 30139 30139 30139 30137 30135 30139 30143 30151 30167 30162 30175 30169 30177
16 30167 30159 30151 30144 30135 30139 30139 30137 30144 30150 30145 30145 30145 30138 30133 30137 30141 30147 30173 30208 30239 30269 30277 30284
17 30297 30315 30327 30337 30341 30357 30385 30407 30425 30441 30452 30460 30463 30467 30475 30480 30498 30512 30530 30536 30557 30574 30580 30585
18 30585 30584 30577 30576 30577 30579 30586 30591 30592 30595 30584 30578 30570 30561 30554 30546 30544 30542 30532 30528 30516 30506 30492 30478
19 30458 30441 30418 30401 30396 30388 30386 30390 30384 30388 30377 30373 30369 30349 30336 30325 30311 30305 30298 30289 30293 30287 30268 30241
20 30219 30216 30205 30199 30199 30204 30206 30207 30211 30211 30219 30212 30208 30207 30198 30195 30192 30196 30208 30218 30222 30230 30226 30226
21 30235 30227 30221 30214 30213 30218 30224 30227 30229 30226 30221 30229 30218 30221 30216 30223 30223 30228 30237 30241 30244 30252 30253 30250
22 30250 30241 30239 30240 30239 30245 30249 30258 30268 30269 30273 30269 30269 30265 30261 30260 30261 30258 30269 30280 30280 30289 30286 30287
23 30285 30281 30280 30279 30282 30287 30293 30287 30293 30308 30312 30310 30310 30312 30310 30312 30321 30322 30330 30338 30340 30337 30321 30315
24 30326 30314 30302 30292 30302 30317 30312 30322 30324 30326 30326 30327 30322 30318 30302 30294 30301 30302 30298 30300 30306 30292 30280 30262
25 30249 30234 30218 30195 30190 30173 30168 30163 30158 30126 30126 30122 30116 30101 30094 30091 30079 30075 30076 30088 30098 30105 30104 30096
26 30092 30092 30089 30084 30084 30084 30092 30102 30109 30132 30146 30155 30162 30162 30170 30174 30183 30194 30199 30214 30224 30221 30220 30223
27 30222 30226 30228 30234 30236 30240 30254 30255 30259 30277 30275 30277 30275 30280 30287 30295 30307 30313 30335 30354 30365 30379 30388 30393
28 30399 30403 30404 30405 30421 30438 30451 30466 30485 30491 30503 30507 30511 30510 30513 30521 30529 30536 30535 30547 30556 30568 30567 30573
29 30575 30579 30571 30572 30581 30586 30598 30607 30611 30613 30608 30600 30593 30594 30590 30594 30588 30588 30594 30598 30600 30601 30606 30600
30 30598 30596 30588 30588 30586 30583 30588 30596 30605 30608 30608 30608 30607 30602 30597 30594 30593 30596 30596 30602 30608 30610 30610 30610
31 30608 30604 30597 30596 30587 30592 30597 30598 30600 30602 30604 30602 30596 30594 30587 30580 30576 30576 30582 30589 30596 30602 30598 30600
