01 29702 29682 29639 29621 29603 29586 29574 29564 29549 29554 29542 29539 29527 29534 29525 29511 29487 29472 29462 29452 29430 29387 29392 29397
02 29388 29387 29386 29399 29401 29415 29412 29417 29412 29417 29416 29425 29415 29409 29406 29406 29423 29435 29443 29451 29444 29442 29438 29442
03 29436 29441 29442 29456 29467 29476 29483 29485 29480 29474 29460 29443 29421 29407 29369 29333 29300 29272 29245 29208 29182 29160 29155 29160
04 29162 29155 29153 29162 29188 29215 29247 29278 29315 29360 29373 29382 29414 29402 29381 29387 29391 29384 29368 29361 29334 29332 29329 29327
05 29326 29328 29329 29329 29328 29344 29353 29368 29384 29372 29369 29372 29372 29380 29374 29379 29386 29385 29395 29410 29418 29451 29497 29555
06 29617 29655 29685 29717 29739 29762 29782 29810 29827 29851 29872 29891 29895 29902 29900 29892 29877 29852 29810 29790 29744 29734 29687 29685
07 29696 29687 29687 29693 29704 29716 29741 29772 29826 29862 29902 29932 29943 29946 29948 29957 29955 29948 29944 29935 29922 29916 29894 29896
08 29881 29852 29833 29805 29776 29779 29782 29767 29750 29741 29725 29704 29673 29661 29638 29618 29608 29607 29594 29594 29584 29575 29555 29545
09 29539 29537 29534 29552 29558 29559 29580 29601 29613 29627 29633 29634 29639 29643 29647 29659 29659 29666 29667 29666 29665 29662 29655 29649
10 29638 29627 29624 29612 29604 29602 29599 29593 29582 29563 29534 29509 29469 29441 29407 29367 29322 29282 29222 29185 29119 29078 29031 28999
11 28974 28942 28934 28927 28932 28942 28952 28959 28972 28969 28975 28976 28971 28971 28974 28984 28993 29021 29043 29063 29079 29093 29104 29116
12 29127 29138 29144 29154 29170 29188 29199 29201 29214 29220 29221 29218 29215 29224 29225 29225 29225 29235 29229 29235 29234 29242 29245 29239
13 29247 29250 29259 29265 29271 29295 29282 29290 29296 29301 29299 29295 29286 29301 29295 29287 29293 29297 29308 29314 29321 29336 29335 29355
14 29359 29359 29364 29371 29379 29407 29431 29476 29505 29529 29562 29587 29602 29635 29646 29668 29690 29710 29716 29721 29726 29732 29737 29747
15 29752 29752 29755 29760 29759 29773 29774 29782 29789 29790 29788 29781 29771 29773 29768 29770 29770 29771 29768 29766 29761 29758 29751 29747
16 29741 29731 29718 29711 29701 29701 29698 29708 29705 29705 29705 29707 29699 29701 29702 29709 29703 29712 29720 29725 29727 29732 29736 29740
17 29736 29734 29731 29730 29729 29739 29742 29765 29775 29787 29794 29804 29806 29811 29821 29826 29847 29853 29874 29880 29876 29879 29888 29900
18 29909 29904 29909 29916 29925 29938 29944 29961 29968 29977 29982 29992 30000 30002 29999 29992 30001 30004 30001 30001 30002 30009 30002 29994
19 29986 29969 29965 29957 29952 29952 29955 29962 29952 29955 29947 29941 29932 29930 29923 29917 29918 29912 29910 29910 29917 29921 29908 29900
20 29873 29866 29846 29835 29831 29821 29821 29824 29817 29801 29794 29781 29765 29755 29740 29732 29711 29700 29686 29676 29661 29653 29630 29607
21 29592 29577 29560 29544 29540 29531 29536 29531 29507 29484 29459 29432 29464 29483 29479 29484 29495 29518 29527 29527 29525 29532 29527 29525
22 29517 29508 29505 29496 29492 29493 29502 29511 29509 29527 29524 29531 29532 29537 29536 29539 29546 29559 29569 29574 29575 29582 29579 29582
23 29584 29589 29591 29594 29599 29611 29622 29639 29645 29661 29679 29689 29695 29711 29724 29744 29769 29794 29820 29834 29848 29867 29875 29889
24 29895 29908 29910 29916 29931 29940 29953 29968 29977 29986 29996 29994 29994 29997 29993 29999 30000 30011 30016 30018 30020 30021 30016 30015
25 30014 30010 30009 30011 30015 30012 30016 30026 30027 30034 30030 30027 30012 30007 30001 29996 29996 30006 30011 30014 30011 30003 29998 29994
26 29983 29968 29953 29950 29940 29927 29925 29933 29933 29934 29924 29908 29899 29888 29885 29879 29879 29883 29884 29882 29893 29897 29900 29903
27 29903 29897 29889 29884 29880 29875 29880 29897 29907 29919 29923 29926 29927 29935 29939 29944 29949 29970 29967 29966 29977 29982 29988 29989
28 29984 29982 29983 29992 29995 30007 30015 30029 30046 30059 30065 30068 30073 30071 30073 30075 30091 30100 30109 30114 30120 30129 30131 30133
29 30139 30134 30128 30133 30133 30131 30139 30149 30151 30149 30151 30140 30134 30125 30114 30104 30106 30101 30092 30087 30086 30085 30074 30076
30 30065 30051 30039 30029 30021 30018 30014 30018 30013 30009 30001 29994 29983 29976 29963 29958 29952 29960 29958 29953 29947 29945 29938 29939
31 29928 29923 29911 29908 29905 29908 29908 29917 29911 29920 29925 29923 29920 29914 29911 29908 29914 29920 29925 29928 29931 29933 29931 29931
