01 29840 29839 29838 29843 29844 29844 29846 29848 29848 29862 29862 29860 29852 29844 29848 29837 29824 29842 29846 29848 29851 29856 29851 29830
02 29820 29814 29815 29814 29803 29797 29788 29779 29778 29781 29774 29758 29741 29728 29724 29724 29731 29730 29726 29724 29728 29731 29728 29721
03 29708 29717 29723 29732 29745 29756 29770 29792 29800 29815 29820 29815 29810 29802 29806 29808 29813 29815 29808 29808 29807 29805 29799 29794
04 29780 29777 29770 29761 29762 29768 29772 29780 29790 29802 29799 29797 29796 29797 29819 29859 29876 29893 29924 29939 29933 29937 29946 29949
05 29953 29955 29954 29959 29963 29965 29971 29981 29979 29977 29978 29969 29966 29965 29977 29989 29995 30001 30010 30020 30021 30018 30027 30029
06 30025 30028 30029 30033 30033 30039 30043 30053 30063 30077 30085 30092 30100 30118 30142 30170 30194 30220 30238 30256 30274 30294 30308 30324
07 30320 30332 30340 30350 30354 30355 30364 30370 30388 30395 30388 30372 30364 30362 30366 30370 30368 30374 30372 30380 30382 30382 30386 30390
08 30386 30386 30378 30375 30366 30366 30374 30390 30400 30408 30405 30396 30385 30379 30383 30393 30393 30397 30391 30393 30391 30389 30391 30383
09 30375 30371 30362 30357 30355 30357 30357 30365 30377 30388 30389 30381 30376 30367 30366 30371 30373 30375 30375 30386 30393 30391 30385 30379
10 30369 30357 30349 30331 30321 30317 30316 30317 30321 30321 30307 30291 30269 30247 30233 30235 30229 30231 30217 30211 30205 30191 30179 30169
11 30157 30141 30125 30115 30099 30095 30095 30105 30107 30114 30117 30108 30099 30099 30095 30099 30101 30103 30105 30111 30107 30106 30100 30094
12 30093 30093 30086 30088 30080 30087 30085 30088 30099 30105 30102 30096 30089 30088 30092 30101 30108 30118 30124 30134 30142 30148 30158 30162
13 30164 30166 30173 30174 30172 30176 30181 30188 30198 30208 30205 30200 30188 30185 30184 30186 30188 30192 30200 30208 30208 30213 30207 30196
14 30184 30183 30182 30172 30162 30160 30160 30166 30164 30155 30149 30139 30117 30107 30099 30103 30098 30107 30113 30119 30113 30111 30111 30119
15 30114 30109 30103 30095 30095 30100 30109 30131 30143 30157 30157 30152 30147 30141 30139 30149 30145 30145 30153 30154 30149 30143 30145 30138
16 30135 30137 30129 30117 30113 30114 30119 30127 30137 30138 30131 30119 30107 30093 30088 30090 30081 30087 30091 30089 30087 30063 30055 30049
17 30043 30037 30025 30009 29991 29987 29986 29985 29982 29981 29974 29949 29937 29919 29915 29909 29907 29913 29921 29920 29925 29923 29923 29890
18 29879 29875 29887 29869 29866 29859 29852 29851 29847 29858 29864 29857 29843 29843 29840 29840 29847 29843 29839 29833 29821 29811 29805 29779
19 29760 29747 29710 29691 29670 29649 29622 29622 29617 29613 29605 29597 29594 29595 29607 29605 29608 29617 29623 29639 29651 29651 29664 29673
20 29677 29697 29708 29710 29715 29712 29711 29719 29711 29703 29697 29664 29638 29607 29587 29579 29563 29551 29549 29547 29553 29571 29580 29611
21 29641 29655 29664 29673 29708 29762 29819 29851 29877 29905 29922 29943 29957 29949 29908 29881 29873 29829 29808 29767 29741 29715 29703 29695
22 29670 29661 29646 29634 29612 29607 29617 29639 29648 29647 29658 29662 29660 29680 29706 29734 29773 29800 29819 29846 29869 29892 29906 29925
23 29942 29967 29982 30002 30013 30038 30059 30072 30081 30110 30112 30113 30114 30125 30142 30150 30173 30194 30206 30226 30241 30242 30246 30253
24 30246 30242 30235 30222 30216 30212 30212 30214 30209 30208 30199 30180 30157 30135 30124 30114 30106 30097 30097 30101 30106 30111 30129 30147
25 30149 30165 30200 30218 30235 30263 30293 30317 30336 30352 30359 30360 30366 30370 30383 30392 30397 30411 30421 30432 30432 30433 30441 30445
26 30442 30447 30447 30449 30441 30437 30428 30430 30445 30442 30438 30438 30430 30424 30418 30412 30413 30414 30412 30412 30412 30414 30413 30414
27 30411 30408 30406 30403 30392 30399 30410 30423 30439 30436 30418 30418 30413 30414 30422 30426 30432 30432 30434 30442 30455 30462 30466 30478
28 30482 30484 30480 30478 30480 30486 30493 30498 30511 30518 30502 30500 30492 30484 30490 30490 30490 30488 30477 30474 30467 30463 30465 30458
29 30452 30443 30432 30421 30410 30408 30402 30404 30404 30408 30409 30396 30378 30362 30357 30357 30355 30348 30343 30343 30346 30347 30343 30335
30 30322 30313 30307 30299 30293 30289 30291 30295 30301 30303 30300 30290 30270 30254 30256 30260 30258 30257 30260 30260 30256 30254 30248 30240
31 30221 30214 30206 30200 30200 30190 30169 30162 30154 30150 30143 30125 30098 30076 30072 30064 30057 30046 30046 30051 30040 30035 30018 30022
