01 29638 29638 29625 29618 29615 29609 29608 29607 29607 29606 29631 29633 29636 29624 29620 29619 29620 29626 29639 29650 29666 29686 29693 29690
02 29702 29724 29731 29750 29776 29798 29831 29858 29876 29898 29918 29939 29957 29975 29990 30005 30018 30034 30049 30052 30068 30081 30090 30102
03 30115 30122 30132 30153 30170 30186 30198 30223 30231 30241 30255 30267 30274 30296 30301 30314 30322 30328 30336 30355 30368 30377 30385 30389
04 30389 30390 30392 30399 30403 30407 30411 30424 30428 30430 30429 30429 30430 30425 30423 30423 30419 30422 30425 30434 30439 30445 30447 30446
05 30445 30447 30445 30447 30446 30452 30457 30454 30463 30467 30455 30465 30453 30453 30449 30431 30431 30433 30441 30440 30456 30456 30451 30447
06 30433 30420 30415 30407 30408 30409 30411 30414 30415 30408 30405 30410 30398 30394 30374 30368 30360 30356 30362 30360 30374 30377 30383 30382
07 30372 30364 30360 30357 30354 30344 30344 30338 30338 30333 30331 30327 30320 30311 30296 30282 30273 30271 30270 30264 30268 30260 30250 30246
08 30239 30222 30190 30188 30182 30168 30170 30160 30160 30146 30144 30133 30119 30108 30098 30084 30054 30042 30021 29998 29995 29977 29945 29885
09 29848 29789 29741 29683 29626 29586 29521 29463 29434 29425 29446 29439 29426 29423 29442 29518 29571 29610 29642 29670 29698 29715 29728 29746
10 29754 29740 29742 29750 29750 29749 29750 29745 29739 29726 29703 29676 29642 29607 29599 29575 29545 29538 29526 29519 29506 29519 29528 29546
11 29561 29582 29603 29625 29642 29671 29688 29724 29752 29783 29811 29834 29857 29883 29907 29926 29947 29973 29998 30021 30041 30067 30081 30099
12 30106 30121 30125 30131 30149 30162 30175 30194 30209 30217 30219 30225 30228 30236 30240 30229 30221 30226 30219 30219 30209 30204 30193 30190
13 30167 30152 30129 30123 30103 30096 30082 30068 30049 30037 30027 30019 29987 29965 29943 29926 29913 29895 29883 29868 29859 29840 29818 29795
14 29762 29724 29687 29656 29634 29616 29596 29585 29574 29574 29578 29582 29584 29589 29600 29605 29625 29658 29680 29710 29724 29732 29758 29774
15 29782 29786 29797 29798 29812 29827 29842 29862 29875 29876 29882 29876 29892 29898 29903 29921 29926 29937 29943 29955 29973 29985 29981 29989
16 29987 29986 29987 29991 30001 30007 30003 30008 30016 30019 30011 30016 30020 30018 30013 30009 30012 30013 30016 30012 30006 30004 30000 29997
17 29995 29981 29972 29961 29961 29963 29960 29960 29950 29945 29958 29952 29945 29938 29929 29921 29925 29931 29930 29929 29932 29929 29916 29910
18 29906 29897 29892 29884 29880 29884 29881 29876 29869 29864 29855 29852 29850 29845 29834 29828 29822 29824 29829 29832 29835 29825 29817 29805
19 29795 29777 29758 29744 29731 29726 29725 29727 29724 29732 29732 29733 29725 29721 29726 29728 29731 29732 29738 29748 29764 29766 29764 29761
20 29759 29750 29744 29744 29748 29756 29761 29777 29791 29799 29803 29816 29828 29832 29830 29832 29838 29849 29857 29880 29894 29905 29916 29928
21 29934 29928 29928 29929 29931 29938 29942 29958 29954 29958 29965 29966 29960 29959 29954 29950 29944 29948 29949 29940 29941 29943 29938 29935
22 29919 29918 29911 29900 29886 29885 29883 29879 29873 29870 29869 29861 29849 29843 29830 29811 29802 29792 29780 29776 29766 29753 29747 29729
23 29716 29705 29689 29677 29673 29669 29660 29657 29649 29658 29650 29650 29649 29650 29654 29663 29678 29690 29696 29714 29730 29743 29751 29757
24 29762 29763 29768 29770 29774 29788 29796 29800 29806 29807 29811 29813 29826 29830 29834 29846 29846 29854 29865 29878 29892 29898 29904 29909
25 29910 29913 29910 29921 29934 29951 29965 29988 30001 30012 30026 30037 30047 30072 30080 30091 30099 30115 30126 30136 30156 30174 30183 30180
26 30177 30176 30177 30181 30183 30193 30205 30215 30233 30237 30242 30250 30252 30257 30257 30257 30261 30257 30260 30267 30281 30285 30279 30276
27 30268 30261 30252 30253 30249 30258 30248 30257 30255 30256 30254 30251 30246 30244 30230 30224 30215 30218 30219 30218 30230 30228 30223 30225
28 30224 30212 30204 30212 30213 30216 30224 30232 30233 30242 30252 30259 30257 30260 30261 30259 30251 30253 30256 30255 30251 30254 30250 30227
29 30217 30200 30187 30172 30167 30169 30173 30176 30176 30151 30166 30152 30149 30144 30136 30120 30114 30110 30126 30144 30180 30206 30220 30226
30 30249 30253 30260 30278 30306 30320 30336 30362 30369 30375 30371 30374 30365 30365 30373 30375 30380 30372 30372 30382 30381 30385 30380 30373
31 30367 30357 30342 30333 30331 30339 30338 30341 30337 30332 30333 30322 30307 30299 30280 30270 30269 30259 30258 30261 30267 30262 30256 30257
