01 29789 29801 29797 29809 29823 29841 29853 29866 29866 29872 29873 29879 29873 29869 29865 29864 29859 29860 29866 29884 29902 29917 29932 29925
02 29927 29922 29916 29906 29905 29913 29916 29919 29914 29899 29896 29882 29863 29853 29843 29829 29815 29807 29806 29813 29813 29823 29806 29795
03 29784 29759 29745 29717 29699 29697 29688 29680 29664 29656 29654 29644 29627 29601 29581 29569 29547 29548 29538 29550 29553 29551 29545 29547
04 29548 29512 29497 29497 29492 29489 29494 29503 29500 29502 29504 29511 29518 29520 29522 29527 29528 29548 29552 29557 29575 29587 29589 29602
05 29603 29606 29602 29608 29603 29605 29607 29613 29602 29608 29593 29583 29560 29548 29540 29520 29524 29517 29500 29485 29477 29461 29440 29422
06 29398 29380 29368 29358 29349 29342 29343 29343 29358 29378 29389 29409 29426 29442 29450 29469 29485 29496 29508 29534 29557 29580 29584 29585
07 29588 29593 29583 29591 29583 29590 29595 29576 29558 29549 29540 29538 29529 29526 29526 29537 29544 29550 29557 29584 29602 29619 29626 29636
08 29644 29657 29671 29687 29716 29736 29751 29774 29777 29791 29800 29813 29810 29812 29814 29799 29783 29763 29766 29758 29745 29748 29727 29701
09 29684 29645 29615 29578 29546 29529 29492 29449 29395 29400 29373 29372 29320 29293 29268 29260 29237 29228 29213 29210 29207 29200 29181 29162
10 29152 29158 29154 29166 29181 29189 29188 29194 29200 29203 29190 29167 29156 29156 29141 29124 29116 29109 29099 29103 29105 29106 29097 29090
11 29071 29060 29058 29063 29066 29071 29080 29092 29109 29117 29124 29139 29147 29161 29154 29160 29153 29153 29159 29161 29173 29188 29193 29193
12 29187 29183 29176 29181 29184 29185 29186 29186 29179 29171 29173 29165 29149 29146 29149 29166 29171 29182 29189 29206 29227 29237 29249 29251
13 29256 29262 29257 29261 29265 29276 29271 29268 29252 29235 29240 29221 29196 29164 29123 29096 29075 29079 29081 29082 29089 29095 29089 29094
14 29092 29089 29070 29071 29055 29048 29039 29047 29033 29015 28997 28983 28957 28951 28952 28958 28958 28964 28963 28961 28967 28969 28943 28933
15 28909 28890 28877 28857 28845 28849 28855 28840 28827 28810 28819 28798 28783 28759 28751 28743 28753 28808 28842 28855 28879 28899 28907 28913
16 28906 28894 28884 28902 28922 28951 28966 28989 28996 29019 29026 29044 29049 29059 29066 29073 29092 29117 29136 29165 29184 29217 29233 29249
17 29258 29270 29282 29296 29315 29345 29356 29381 29393 29405 29415 29427 29431 29463 29460 29464 29467 29490 29510 29524 29538 29552 29556 29568
18 29572 29577 29582 29594 29610 29628 29642 29658 29663 29672 29670 29677 29672 29673 29682 29690 29692 29711 29723 29738 29745 29756 29757 29756
19 29750 29746 29746 29745 29746 29748 29745 29741 29726 29706 29701 29694 29676 29653 29637 29623 29614 29611 29599 29596 29592 29581 29572 29568
20 29563 29550 29548 29548 29545 29543 29551 29562 29557 29544 29540 29534 29532 29521 29495 29488 29470 29463 29464 29466 29462 29454 29447 29430
21 29426 29421 29411 29415 29414 29424 29424 29431 29430 29451 29450 29460 29470 29480 29490 29501 29509 29520 29544 29569 29588 29604 29621 29624
22 29632 29641 29647 29654 29666 29689 29693 29706 29712 29713 29717 29718 29713 29708 29706 29707 29704 29709 29709 29711 29709 29716 29719 29718
23 29714 29715 29726 29733 29736 29745 29754 29766 29770 29783 29783 29795 29794 29795 29790 29793 29798 29801 29819 29830 29841 29845 29849 29844
24 29839 29832 29820 29817 29819 29832 29833 29836 29835 29828 29818 29809 29801 29794 29786 29781 29779 29774 29767 29759 29753 29753 29744 29731
25 29721 29704 29694 29696 29688 29675 29664 29652 29637 29621 29608 29607 29589 29576 29561 29548 29536 29524 29519 29512 29505 29495 29480 29465
26 29448 29419 29398 29413 29422 29437 29445 29457 29459 29473 29485 29507 29518 29525 29528 29538 29540 29553 29563 29581 29593 29598 29604 29607
27 29605 29603 29599 29602 29600 29609 29606 29597 29581 29562 29560 29549 29534 29511 29500 29483 29473 29467 29462 29459 29443 29434 29422 29407
28 29396 29393 29381 29380 29383 29388 29396 29417 29425 29428 29431 29434 29440 29455 29464 29464 29470 29481 29482 29491 29507 29523 29519 29515
29 29507 29506 29507 29515 29513 29530 29533 29537 29532 29528 29521 29519 29523 29513 29520 29516 29504 29511 29515 29519 29521 29532 29526 29521
30 29512 29499 29488 29469 29462 29459 29452 29458 29452 29445 29431 29428 29424 29418 29404 29396 29386 29391 29386 29385 29376 29376 29371 29360
