01 29800 29800 29802 29807 29813 29823 29823 29832 29828 29831 29833 29833 29831 29837 29841 29843 29845 29845 29847 29853 29857 29871 29867 29870
02 29871 29872 29865 29869 29865 29870 29871 29872 29859 29853 29850 29847 29827 29822 29815 29814 29804 29802 29802 29801 29803 29806 29797 29794
03 29787 29780 29774 29769 29757 29757 29754 29757 29757 29760 29765 29766 29757 29748 29739 29743 29739 29741 29755 29769 29779 29786 29786 29787
04 29785 29787 29787 29787 29789 29799 29790 29790 29788 29789 29791 29783 29775 29769 29775 29771 29767 29771 29772 29786 29791 29793 29790 29788
05 29789 29787 29781 29774 29772 29767 29776 29766 29756 29756 29746 29742 29734 29735 29728 29727 29713 29716 29715 29723 29721 29727 29710 29691
06 29682 29677 29674 29662 29666 29659 29670 29664 29655 29660 29656 29647 29655 29651 29662 29664 29663 29662 29671 29677 29682 29686 29686 29691
07 29680 29682 29674 29672 29670 29677 29675 29675 29676 29679 29684 29691 29698 29702 29696 29668 29667 29674 29662 29688 29690 29691 29704 29707
08 29691 29694 29688 29691 29688 29690 29694 29691 29692 29688                                     29638 29619 29616 29613 29616 29616 29592 29572
09 29543 29530 29490 29494 29470 29454 29433 29410 29412 29382 29379 29380 29370 29352 29337 29324 29327 29335 29348 29375 29383 29387 29391 29392
10 29394 29405 29404 29400 29394 29396 29393 29397 29383 29362 29350 29323 29316 29297 29272 29254 29250 29255 29264 29294 29319 29344 29358 29362
11 29364 29365 29363 29367 29373 29380 29385 29396 29404 29415 29421 29428 29436 29443 29448 29449 29453 29464 29468 29479 29488 29491 29496 29494
12 29472 29472 29457 29443 29444 29441 29443 29424 29425 29411 29403 29380 29369 29359 29319 29313 29293 29310 29310 29320 29316 29310 29311 29314
13 29316 29319 29314 29322 29332 29354 29372 29396 29414 29432 29442 29457 29460 29478 29480 29486 29494 29502 29519 29540 29548 29559 29556 29562
14 29553 29553 29538 29543 29538 29548 29558 29573 29576 29608 29617 29632 29634 29644 29649 29656 29659 29668 29666 29689 29687 29703 29690 29690
15 29674 29663 29664 29667 29661 29678 29690 29708 29716 29725 29737 29748 29748 29750 29744 29739 29733 29733 29727 29749 29754 29751 29741 29718
16 29706 29689 29674 29664 29637 29634 29611 29591 29571 29574 29566 29574 29580 29566 29572 29557 29546 29543 29546 29546 29546 29538 29530 29521
17 29517 29504 29496 29495 29490 29504 29502 29509 29507 29520 29523 29524 29523 29509 29481 29491 29484 29483 29482 29498 29507 29516 29505 29501
18 29494 29503 29495 29504 29508 29520 29534 29554 29566 29580 29587 29602 29613 29628 29635 29651 29654 29675 29692 29709 29720 29730 29736 29740
19 29744 29757 29761 29766 29772 29778 29786 29804 29806 29799 29794 29796 29796 29794 29796 29785 29782 29780 29790 29809 29817 29815 29811 29807
20 29804 29809 29805 29809 29810 29824 29830 29841 29846 29851 29854 29855 29858 29864 29871 29872 29868 29875 29880 29895 29899 29901 29901 29897
21 29892 29893 29885 29883 29886 29891 29891 29902 29897 29896 29891 29894 29893 29890 29889 29895 29883 29889 29886 29894 29892 29890 29884 29883
22 29874 29867 29854 29840 29841 29843 29843 29843 29840 29830 29833 29828 29819 29807 29797 29800 29787 29805 29749 29775 29767 29759 29748 29734
23 29721 29707 29691 29683 29680 29671 29670 29671 29660 29645 29634 29624 29610 29595 29583 29562 29549 29551 29543 29536 29524 29515 29500 29482
24 29468 29457 29451 29442 29437 29434 29431 29435 29428 29428 29428 29424 29432 29435 29437 29434 29442 29451 29458 29474 29462 29456 29456 29453
25 29433 29426 29407 29393 29379 29366 29353 29344 29326 29325 29317 29324 29327 29336 29326 29338 29341 29334 29349 29355 29361 29374 29383 29399
26 29400 29403 29405 29407 29414 29433 29438 29446 29458 29468 29477 29490 29493 29493 29498 29500 29511 29519 29542 29561 29572 29585 29597 29618
27 29620 29639 29647 29657 29672 29681 29694 29705 29713 29732 29735 29744 29749 29753 29756 29754 29759 29766 29767 29777 29777 29777 29773 29776
28 29765 29760 29748 29743 29743 29734 29723 29724 29714 29702 29689 29677 29658 29653 29627 29613 29595 29584 29576 29583 29578 29574 29567 29565
29 29550 29544 29530 29528 29528 29531 29534 29538 29542 29544 29548 29552 29550 29555 29548 29544 29549 29560 29565 29584 29585 29585 29585 29581
30 29577 29583 29585 29590 29594 29600 29602 29615 29617 29614 29616 29607 29600 29582 29574 29551 29527 29516 29496 29489 29472 29466 29469 29474
31 29482 29475 29494 29514 29530 29562 29566 29580 29589 29600 29602 29614 29631 29651 29656 29679 29688 29705 29718 29744 29768 29783 29790 29797
