01 30077 30071 30065 30038 30013 30072 30007 29983 29983 29958 29941 29905 29871 29861 29828 29803 29773 29720 29683 29635 29535 29505 29503 29421
02 29375 29377 29361 29321 29323 29295 29293 29297 29311 29297 29322 29323 29325 29367 29395 29453 29489 29505 29533 29550 29555 29540 29543 29510
03 29479 29443 29415 29370 29309 29239 29217 29197 29179 29173 29162 29163 29133 29223 29259 29337 29398 29453 29509 29572 29653 29614 29670 29657
04 29662 29665 29657 29637 29625 29605 29584 29569 29549 29526 29500 29451 29432 29419 29402 29386 29372 29370 29358 29352 29342 29343 29353 29375
05 29393 29418 29442 29460 29478 29513 29542 29550 29582 29603 29619 29628 29641 29642 29642 29647 29654 29653 29654 29658 29663 29661 29657 29651
06 29647 29657 29653 29655 29654 29658 29658 29660 29677 29687 29694 29687 29686 29692 29698 29694 29692 29702 29700 29707 29731 29729 29727 29743
07 29754 29774 29783 29803 29814 29824 29849 29876 29889 29916 29921 29914 29915 29912 29911 29917 29910 29929 29941 29962 29985 29979 29985 29992
08 29989 30002 30015 30017 30017 30020 30023 30025 30027 30025 30013 30005 29983 29978 29964 29959 29947 29940 29932 29942 29935 29927 29913 29900
09 29883 29867 29860 29853 29823 29807 29799 29793 29795 29790 29773 29763 29735 29723 29715 29693 29652 29647 29630 29615 29585 29572 29563 29572
10 29555 29573 29572 29573 29573 29585 29603 29612 29622 29632 29634 29628 29624 29623 29624 29623 29619 29621 29624 29633 29636 29637 29648 29651
11 29653 29658 29651 29660 29659 29656 29665 29684 29685 29699 29704 29719 29711 29718 29718 29720 29725 29726 29733 29751 29757 29765 29756 29753
12 29754 29763 29750 29749 29741 29740 29753 29764 29768 29769 29761 29761 29753 29745 29747 29748 29747 29734 29737 29753 29758 29758 29768 29778
13 29773 29775 29785 29787 29788 29784 29793 29813 29821 29827 29827 29827 29826 29822 29825 29821 29822 29821 29816 29812 29820 29814 29810 29792
14 29780 29764 29756 29724 29700 29682 29672 29674 29664 29656 29658 29655 29652 29657 29674 29678 29703 29710 29720 29742 29760 29762 29768 29780
15 29774 29762 29755 29738 29688 29658 29628 29588 29555 29508 29459 29403 29361 29319 29280 29240 29229 29206 29205 29206 29214 29226 29249 29259
16 29268 29274 29266 29264 29258 29254 29258 29254 29264 29275 29274 29263 29252 29243 29280 29230 29228 29230 29233 29240 29245 29263 29263 29268
17 29270 29275 29283 29305 29318 29325 29357 29374 29384 29409 29415 29415 29410 29415 29414 29410 29408 29410 29428 29430 29425 29415 29395 29377
18 29368 29362 29348 29338 29322 29298 29268 29248 29212 29168 29131 29087 29066 29068 29086 29144 29158 29168 29167 29172 29173 29168 29160 29141
19 29122 29113 29090 29088 29090 29082 29092 29088 29076 29056 29024 28979 28954 28926 28898 28912 28918 28936 28942 28959 28952 28947 28934 28901
20 28874 28852 28849 28846 28866 28919 28962 29022 29069 29106 29113 29116 29115 29091 29069 29041 29028 29009 29002 29005 29026 29066 29090 29115
21 29135 29149 29166 29172 29188 29203 29213 29219 29231 29241 29248 29243 29242 29239 29233 29233 29242 29235 29252 29265 29275 29306 29310 29335
22 29350 29376 29401 29410 29420 29452 29466 29508 29533 29563 29588 29600 29619 29642 29655 29679 29685 29701 29709 29696 29689 29695 29686 29679
23 29659 29632 29594 29549 29509 29476 29446 29423 29381 29365 29340 29316 29269 29240 29233 29210 29184 29178 29209 29209 29215 29197 29180 29150
24 29127 29089 29040 28987 28919 28839 28753 28679 28609 28568 28530 28514 28580 28540 28557 28572 28582 28597 28604 28616 28622 28637 28656 28684
25 28692 28720 28740 28770 28814 28850 28900 28966 29030 29087 29143 29203 29258 29321 29375 29435 29477 29525 29563 29603 29646 29693 29731 29773
26 29807 29833 29861 29881 29913 29933 29957 29985 29988 29997 30001 29995 29972 29942 29925 29922 29911 29877 29851 29837 29792 29762 29784 29732
27 29722 29729 29714 29714 29722 29732 29737 29739 29737 29749 29735 29735 29723 29715 29703 29679 29657 29645 29639 29602 29586 29609 29603 29632
28 29630 29627 29637 29638 29635 29630 29648 29646 29649 29643 29639 29629 29614 29628 29667 29668 29694 29697 29672 29680 29684 29698 29709 29746
29 29769 29809 29855 29932 29989 30039 30089 30119 30147 30160 30180 30197 30200 30211 30223 30230 30245 30260 30273 30278 30280 30344 30350 30353
30 30375 30395 30412 30422 30405 30410 30405 30417 30418 30418 30423 30419 30395 30344 30318 30300 30288 30265 30244 30224 30204 30181 30160 30150
31 30141 30121 30114 30098 30028 30090 30088 30084 30084 30085 30077 30073 30064 30044 30040 30031 30020 30000 29989 29976 29971 29951 29931 29918
