01 29886 29881 29888 29890 29894 29898 29898 29916 29934 29939 29945 29936 29936 29939 29941 29948 29953 29957 29965 29960 29968 29961 29959 29951
02 29935 29918 29905 29894 29885 29873 29846 29843 29828 29823 29806 29798 29787 29779 29778 29790 29795 29808 29813 29825 29830 29831 29833 29831
03 29826 29823 29818 29814 29818 29811 29809 29805 29803 29791 29800 29776 29760 29744 29735 29726 29731 29734 29738 29743 29740 29745 29745 29740
04 29742 29745 29742 29740 29745 29753 29761 29772 29778 29797 29814 29817       29833 29858 29878 29889 29900 29919 29929 29931 29945 29951 29947
05 29942 29943 29951 29949 29962 29967 29961 29959 29954 29965 29970 29973 29971 29970 29976 29986 29992 30008 30019 30022 30034 30045 30057 30061
06 30071 30082 30094 30099 30116 30122 30136 30141 30155 30180 30188 30198 30198 30204 30209 30231 30246 30256 30264 30268 30279 30281 30291 30298
07 30302 30308 30316 30313 30312 30311 30324 30336 30341 30350 30351 30351 30349 30337 30339 30335 30337 30349 30353 30351 30359 30366 30378 30374
08 30366 30364 30359 30349 30349 30354 30361 30371 30375 30368 30374 30362 30354 30342 30336 30342 30337 30335 30345 30342 30330 30330 30330 30332
09 30326 30318 30320 30310 30310 30300 30300 30312 30319 30328 30331 30317 30295 30285 30283 30288 30293 30300 30290 30286 30285 30287 30295 30291
10 30287 30266 30255 30245 30237 30219 30221 30227 30223 30216 30205 30194 30176 30156 30137 30141 30125 30111 30102 30095 30100 30091 30086 30077
11 30064 30049 30039 30024 30019 30010 30014 30024 30024 30022 30016 30005 29998 29996 29997 29997 29990 29997 29996 29997 29988 29983 29975 29958
12 29957 29949 29941 29932 29931 29932 29930 29933 29933 29935 29940 29928 29920 29911 29907 29906 29902 29903 29904 29905 29902 29904 29902 29905
13 29898 29897 29892 29882 29871 29867 29855 29860 29860 29873 29873 29856 29853 29842 29847 29848 29852 29857 29857 29863 29853 29855 29847 29848
14 29845 29829 29820 29806 29797 29790 29797 29799 29796 29797 29796 29783 29759 29746 29743 29748 29753 29763 29761 29766 29764 29762 29768 29767
15 29756 29759 29759 29753 29773 29767 29784 29794 29801 29800 29793 29798 29795 29792 29790 29801 29800 29800 29795 29796 29800 29805 29815 29812
16 29812 29815 29813 29806 29800 29800 29799 29798 29799 29799 29800 29798 29777 29762 29761 29761 29762 29760 29759 29751 29745 29742 29727 29719
17 29696 29677 29669 29642 29635 29613 29600 29579 29571 29564 29555 29523 29504 29478 29462 29459 29444 29437 29417 29405 29374 29372 29344 29327
18 29307 29292 29270 29259 29267 29277 29293 29313 29355 29389 29419 29434 29446 29453 29461 29474 29474 29473 29469 29461 29436 29417 29396 29359
19 29332 29307 29276 29256 29224 29207 29194 29159 29146 29131 29126 29120 29104 29090 29086 29090 29098 29136 29143 29179 29199 29198 29206 29213
20 29208 29191 29164 29142 29091 29036 29011 29013 29021 29016 29005 28998 28961 28949 29003 29035 29064 29073 29093 29109 29123 29141 29144 29164
21 29206 29231 29275 29322 29347 29379 29392 29393 29393 29389 29364 29334 29277 29194 29124 29097 29055 29017 28964 28907 28886 28919 28966 28954
22 28982 28976 28985 28986 28974 28961 28935 28936 28965 28976 29005 29003 28982 29060 29134 29162 29191 29220 29243 29269 29305 29329 29360 29384
23 29390 29400 29419 29427 29409 29409 29432 29465 29505 29547 29570 29580 29590 29601 29628 29648 29657 29667 29663 29668 29660 29633 29629 29628
24 29618 29590 29573 29568 29535 29522 29498 29486 29502 29510 29529 29552 29559 29578 29598 29617 29651 29675 29702 29721 29738 29771 29812 29847
25 29868 29887 29930 29942 29948 29962 29983 29998 30015 30044 30047 30046 30049 30050 30059 30064 30067 30072 30093 30099 30100 30102 30120 30127
26 30129 30135 30120 30112 30110 30110 30122 30107 30117 30117 30116 30097 30076 30064 30051 30046 30042 30034 30032 30029 30030 30021 30017 30021
27 30016 30016 30006 30001 29987 29989 29984 29986 29988 29983 29976 29975 29970 29965 29945 29963 29985 30021 30058 30090 30115 30132 30145 30155
28 30154 30162 30166 30158 30160 30165 30167 30165 30173 30170 30160 30151 30151 30139 30127 30117 30120 30109 30102 30094 30092 30082 30071 30060
29 30047 30037 30032 30029 30029 30018 30013 30011 30025 30025 30020 30011 29990 29973 29972 29969 29977 29978 29972 29952 29957 29945 29927 29907
30 29890 29874 29867 29859 29859 29855 29851 29857 29856 29862 29856 29837 29826 29810 29803 29795 29783 29784 29771 29756 29743 29716 29685 29659
31 29631 29601 29565 29529 29508 29476 29459 29448 29418 29397 29372 29341 29311 29324 29347 29378 29430 29465 29501 29534 29565 29597 29623 29649
