1874 07 01 08 00  36.75    3.06 1019.8          ALGIERS
1874 07 02 08 00  36.75    3.06 1018.2          ALGIERS
1874 07 03 08 00  36.75    3.06 1019.8          ALGIERS
1874 07 04 08 00  36.75    3.06 1020.1          ALGIERS
1874 07 05 08 00  36.75    3.06 1018.8          ALGIERS
1874 07 06 08 00  36.75    3.06 1015.3          ALGIERS
1874 07 07 08 00  36.75    3.06 1012.0          ALGIERS
1874 07 08 08 00  36.75    3.06 1015.6          ALGIERS
1874 07 09 08 00  36.75    3.06 1018.1          ALGIERS
1874 07 10 08 00  36.75    3.06 1019.2          ALGIERS
1874 07 11 08 00  36.75    3.06 1016.7          ALGIERS
1874 07 12 08 00  36.75    3.06 1014.1          ALGIERS
1874 07 13 08 00  36.75    3.06 1015.1          ALGIERS
1874 07 14 08 00  36.75    3.06 1014.7          ALGIERS
1874 07 15 08 00  36.75    3.06 1016.5          ALGIERS
1874 07 16 08 00  36.75    3.06 1016.8          ALGIERS
1874 07 17 08 00  36.75    3.06 1018.4          ALGIERS
1874 07 18 08 00  36.75    3.06 1017.5          ALGIERS
1874 07 19 08 00  36.75    3.06 1018.0          ALGIERS
1874 07 20 08 00  36.75    3.06 1013.5          ALGIERS
1874 07 21 08 00  36.75    3.06 1015.5          ALGIERS
1874 07 22 08 00  36.75    3.06 1017.7          ALGIERS
1874 07 23 08 00  36.75    3.06 1014.7          ALGIERS
1874 07 24 08 00  36.75    3.06 1012.1          ALGIERS
1874 07 25 08 00  36.75    3.06 1011.9          ALGIERS
1874 07 26 08 00  36.75    3.06 1016.1          ALGIERS
1874 07 27 08 00  36.75    3.06 1012.0          ALGIERS
1874 07 28 08 00  36.75    3.06 1013.2          ALGIERS
1874 07 29 08 00  36.75    3.06 1009.7          ALGIERS
1874 07 30 08 00  36.75    3.06 1015.1          ALGIERS
1874 07 31 08 00  36.75    3.06 1016.0          ALGIERS
1874 07 01 08 00  30.51   47.78 1006.3            BASRA
1874 07 02 08 00  30.51   47.78 1006.0            BASRA
1874 07 03 08 00  30.51   47.78 1006.4            BASRA
1874 07 04 08 00  30.51   47.78 1006.3            BASRA
1874 07 05 08 00  30.51   47.78 1005.5            BASRA
1874 07 06 08 00  30.51   47.78 1004.0            BASRA
1874 07 07 08 00  30.51   47.78 1002.8            BASRA
1874 07 08 08 00  30.51   47.78 1005.5            BASRA
1874 07 09 08 00  30.51   47.78 1008.1            BASRA
1874 07 10 08 00  30.51   47.78 1005.5            BASRA
1874 07 11 08 00  30.51   47.78 1004.2            BASRA
1874 07 12 08 00  30.51   47.78 1005.5            BASRA
1874 07 13 08 00  30.51   47.78 1005.5            BASRA
1874 07 14 08 00  30.51   47.78 1006.8            BASRA
1874 07 15 08 00  30.51   47.78 1007.2            BASRA
1874 07 16 08 00  30.51   47.78 1004.5            BASRA
1874 07 17 08 00  30.51   47.78 1004.2            BASRA
1874 07 18 08 00  30.51   47.78 1004.4            BASRA
1874 07 19 08 00  30.51   47.78 1004.2            BASRA
1874 07 20 08 00  30.51   47.78 1004.7            BASRA
1874 07 21 08 00  30.51   47.78 1008.1            BASRA
1874 07 22 08 00  30.51   47.78 1008.1            BASRA
1874 07 23 08 00  30.51   47.78 1006.8            BASRA
1874 07 24 08 00  30.51   47.78 1003.5            BASRA
1874 07 25 08 00  30.51   47.78 1003.2            BASRA
1874 07 26 08 00  30.51   47.78 1002.8            BASRA
1874 07 27 08 00  30.51   47.78 1004.0            BASRA
1874 07 28 08 00  30.51   47.78 1004.2            BASRA
1874 07 29 08 00  30.51   47.78 1004.2            BASRA
1874 07 30 08 00  30.51   47.78 1004.7            BASRA
1874 07 31 08 00  30.51   47.78 1002.8            BASRA
1874 07 01 08 00  31.51   -9.76 1018.8          MOGADOR
1874 07 02 08 00  31.51   -9.76 1018.8          MOGADOR
1874 07 03 08 00  31.51   -9.76 1016.1          MOGADOR
1874 07 04 08 00  31.51   -9.76 1013.5          MOGADOR
1874 07 05 08 00  31.51   -9.76 1013.5          MOGADOR
1874 07 06 08 00  31.51   -9.76 1012.1          MOGADOR
1874 07 07 08 00  31.51   -9.76 1010.8          MOGADOR
1874 07 08 08 00  31.51   -9.76 1012.1          MOGADOR
1874 07 09 08 00  31.51   -9.76 1014.8          MOGADOR
1874 07 10 08 00  31.51   -9.76 1017.5          MOGADOR
1874 07 11 08 00  31.51   -9.76 1013.5          MOGADOR
1874 07 12 08 00  31.51   -9.76 1012.1          MOGADOR
1874 07 13 08 00  31.51   -9.76 1013.5          MOGADOR
1874 07 14 08 00  31.51   -9.76 1016.1          MOGADOR
1874 07 15 08 00  31.51   -9.76 1016.1          MOGADOR
1874 07 16 08 00  31.51   -9.76 1016.1          MOGADOR
1874 07 17 08 00  31.51   -9.76 1013.5          MOGADOR
1874 07 18 08 00  31.51   -9.76 1014.8          MOGADOR
1874 07 19 08 00  31.51   -9.76 1016.1          MOGADOR
1874 07 20 08 00  31.51   -9.76 1014.8          MOGADOR
1874 07 21 08 00  31.51   -9.76 1012.1          MOGADOR
1874 07 22 08 00  31.51   -9.76 1013.5          MOGADOR
1874 07 23 08 00  31.51   -9.76 1013.5          MOGADOR
1874 07 24 08 00  31.51   -9.76 1016.1          MOGADOR
1874 07 25 08 00  31.51   -9.76 1013.5          MOGADOR
1874 07 26 08 00  31.51   -9.76 1010.8          MOGADOR
1874 07 27 08 00  31.51   -9.76 1012.1          MOGADOR
1874 07 28 08 00  31.51   -9.76 1014.8          MOGADOR
1874 07 29 08 00  31.51   -9.76 1013.5          MOGADOR
1874 07 30 08 00  31.51   -9.76 1010.8          MOGADOR
1874 07 31 08 00  31.51   -9.76 1012.1          MOGADOR
1874 07 01 08 00  38.66  -27.23 1009.5            ANGRA
1874 07 02 08 00  38.66  -27.23 1016.1            ANGRA
1874 07 03 08 00  38.66  -27.23 1021.4            ANGRA
1874 07 04 08 00  38.66  -27.23 1020.1            ANGRA
1874 07 05 08 00  38.66  -27.23 1022.8            ANGRA
1874 07 06 08 00  38.66  -27.23 1025.4            ANGRA
1874 07 07 08 00  38.66  -27.23 1025.4            ANGRA
1874 07 08 08 00  38.66  -27.23 1024.1            ANGRA
1874 07 09 08 00  38.66  -27.23 1028.1            ANGRA
1874 07 10 08 00  38.66  -27.23 1028.1            ANGRA
1874 07 11 08 00  38.66  -27.23 1026.8            ANGRA
1874 07 12 08 00  38.66  -27.23 1022.8            ANGRA
1874 07 13 08 00  38.66  -27.23 1020.1            ANGRA
1874 07 14 08 00  38.66  -27.23 1020.1            ANGRA
1874 07 15 08 00  38.66  -27.23 1017.5            ANGRA
1874 07 16 08 00  38.66  -27.23 1018.8            ANGRA
1874 07 17 08 00  38.66  -27.23 1017.5            ANGRA
1874 07 18 08 00  38.66  -27.23 1021.4            ANGRA
1874 07 19 08 00  38.66  -27.23 1026.8            ANGRA
1874 07 20 08 00  38.66  -27.23 1028.1            ANGRA
1874 07 21 08 00  38.66  -27.23 1025.4            ANGRA
1874 07 22 08 00  38.66  -27.23 1022.8            ANGRA
1874 07 23 08 00  38.66  -27.23 1025.4            ANGRA
1874 07 24 08 00  38.66  -27.23 1028.1            ANGRA
1874 07 25 08 00  38.66  -27.23 1028.1            ANGRA
1874 07 26 08 00  38.66  -27.23 1022.8            ANGRA
1874 07 27 08 00  38.66  -27.23 1018.8            ANGRA
1874 07 28 08 00  38.66  -27.23 1020.1            ANGRA
1874 07 29 08 00  38.66  -27.23 1025.4            ANGRA
1874 07 30 08 00  38.66  -27.23 1025.4            ANGRA
1874 07 31 08 00  38.66  -27.23 1024.1            ANGRA
1874 07 01 08 00  38.72   -9.14 1017.3           LISBON
1874 07 02 08 00  38.72   -9.14 1019.8           LISBON
1874 07 03 08 00  38.72   -9.14 1023.4           LISBON
1874 07 04 08 00  38.72   -9.14 1021.8           LISBON
1874 07 05 08 00  38.72   -9.14 1019.0           LISBON
1874 07 06 08 00  38.72   -9.14 1016.5           LISBON
1874 07 07 08 00  38.72   -9.14 1014.3           LISBON
1874 07 08 08 00  38.72   -9.14 1015.2           LISBON
1874 07 09 08 00  38.72   -9.14 1018.6           LISBON
1874 07 10 08 00  38.72   -9.14 1021.8           LISBON
1874 07 11 08 00  38.72   -9.14 1018.8           LISBON
1874 07 12 08 00  38.72   -9.14 1014.8           LISBON
1874 07 13 08 00  38.72   -9.14 1012.9           LISBON
1874 07 14 08 00  38.72   -9.14 1017.2           LISBON
1874 07 15 08 00  38.72   -9.14 1019.0           LISBON
1874 07 16 08 00  38.72   -9.14 1020.1           LISBON
1874 07 17 08 00  38.72   -9.14 1019.2           LISBON
1874 07 18 08 00  38.72   -9.14 1017.7           LISBON
1874 07 19 08 00  38.72   -9.14 1017.5           LISBON
1874 07 20 08 00  38.72   -9.14 1021.2           LISBON
1874 07 21 08 00  38.72   -9.14 1016.1           LISBON
1874 07 22 08 00  38.72   -9.14 1016.3           LISBON
1874 07 23 08 00  38.72   -9.14 1017.6           LISBON
1874 07 24 08 00  38.72   -9.14 1019.0           LISBON
1874 07 25 08 00  38.72   -9.14 1018.1           LISBON
1874 07 26 08 00  38.72   -9.14 1014.9           LISBON
1874 07 27 08 00  38.72   -9.14 1014.8           LISBON
1874 07 28 08 00  38.72   -9.14 1015.5           LISBON
1874 07 29 08 00  38.72   -9.14 1018.6           LISBON
1874 07 30 08 00  38.72   -9.14 1018.0           LISBON
1874 07 31 08 00  38.72   -9.14 1013.6           LISBON
1874 07 01 08 00  57.20   -2.20 1004.1         ABERDEEN
1874 07 02 08 00  57.20   -2.20 1003.7         ABERDEEN
1874 07 03 08 00  57.20   -2.20 1000.3         ABERDEEN
1874 07 04 08 00  57.20   -2.20 1001.4         ABERDEEN
1874 07 05 08 00  57.20   -2.20 1010.5         ABERDEEN
1874 07 06 08 00  57.20   -2.20 1020.7         ABERDEEN
1874 07 07 08 00  57.20   -2.20 1017.6         ABERDEEN
1874 07 08 08 00  57.20   -2.20 1013.5         ABERDEEN
1874 07 09 08 00  57.20   -2.20 1015.2         ABERDEEN
1874 07 10 08 00  57.20   -2.20 1020.7         ABERDEEN
1874 07 11 08 00  57.20   -2.20 1018.6         ABERDEEN
1874 07 12 08 00  57.20   -2.20 1017.9         ABERDEEN
1874 07 13 08 00  57.20   -2.20 1017.9         ABERDEEN
1874 07 14 08 00  57.20   -2.20 1010.8         ABERDEEN
1874 07 15 08 00  57.20   -2.20 1017.9         ABERDEEN
1874 07 16 08 00  57.20   -2.20 1024.4         ABERDEEN
1874 07 17 08 00  57.20   -2.20 1020.0         ABERDEEN
1874 07 18 08 00  57.20   -2.20 1022.7         ABERDEEN
1874 07 19 08 00  57.20   -2.20 1019.6         ABERDEEN
1874 07 20 08 00  57.20   -2.20 1012.5         ABERDEEN
1874 07 21 08 00  57.20   -2.20 1008.8         ABERDEEN
1874 07 22 08 00  57.20   -2.20 1004.4         ABERDEEN
1874 07 23 08 00  57.20   -2.20 1005.4         ABERDEEN
1874 07 24 08 00  57.20   -2.20 1008.5         ABERDEEN
1874 07 25 08 00  57.20   -2.20 1011.2         ABERDEEN
1874 07 26 08 00  57.20   -2.20 1003.4         ABERDEEN
1874 07 27 08 00  57.20   -2.20 1001.7         ABERDEEN
1874 07 28 08 00  57.20   -2.20 1003.4         ABERDEEN
1874 07 29 08 00  57.20   -2.20 1004.7         ABERDEEN
1874 07 30 08 00  57.20   -2.20 1006.8         ABERDEEN
1874 07 31 08 00  57.20   -2.20 1008.5         ABERDEEN
1874 07 01 08 00  45.94   -0.96 1021.0        ROCHEFORT
1874 07 02 08 00  45.94   -0.96 1015.9        ROCHEFORT
1874 07 03 08 00  45.94   -0.96 1022.0        ROCHEFORT
1874 07 04 08 00  45.94   -0.96 1024.7        ROCHEFORT
1874 07 05 08 00  45.94   -0.96 1025.4        ROCHEFORT
1874 07 06 08 00  45.94   -0.96 1020.0        ROCHEFORT
1874 07 07 08 00  45.94   -0.96 1013.5        ROCHEFORT
1874 07 08 08 00  45.94   -0.96 1017.6        ROCHEFORT
1874 07 09 08 00  45.94   -0.96 1018.3        ROCHEFORT
1874 07 10 08 00  45.94   -0.96 1019.6        ROCHEFORT
1874 07 11 08 00  45.94   -0.96 1020.0        ROCHEFORT
1874 07 12 08 00  45.94   -0.96 1019.3        ROCHEFORT
1874 07 13 08 00  45.94   -0.96 1020.0        ROCHEFORT
1874 07 14 08 00  45.94   -0.96 1016.6        ROCHEFORT
1874 07 15 08 00  45.94   -0.96 1016.9        ROCHEFORT
1874 07 16 08 00  45.94   -0.96 1019.0        ROCHEFORT
1874 07 17 08 00  45.94   -0.96 1021.7        ROCHEFORT
1874 07 18 08 00  45.94   -0.96 1021.7        ROCHEFORT
1874 07 19 08 00  45.94   -0.96 1019.0        ROCHEFORT
1874 07 20 08 00  45.94   -0.96 1016.3        ROCHEFORT
1874 07 21 08 00  45.94   -0.96 1019.3        ROCHEFORT
1874 07 22 08 00  45.94   -0.96 1020.7        ROCHEFORT
1874 07 23 08 00  45.94   -0.96 1018.6        ROCHEFORT
1874 07 24 08 00  45.94   -0.96 1019.0        ROCHEFORT
1874 07 25 08 00  45.94   -0.96 1017.6        ROCHEFORT
1874 07 26 08 00  45.94   -0.96 1017.6        ROCHEFORT
1874 07 27 08 00  45.94   -0.96 1012.2        ROCHEFORT
1874 07 28 08 00  45.94   -0.96 1010.8        ROCHEFORT
1874 07 29 08 00  45.94   -0.96 1007.5        ROCHEFORT
1874 07 30 08 00  45.94   -0.96 1019.6        ROCHEFORT
1874 07 31 08 00  45.94   -0.96 1022.4        ROCHEFORT
1874 07 01 08 00  51.80   -8.30 1008.8      ROCHESPOINT
1874 07 02 08 00  51.80   -8.30 1005.4      ROCHESPOINT
1874 07 03 08 00  51.80   -8.30 1009.1      ROCHESPOINT
1874 07 04 08 00  51.80   -8.30 1013.2      ROCHESPOINT
1874 07 05 08 00  51.80   -8.30 1022.7      ROCHESPOINT
1874 07 06 08 00  51.80   -8.30 1026.4      ROCHESPOINT
1874 07 07 08 00  51.80   -8.30 1021.0      ROCHESPOINT
1874 07 08 08 00  51.80   -8.30 1017.6      ROCHESPOINT
1874 07 09 08 00  51.80   -8.30 1019.0      ROCHESPOINT
1874 07 10 08 00  51.80   -8.30 1022.0      ROCHESPOINT
1874 07 11 08 00  51.80   -8.30 1021.0      ROCHESPOINT
1874 07 12 08 00  51.80   -8.30 1016.3      ROCHESPOINT
1874 07 13 08 00  51.80   -8.30 1016.9      ROCHESPOINT
1874 07 14 08 00  51.80   -8.30 1016.9      ROCHESPOINT
1874 07 15 08 00  51.80   -8.30 1021.0      ROCHESPOINT
1874 07 16 08 00  51.80   -8.30 1021.0      ROCHESPOINT
1874 07 17 08 00  51.80   -8.30 1021.7      ROCHESPOINT
1874 07 18 08 00  51.80   -8.30 1022.7      ROCHESPOINT
1874 07 19 08 00  51.80   -8.30 1019.0      ROCHESPOINT
1874 07 20 08 00  51.80   -8.30 1015.9      ROCHESPOINT
1874 07 21 08 00  51.80   -8.30  982.4      ROCHESPOINT
1874 07 22 08 00  51.80   -8.30 1012.5      ROCHESPOINT
1874 07 23 08 00  51.80   -8.30 1011.9      ROCHESPOINT
1874 07 24 08 00  51.80   -8.30 1011.9      ROCHESPOINT
1874 07 25 08 00  51.80   -8.30 1014.2      ROCHESPOINT
1874 07 26 08 00  51.80   -8.30 1003.4      ROCHESPOINT
1874 07 27 08 00  51.80   -8.30 1003.4      ROCHESPOINT
1874 07 28 08 00  51.80   -8.30 1000.0      ROCHESPOINT
1874 07 29 08 00  51.80   -8.30 1007.8      ROCHESPOINT
1874 07 30 08 00  51.80   -8.30 1015.9      ROCHESPOINT
1874 07 31 08 00  51.80   -8.30 1016.6      ROCHESPOINT
1874 07 01 08 00  50.38   -4.14 1016.9         PLYMOUTH
1874 07 02 08 00  50.38   -4.14 1012.2         PLYMOUTH
1874 07 03 08 00  50.38   -4.14 1015.6         PLYMOUTH
1874 07 04 08 00  50.38   -4.14 1019.0         PLYMOUTH
1874 07 05 08 00  50.38   -4.14 1024.7         PLYMOUTH
1874 07 06 08 00  50.38   -4.14 1026.1         PLYMOUTH
1874 07 07 08 00  50.38   -4.14 1020.0         PLYMOUTH
1874 07 08 08 00  50.38   -4.14 1019.6         PLYMOUTH
1874 07 09 08 00  50.38   -4.14 1021.0         PLYMOUTH
1874 07 10 08 00  50.38   -4.14 1021.3         PLYMOUTH
1874 07 11 08 00  50.38   -4.14 1018.6         PLYMOUTH
1874 07 12 08 00  50.38   -4.14 1017.9         PLYMOUTH
1874 07 13 08 00  50.38   -4.14 1020.0         PLYMOUTH
1874 07 14 08 00  50.38   -4.14 1018.6         PLYMOUTH
1874 07 15 08 00  50.38   -4.14 1021.0         PLYMOUTH
1874 07 16 08 00  50.38   -4.14 1020.7         PLYMOUTH
1874 07 17 08 00  50.38   -4.14 1022.4         PLYMOUTH
1874 07 18 08 00  50.38   -4.14 1023.4         PLYMOUTH
1874 07 19 08 00  50.38   -4.14 1020.0         PLYMOUTH
1874 07 20 08 00  50.38   -4.14 1015.9         PLYMOUTH
1874 07 21 08 00  50.38   -4.14 1011.2         PLYMOUTH
1874 07 22 08 00  50.38   -4.14 1014.9         PLYMOUTH
1874 07 23 08 00  50.38   -4.14 1012.5         PLYMOUTH
1874 07 24 08 00  50.38   -4.14 1012.5         PLYMOUTH
1874 07 25 08 00  50.38   -4.14 1015.9         PLYMOUTH
1874 07 26 08 00  50.38   -4.14 1007.8         PLYMOUTH
1874 07 27 08 00  50.38   -4.14 1007.1         PLYMOUTH
1874 07 28 08 00  50.38   -4.14 1002.7         PLYMOUTH
1874 07 29 08 00  50.38   -4.14 1006.8         PLYMOUTH
1874 07 30 08 00  50.38   -4.14 1016.3         PLYMOUTH
1874 07 31 08 00  50.38   -4.14 1019.6         PLYMOUTH
1874 07 01 08 00  41.90   12.50 1020.5             ROME
1874 07 02 08 00  41.90   12.50 1021.2             ROME
1874 07 03 08 00  41.90   12.50 1019.2             ROME
1874 07 04 08 00  41.90   12.50 1017.3             ROME
1874 07 05 08 00  41.90   12.50 1017.2             ROME
1874 07 06 08 00  41.90   12.50 1016.7             ROME
1874 07 07 08 00  41.90   12.50 1015.9             ROME
1874 07 08 08 00  41.90   12.50 1016.9             ROME
1874 07 09 08 00  41.90   12.50 1019.0             ROME
1874 07 10 08 00  41.90   12.50 1017.7             ROME
1874 07 11 08 00  41.90   12.50 1013.2             ROME
1874 07 12 08 00  41.90   12.50 1024.5             ROME
1874 07 13 08 00  41.90   12.50 1015.6             ROME
1874 07 14 08 00  41.90   12.50 1017.3             ROME
1874 07 15 08 00  41.90   12.50 1016.3             ROME
1874 07 16 08 00  41.90   12.50 1015.6             ROME
1874 07 17 08 00  41.90   12.50 1016.7             ROME
1874 07 18 08 00  41.90   12.50 1015.9             ROME
1874 07 19 08 00  41.90   12.50 1012.7             ROME
1874 07 20 08 00  41.90   12.50 1012.8             ROME
1874 07 21 08 00  41.90   12.50 1011.6             ROME
1874 07 22 08 00  41.90   12.50 1015.5             ROME
1874 07 23 08 00  41.90   12.50 1016.5             ROME
1874 07 24 08 00  41.90   12.50 1013.7             ROME
1874 07 25 08 00  41.90   12.50 1007.3             ROME
1874 07 26 08 00  41.90   12.50 1003.8             ROME
1874 07 27 08 00  41.90   12.50 1012.1             ROME
1874 07 28 08 00  41.90   12.50 1014.4             ROME
1874 07 29 08 00  41.90   12.50 1012.8             ROME
1874 07 30 08 00  41.90   12.50 1005.7             ROME
1874 07 31 08 00  41.90   12.50 1005.7             ROME
1874 07 01 08 00  48.39   -4.49 1021.0            BREST
1874 07 02 08 00  48.39   -4.49 1015.6            BREST
1874 07 03 08 00  48.39   -4.49 1019.3            BREST
1874 07 04 08 00  48.39   -4.49 1023.0            BREST
1874 07 05 08 00  48.39   -4.49 1027.4            BREST
1874 07 06 08 00  48.39   -4.49 1027.4            BREST
1874 07 07 08 00  48.39   -4.49 1019.6            BREST
1874 07 08 08 00  48.39   -4.49 1020.3            BREST
1874 07 09 08 00  48.39   -4.49 1021.7            BREST
1874 07 10 08 00  48.39   -4.49 1021.3            BREST
1874 07 11 08 00  48.39   -4.49 1022.7            BREST
1874 07 12 08 00  48.39   -4.49 1020.0            BREST
1874 07 13 08 00  48.39   -4.49 1021.7            BREST
1874 07 14 08 00  48.39   -4.49 1019.3            BREST
1874 07 15 08 00  48.39   -4.49 1021.0            BREST
1874 07 16 08 00  48.39   -4.49 1018.3            BREST
1874 07 17 08 00  48.39   -4.49 1021.7            BREST
1874 07 18 08 00  48.39   -4.49 1022.7            BREST
1874 07 19 08 00  48.39   -4.49 1020.0            BREST
1874 07 20 08 00  48.39   -4.49 1019.3            BREST
1874 07 21 08 00  48.39   -4.49 1016.6            BREST
1874 07 22 08 00  48.39   -4.49 1017.3            BREST
1874 07 23 08 00  48.39   -4.49 1016.3            BREST
1874 07 24 08 00  48.39   -4.49 1016.6            BREST
1874 07 25 08 00  48.39   -4.49 1018.6            BREST
1874 07 26 08 00  48.39   -4.49 1008.1            BREST
1874 07 27 08 00  48.39   -4.49 1009.8            BREST
1874 07 28 08 00  48.39   -4.49 1005.4            BREST
1874 07 29 08 00  48.39   -4.49 1007.8            BREST
1874 07 30 08 00  48.39   -4.49 1019.6            BREST
1874 07 31 08 00  48.39   -4.49 1023.0            BREST
1874 07 01 08 00  45.76    4.84 1014.8            LYONS
1874 07 02 08 00  45.76    4.84 1012.1            LYONS
1874 07 03 08 00  45.76    4.84 1012.1            LYONS
1874 07 04 08 00  45.76    4.84 1013.5            LYONS
1874 07 05 08 00  45.76    4.84 1013.5            LYONS
1874 07 06 08 00  45.76    4.84 1012.1            LYONS
1874 07 07 08 00  45.76    4.84 1006.8            LYONS
1874 07 08 08 00  45.76    4.84 1009.5            LYONS
1874 07 09 08 00  45.76    4.84 1012.1            LYONS
1874 07 10 08 00  45.76    4.84 1011.5            LYONS
1874 07 13 08 00  45.76    4.84 1009.2            LYONS
1874 07 14 08 00  45.76    4.84 1008.8            LYONS
1874 07 16 08 00  45.76    4.84 1006.8            LYONS
1874 07 17 08 00  45.76    4.84 1009.5            LYONS
1874 07 18 08 00  45.76    4.84 1010.1            LYONS
1874 07 19 08 00  45.76    4.84 1007.5            LYONS
1874 07 20 08 00  45.76    4.84 1004.2            LYONS
1874 07 21 08 00  45.76    4.84 1003.9            LYONS
1874 07 22 08 00  45.76    4.84 1009.5            LYONS
1874 07 23 08 00  45.76    4.84 1006.8            LYONS
1874 07 24 08 00  45.76    4.84 1005.5            LYONS
1874 07 25 08 00  45.76    4.84  998.8            LYONS
1874 07 27 08 00  45.76    4.84 1003.5            LYONS
1874 07 28 08 00  45.76    4.84 1001.5            LYONS
1874 07 29 08 00  45.76    4.84  995.1            LYONS
1874 07 30 08 00  45.76    4.84 1002.2            LYONS
1874 07 31 08 00  45.76    4.84 1008.1            LYONS
1874 07 01 08 00  43.12    5.93 1025.4           TOULON
1874 07 02 08 00  43.12    5.93 1023.7           TOULON
1874 07 03 08 00  43.12    5.93 1024.7           TOULON
1874 07 04 08 00  43.12    5.93 1022.4           TOULON
1874 07 05 08 00  43.12    5.93 1022.0           TOULON
1874 07 06 08 00  43.12    5.93 1020.3           TOULON
1874 07 07 08 00  43.12    5.93 1017.9           TOULON
1874 07 08 08 00  43.12    5.93 1019.3           TOULON
1874 07 09 08 00  43.12    5.93 1023.0           TOULON
1874 07 10 08 00  43.12    5.93 1022.4           TOULON
1874 07 11 08 00  43.12    5.93 1018.6           TOULON
1874 07 12 08 00  43.12    5.93 1014.2           TOULON
1874 07 13 08 00  43.12    5.93 1019.0           TOULON
1874 07 14 08 00  43.12    5.93 1020.0           TOULON
1874 07 15 08 00  43.12    5.93 1020.3           TOULON
1874 07 16 08 00  43.12    5.93 1021.0           TOULON
1874 07 17 08 00  43.12    5.93 1021.7           TOULON
1874 07 18 08 00  43.12    5.93 1019.0           TOULON
1874 07 19 08 00  43.12    5.93 1020.3           TOULON
1874 07 20 08 00  43.12    5.93 1017.6           TOULON
1874 07 21 08 00  43.12    5.93 1015.6           TOULON
1874 07 22 08 00  43.12    5.93 1017.6           TOULON
1874 07 23 08 00  43.12    5.93 1018.3           TOULON
1874 07 24 08 00  43.12    5.93 1015.6           TOULON
1874 07 25 08 00  43.12    5.93 1011.2           TOULON
1874 07 26 08 00  43.12    5.93 1010.5           TOULON
1874 07 27 08 00  43.12    5.93 1015.6           TOULON
1874 07 28 08 00  43.12    5.93 1015.6           TOULON
1874 07 29 08 00  43.12    5.93 1012.9           TOULON
1874 07 30 08 00  43.12    5.93 1008.5           TOULON
1874 07 31 08 00  43.12    5.93 1011.9           TOULON
1874 07 01 08 00  33.31   44.36 1004.2          BAGHDAD
1874 07 02 08 00  33.31   44.36 1001.5          BAGHDAD
1874 07 03 08 00  33.31   44.36 1004.2          BAGHDAD
1874 07 04 08 00  33.31   44.36 1004.2          BAGHDAD
1874 07 05 08 00  33.31   44.36 1004.2          BAGHDAD
1874 07 06 08 00  33.31   44.36 1002.8          BAGHDAD
1874 07 07 08 00  33.31   44.36 1002.8          BAGHDAD
1874 07 08 08 00  33.31   44.36 1004.2          BAGHDAD
1874 07 09 08 00  33.31   44.36 1004.2          BAGHDAD
1874 07 10 08 00  33.31   44.36 1002.8          BAGHDAD
1874 07 11 08 00  33.31   44.36 1001.5          BAGHDAD
1874 07 12 08 00  33.31   44.36 1001.5          BAGHDAD
1874 07 13 08 00  33.31   44.36 1004.2          BAGHDAD
1874 07 14 08 00  33.31   44.36 1004.2          BAGHDAD
1874 07 15 08 00  33.31   44.36 1004.2          BAGHDAD
1874 07 16 08 00  33.31   44.36 1002.8          BAGHDAD
1874 07 17 08 00  33.31   44.36 1002.8          BAGHDAD
1874 07 18 08 00  33.31   44.36 1000.6          BAGHDAD
1874 07 19 08 00  33.31   44.36 1000.2          BAGHDAD
1874 07 20 08 00  33.31   44.36 1000.2          BAGHDAD
1874 07 21 08 00  33.31   44.36 1001.5          BAGHDAD
1874 07 22 08 00  33.31   44.36 1005.5          BAGHDAD
1874 07 23 08 00  33.31   44.36 1005.5          BAGHDAD
1874 07 24 08 00  33.31   44.36 1005.5          BAGHDAD
1874 07 25 08 00  33.31   44.36  998.8          BAGHDAD
1874 07 26 08 00  33.31   44.36 1000.2          BAGHDAD
1874 07 27 08 00  33.31   44.36 1001.5          BAGHDAD
1874 07 28 08 00  33.31   44.36 1000.2          BAGHDAD
1874 07 29 08 00  33.31   44.36 1000.2          BAGHDAD
1874 07 30 08 00  33.31   44.36 1001.5          BAGHDAD
1874 07 31 08 00  33.31   44.36  998.8          BAGHDAD
1874 07 01 08 00  58.20   -6.30 1003.0        STORNOWAY
1874 07 02 08 00  58.20   -6.30  997.0        STORNOWAY
1874 07 03 08 00  58.20   -6.30  992.9        STORNOWAY
1874 07 04 08 00  58.20   -6.30  997.0        STORNOWAY
1874 07 05 08 00  58.20   -6.30 1011.5        STORNOWAY
1874 07 06 08 00  58.20   -6.30 1017.6        STORNOWAY
1874 07 07 08 00  58.20   -6.30 1014.2        STORNOWAY
1874 07 08 08 00  58.20   -6.30 1009.5        STORNOWAY
1874 07 09 08 00  58.20   -6.30 1010.2        STORNOWAY
1874 07 10 08 00  58.20   -6.30 1020.3        STORNOWAY
1874 07 11 08 00  58.20   -6.30 1020.7        STORNOWAY
1874 07 12 08 00  58.20   -6.30 1019.0        STORNOWAY
1874 07 13 08 00  58.20   -6.30 1017.9        STORNOWAY
1874 07 14 08 00  58.20   -6.30 1009.8        STORNOWAY
1874 07 15 08 00  58.20   -6.30 1017.9        STORNOWAY
1874 07 16 08 00  58.20   -6.30 1022.4        STORNOWAY
1874 07 17 08 00  58.20   -6.30 1017.9        STORNOWAY
1874 07 18 08 00  58.20   -6.30 1020.0        STORNOWAY
1874 07 19 08 00  58.20   -6.30 1015.6        STORNOWAY
1874 07 20 08 00  58.20   -6.30  985.1        STORNOWAY
1874 07 21 08 00  58.20   -6.30 1005.4        STORNOWAY
1874 07 22 08 00  58.20   -6.30 1004.1        STORNOWAY
1874 07 23 08 00  58.20   -6.30 1004.7        STORNOWAY
1874 07 24 08 00  58.20   -6.30 1009.5        STORNOWAY
1874 07 25 08 00  58.20   -6.30 1010.8        STORNOWAY
1874 07 26 08 00  58.20   -6.30  998.3        STORNOWAY
1874 07 27 08 00  58.20   -6.30  998.0        STORNOWAY
1874 07 28 08 00  58.20   -6.30 1002.4        STORNOWAY
1874 07 29 08 00  58.20   -6.30 1003.4        STORNOWAY
1874 07 30 08 00  58.20   -6.30 1004.4        STORNOWAY
1874 07 31 08 00  58.20   -6.30 1003.7        STORNOWAY
1874 07 01 08 00  32.67  -16.92 1020.1          FUNCHAL
1874 07 02 08 00  32.67  -16.92 1021.4          FUNCHAL
1874 07 03 08 00  32.67  -16.92 1022.8          FUNCHAL
1874 07 04 08 00  32.67  -16.92 1021.4          FUNCHAL
1874 07 05 08 00  32.67  -16.92 1018.8          FUNCHAL
1874 07 06 08 00  32.67  -16.92 1018.8          FUNCHAL
1874 07 07 08 00  32.67  -16.92 1016.1          FUNCHAL
1874 07 08 08 00  32.67  -16.92 1017.5          FUNCHAL
1874 07 09 08 00  32.67  -16.92 1020.1          FUNCHAL
1874 07 10 08 00  32.67  -16.92 1021.4          FUNCHAL
1874 07 11 08 00  32.67  -16.92 1020.1          FUNCHAL
1874 07 12 08 00  32.67  -16.92 1018.8          FUNCHAL
1874 07 13 08 00  32.67  -16.92 1018.8          FUNCHAL
1874 07 14 08 00  32.67  -16.92 1020.1          FUNCHAL
1874 07 15 08 00  32.67  -16.92 1021.4          FUNCHAL
1874 07 16 08 00  32.67  -16.92 1021.4          FUNCHAL
1874 07 17 08 00  32.67  -16.92 1020.1          FUNCHAL
1874 07 18 08 00  32.67  -16.92 1020.1          FUNCHAL
1874 07 19 08 00  32.67  -16.92 1021.4          FUNCHAL
1874 07 20 08 00  32.67  -16.92 1021.4          FUNCHAL
1874 07 21 08 00  32.67  -16.92 1020.1          FUNCHAL
1874 07 22 08 00  32.67  -16.92 1018.8          FUNCHAL
1874 07 23 08 00  32.67  -16.92 1020.1          FUNCHAL
1874 07 24 08 00  32.67  -16.92 1021.4          FUNCHAL
1874 07 25 08 00  32.67  -16.92 1020.1          FUNCHAL
1874 07 26 08 00  32.67  -16.92 1017.5          FUNCHAL
1874 07 27 08 00  32.67  -16.92 1016.1          FUNCHAL
1874 07 28 08 00  32.67  -16.92 1018.8          FUNCHAL
1874 07 29 08 00  32.67  -16.92 1018.8          FUNCHAL
1874 07 30 08 00  32.67  -16.92 1017.5          FUNCHAL
1874 07 31 08 00  32.67  -16.92 1016.1          FUNCHAL
1874 07 01 08 00  33.89   35.50 1005.6           BEIRUT
1874 07 02 08 00  33.89   35.50 1004.3           BEIRUT
1874 07 03 08 00  33.89   35.50 1003.5           BEIRUT
1874 07 04 08 00  33.89   35.50 1003.2           BEIRUT
1874 07 05 08 00  33.89   35.50 1002.8           BEIRUT
1874 07 06 08 00  33.89   35.50 1002.4           BEIRUT
1874 07 07 08 00  33.89   35.50 1002.2           BEIRUT
1874 07 08 08 00  33.89   35.50 1003.8           BEIRUT
1874 07 09 08 00  33.89   35.50 1005.2           BEIRUT
1874 07 10 08 00  33.89   35.50 1003.4           BEIRUT
1874 07 11 08 00  33.89   35.50 1001.1           BEIRUT
1874 07 12 08 00  33.89   35.50 1002.4           BEIRUT
1874 07 13 08 00  33.89   35.50 1004.2           BEIRUT
1874 07 14 08 00  33.89   35.50 1003.9           BEIRUT
1874 07 15 08 00  33.89   35.50 1002.7           BEIRUT
1874 07 16 08 00  33.89   35.50 1001.8           BEIRUT
1874 07 17 08 00  33.89   35.50 1002.3           BEIRUT
1874 07 18 08 00  33.89   35.50 1000.6           BEIRUT
1874 07 19 08 00  33.89   35.50  999.1           BEIRUT
1874 07 20 08 00  33.89   35.50  997.2           BEIRUT
1874 07 21 08 00  33.89   35.50  999.2           BEIRUT
1874 07 22 08 00  33.89   35.50 1005.7           BEIRUT
1874 07 23 08 00  33.89   35.50 1005.9           BEIRUT
1874 07 24 08 00  33.89   35.50 1004.2           BEIRUT
1874 07 25 08 00  33.89   35.50 1002.0           BEIRUT
1874 07 26 08 00  33.89   35.50 1000.4           BEIRUT
1874 07 27 08 00  33.89   35.50 1000.8           BEIRUT
1874 07 28 08 00  33.89   35.50 1001.1           BEIRUT
1874 07 29 08 00  33.89   35.50 1001.0           BEIRUT
1874 07 30 08 00  33.89   35.50 1000.4           BEIRUT
1874 07 31 08 00  33.89   35.50 1000.7           BEIRUT
1874 07 01 08 00  55.20   -6.99 1007.5      GREENCASTLE
1874 07 01 14 00  55.20   -6.99 1005.1      GREENCASTLE
1874 07 02 08 00  55.20   -6.99  999.3      GREENCASTLE
1874 07 02 14 00  55.20   -6.99 1005.4      GREENCASTLE
1874 07 03 08 00  55.20   -6.99  998.6      GREENCASTLE
1874 07 03 14 00  55.20   -6.99  998.0      GREENCASTLE
1874 07 04 08 00  55.20   -6.99 1003.4      GREENCASTLE
1874 07 04 14 00  55.20   -6.99 1000.0      GREENCASTLE
1874 07 05 08 00  55.20   -6.99 1018.3      GREENCASTLE
1874 07 05 14 00  55.20   -6.99 1006.4      GREENCASTLE
1874 07 06 08 00  55.20   -6.99 1023.7      GREENCASTLE
1874 07 07 08 00  55.20   -6.99 1019.0      GREENCASTLE
1874 07 07 14 00  55.20   -6.99 1023.0      GREENCASTLE
1874 07 08 08 00  55.20   -6.99 1014.2      GREENCASTLE
1874 07 08 14 00  55.20   -6.99 1016.9      GREENCASTLE
1874 07 09 08 00  55.20   -6.99 1016.3      GREENCASTLE
1874 07 09 14 00  55.20   -6.99 1015.2      GREENCASTLE
1874 07 10 08 00  55.20   -6.99 1023.4      GREENCASTLE
1874 07 10 14 00  55.20   -6.99 1019.3      GREENCASTLE
1874 07 11 08 00  55.20   -6.99 1021.0      GREENCASTLE
1874 07 11 14 00  55.20   -6.99 1023.0      GREENCASTLE
1874 07 12 08 00  55.20   -6.99 1019.0      GREENCASTLE
1874 07 12 14 00  55.20   -6.99 1020.3      GREENCASTLE
1874 07 13 08 00  55.20   -6.99 1016.6      GREENCASTLE
1874 07 14 08 00  55.20   -6.99 1013.9      GREENCASTLE
1874 07 14 14 00  55.20   -6.99 1013.5      GREENCASTLE
1874 07 15 08 00  55.20   -6.99 1020.3      GREENCASTLE
1874 07 15 14 00  55.20   -6.99 1014.6      GREENCASTLE
1874 07 16 08 00  55.20   -6.99 1021.7      GREENCASTLE
1874 07 16 14 00  55.20   -6.99 1021.3      GREENCASTLE
1874 07 17 08 00  55.20   -6.99 1020.3      GREENCASTLE
1874 07 17 14 00  55.20   -6.99 1020.3      GREENCASTLE
1874 07 18 08 00  55.20   -6.99 1021.7      GREENCASTLE
1874 07 18 14 00  55.20   -6.99 1021.0      GREENCASTLE
1874 07 19 08 00  55.20   -6.99 1016.9      GREENCASTLE
1874 07 19 14 00  55.20   -6.99 1020.7      GREENCASTLE
1874 07 20 08 00  55.20   -6.99 1013.5      GREENCASTLE
1874 07 21 08 00  55.20   -6.99 1002.4      GREENCASTLE
1874 07 21 14 00  55.20   -6.99 1011.5      GREENCASTLE
1874 07 22 08 00  55.20   -6.99 1008.1      GREENCASTLE
1874 07 22 14 00  55.20   -6.99 1005.8      GREENCASTLE
1874 07 23 08 00  55.20   -6.99 1007.1      GREENCASTLE
1874 07 23 14 00  55.20   -6.99 1007.8      GREENCASTLE
1874 07 24 08 00  55.20   -6.99 1010.2      GREENCASTLE
1874 07 24 14 00  55.20   -6.99 1007.8      GREENCASTLE
1874 07 25 08 00  55.20   -6.99 1012.9      GREENCASTLE
1874 07 25 14 00  55.20   -6.99 1012.9      GREENCASTLE
1874 07 26 08 00  55.20   -6.99 1000.0      GREENCASTLE
1874 07 26 14 00  55.20   -6.99 1009.1      GREENCASTLE
1874 07 27 08 00  55.20   -6.99 1000.0      GREENCASTLE
1874 07 28 08 00  55.20   -6.99 1001.0      GREENCASTLE
1874 07 28 14 00  55.20   -6.99 1000.3      GREENCASTLE
1874 07 29 08 00  55.20   -6.99 1006.8      GREENCASTLE
1874 07 29 14 00  55.20   -6.99 1002.0      GREENCASTLE
1874 07 30 08 00  55.20   -6.99 1011.2      GREENCASTLE
1874 07 30 14 00  55.20   -6.99 1007.1      GREENCASTLE
1874 07 31 08 00  55.20   -6.99 1010.5      GREENCASTLE
1874 07 31 14 00  55.20   -6.99 1011.5      GREENCASTLE
