1874 04 01 08 00  36.75    3.06 1023.8          ALGIERS
1874 04 02 08 00  36.75    3.06 1022.5          ALGIERS
1874 04 03 08 00  36.75    3.06 1015.1          ALGIERS
1874 04 04 08 00  36.75    3.06 1013.7          ALGIERS
1874 04 05 08 00  36.75    3.06 1007.3          ALGIERS
1874 04 06 08 00  36.75    3.06 1011.6          ALGIERS
1874 04 07 08 00  36.75    3.06 1000.2          ALGIERS
1874 04 08 08 00  36.75    3.06 1014.1          ALGIERS
1874 04 09 08 00  36.75    3.06 1014.9          ALGIERS
1874 04 10 08 00  36.75    3.06 1008.1          ALGIERS
1874 04 11 08 00  36.75    3.06  977.6          ALGIERS
1874 04 12 08 00  36.75    3.06  991.8          ALGIERS
1874 04 13 08 00  36.75    3.06 1004.4          ALGIERS
1874 04 14 08 00  36.75    3.06 1003.6          ALGIERS
1874 04 15 08 00  36.75    3.06 1001.6          ALGIERS
1874 04 16 08 00  36.75    3.06 1011.2          ALGIERS
1874 04 17 08 00  36.75    3.06 1016.3          ALGIERS
1874 04 18 08 00  36.75    3.06 1019.6          ALGIERS
1874 04 19 08 00  36.75    3.06 1017.1          ALGIERS
1874 04 20 08 00  36.75    3.06 1014.4          ALGIERS
1874 04 21 08 00  36.75    3.06 1014.9          ALGIERS
1874 04 22 08 00  36.75    3.06 1014.9          ALGIERS
1874 04 23 08 00  36.75    3.06 1021.4          ALGIERS
1874 04 24 08 00  36.75    3.06 1020.4          ALGIERS
1874 04 25 08 00  36.75    3.06 1018.2          ALGIERS
1874 04 26 08 00  36.75    3.06 1018.9          ALGIERS
1874 04 27 08 00  36.75    3.06 1020.4          ALGIERS
1874 04 28 08 00  36.75    3.06 1013.5          ALGIERS
1874 04 29 08 00  36.75    3.06 1010.9          ALGIERS
1874 04 30 08 00  36.75    3.06 1008.5          ALGIERS
1874 04 01 08 00  30.51   47.78 1024.9            BASRA
1874 04 02 08 00  30.51   47.78 1020.4            BASRA
1874 04 03 08 00  30.51   47.78 1018.9            BASRA
1874 04 04 08 00  30.51   47.78 1024.1            BASRA
1874 04 05 08 00  30.51   47.78 1018.2            BASRA
1874 04 06 08 00  30.51   47.78 1018.4            BASRA
1874 04 07 08 00  30.51   47.78 1025.4            BASRA
1874 04 08 08 00  30.51   47.78 1025.0            BASRA
1874 04 09 08 00  30.51   47.78 1022.8            BASRA
1874 04 10 08 00  30.51   47.78 1022.5            BASRA
1874 04 11 08 00  30.51   47.78 1025.7            BASRA
1874 04 12 08 00  30.51   47.78 1026.8            BASRA
1874 04 13 08 00  30.51   47.78 1026.8            BASRA
1874 04 14 08 00  30.51   47.78 1023.0            BASRA
1874 04 15 08 00  30.51   47.78 1022.8            BASRA
1874 04 16 08 00  30.51   47.78 1025.4            BASRA
1874 04 17 08 00  30.51   47.78 1025.2            BASRA
1874 04 18 08 00  30.51   47.78 1021.7            BASRA
1874 04 19 08 00  30.51   47.78 1017.5            BASRA
1874 04 20 08 00  30.51   47.78 1013.5            BASRA
1874 04 21 08 00  30.51   47.78 1018.8            BASRA
1874 04 22 08 00  30.51   47.78 1018.4            BASRA
1874 04 23 08 00  30.51   47.78 1013.9            BASRA
1874 04 24 08 00  30.51   47.78 1016.5            BASRA
1874 04 25 08 00  30.51   47.78 1016.7            BASRA
1874 04 26 08 00  30.51   47.78 1018.2            BASRA
1874 04 27 08 00  30.51   47.78 1018.2            BASRA
1874 04 28 08 00  30.51   47.78 1018.0            BASRA
1874 04 29 08 00  30.51   47.78 1017.7            BASRA
1874 04 30 08 00  30.51   47.78 1017.6            BASRA
1874 04 01 08 00  31.51   -9.76 1022.8          MOGADOR
1874 04 02 08 00  31.51   -9.76 1021.4          MOGADOR
1874 04 03 08 00  31.51   -9.76 1020.1          MOGADOR
1874 04 04 08 00  31.51   -9.76 1020.1          MOGADOR
1874 04 05 08 00  31.51   -9.76 1021.4          MOGADOR
1874 04 06 08 00  31.51   -9.76 1020.1          MOGADOR
1874 04 07 08 00  31.51   -9.76 1021.4          MOGADOR
1874 04 08 08 00  31.51   -9.76 1018.8          MOGADOR
1874 04 09 08 00  31.51   -9.76 1017.5          MOGADOR
1874 04 10 08 00  31.51   -9.76 1017.5          MOGADOR
1874 04 11 08 00  31.51   -9.76 1017.5          MOGADOR
1874 04 12 08 00  31.51   -9.76 1014.8          MOGADOR
1874 04 13 08 00  31.51   -9.76 1017.5          MOGADOR
1874 04 14 08 00  31.51   -9.76 1018.8          MOGADOR
1874 04 15 08 00  31.51   -9.76 1012.1          MOGADOR
1874 04 16 08 00  31.51   -9.76 1006.8          MOGADOR
1874 04 17 08 00  31.51   -9.76 1008.1          MOGADOR
1874 04 18 08 00  31.51   -9.76 1008.1          MOGADOR
1874 04 19 08 00  31.51   -9.76 1012.1          MOGADOR
1874 04 20 08 00  31.51   -9.76 1013.5          MOGADOR
1874 04 21 08 00  31.51   -9.76 1013.5          MOGADOR
1874 04 22 08 00  31.51   -9.76 1016.1          MOGADOR
1874 04 23 08 00  31.51   -9.76 1017.5          MOGADOR
1874 04 24 08 00  31.51   -9.76 1014.8          MOGADOR
1874 04 25 08 00  31.51   -9.76 1014.8          MOGADOR
1874 04 26 08 00  31.51   -9.76 1014.8          MOGADOR
1874 04 27 08 00  31.51   -9.76 1012.1          MOGADOR
1874 04 28 08 00  31.51   -9.76 1014.8          MOGADOR
1874 04 29 08 00  31.51   -9.76 1017.5          MOGADOR
1874 04 30 08 00  31.51   -9.76 1013.5          MOGADOR
1874 04 01 08 00  38.66  -27.23 1025.4            ANGRA
1874 04 02 08 00  38.66  -27.23 1021.4            ANGRA
1874 04 03 08 00  38.66  -27.23 1020.1            ANGRA
1874 04 04 08 00  38.66  -27.23 1016.1            ANGRA
1874 04 05 08 00  38.66  -27.23 1022.8            ANGRA
1874 04 06 08 00  38.66  -27.23 1029.4            ANGRA
1874 04 07 08 00  38.66  -27.23 1032.1            ANGRA
1874 04 08 08 00  38.66  -27.23 1032.1            ANGRA
1874 04 09 08 00  38.66  -27.23 1026.8            ANGRA
1874 04 10 08 00  38.66  -27.23 1024.1            ANGRA
1874 04 11 08 00  38.66  -27.23 1021.4            ANGRA
1874 04 12 08 00  38.66  -27.23 1025.4            ANGRA
1874 04 13 08 00  38.66  -27.23 1032.1            ANGRA
1874 04 14 08 00  38.66  -27.23 1032.1            ANGRA
1874 04 15 08 00  38.66  -27.23 1030.8            ANGRA
1874 04 16 08 00  38.66  -27.23 1028.1            ANGRA
1874 04 17 08 00  38.66  -27.23 1026.8            ANGRA
1874 04 18 08 00  38.66  -27.23 1021.4            ANGRA
1874 04 19 08 00  38.66  -27.23 1018.8            ANGRA
1874 04 20 08 00  38.66  -27.23 1013.5            ANGRA
1874 04 21 08 00  38.66  -27.23 1010.8            ANGRA
1874 04 22 08 00  38.66  -27.23 1006.8            ANGRA
1874 04 23 08 00  38.66  -27.23 1005.5            ANGRA
1874 04 24 08 00  38.66  -27.23 1000.2            ANGRA
1874 04 25 08 00  38.66  -27.23 1004.2            ANGRA
1874 04 26 08 00  38.66  -27.23  993.5            ANGRA
1874 04 27 08 00  38.66  -27.23 1002.8            ANGRA
1874 04 28 08 00  38.66  -27.23 1016.1            ANGRA
1874 04 29 08 00  38.66  -27.23 1017.5            ANGRA
1874 04 30 08 00  38.66  -27.23 1012.1            ANGRA
1874 04 01 08 00  38.72   -9.14 1024.0           LISBON
1874 04 02 08 00  38.72   -9.14 1023.4           LISBON
1874 04 03 08 00  38.72   -9.14 1015.9           LISBON
1874 04 04 08 00  38.72   -9.14 1013.9           LISBON
1874 04 05 08 00  38.72   -9.14 1021.3           LISBON
1874 04 06 08 00  38.72   -9.14 1014.8           LISBON
1874 04 07 08 00  38.72   -9.14 1024.1           LISBON
1874 04 08 08 00  38.72   -9.14 1024.8           LISBON
1874 04 09 08 00  38.72   -9.14 1022.2           LISBON
1874 04 10 08 00  38.72   -9.14 1014.8           LISBON
1874 04 11 08 00  38.72   -9.14 1000.7           LISBON
1874 04 12 08 00  38.72   -9.14 1011.5           LISBON
1874 04 13 08 00  38.72   -9.14 1022.0           LISBON
1874 04 14 08 00  38.72   -9.14 1023.6           LISBON
1874 04 15 08 00  38.72   -9.14 1017.5           LISBON
1874 04 16 08 00  38.72   -9.14 1015.9           LISBON
1874 04 17 08 00  38.72   -9.14 1015.9           LISBON
1874 04 18 08 00  38.72   -9.14 1016.1           LISBON
1874 04 19 08 00  38.72   -9.14 1014.4           LISBON
1874 04 20 08 00  38.72   -9.14 1014.3           LISBON
1874 04 21 08 00  38.72   -9.14 1014.8           LISBON
1874 04 22 08 00  38.72   -9.14 1019.2           LISBON
1874 04 23 08 00  38.72   -9.14 1025.0           LISBON
1874 04 24 08 00  38.72   -9.14 1020.5           LISBON
1874 04 25 08 00  38.72   -9.14 1016.7           LISBON
1874 04 26 08 00  38.72   -9.14 1016.9           LISBON
1874 04 27 08 00  38.72   -9.14 1015.3           LISBON
1874 04 28 08 00  38.72   -9.14 1013.3           LISBON
1874 04 29 08 00  38.72   -9.14 1011.6           LISBON
1874 04 30 08 00  38.72   -9.14 1014.4           LISBON
1874 04 01 08 00  57.20   -2.20  998.6         ABERDEEN
1874 04 02 08 00  57.20   -2.20  982.1         ABERDEEN
1874 04 03 08 00  57.20   -2.20  962.4         ABERDEEN
1874 04 04 08 00  57.20   -2.20  981.7         ABERDEEN
1874 04 05 08 00  57.20   -2.20  987.1         ABERDEEN
1874 04 06 08 00  57.20   -2.20  998.3         ABERDEEN
1874 04 07 08 00  57.20   -2.20 1011.2         ABERDEEN
1874 04 08 08 00  57.20   -2.20 1003.4         ABERDEEN
1874 04 09 08 00  57.20   -2.20  994.6         ABERDEEN
1874 04 10 08 00  57.20   -2.20  989.5         ABERDEEN
1874 04 11 08 00  57.20   -2.20  989.2         ABERDEEN
1874 04 12 08 00  57.20   -2.20  999.7         ABERDEEN
1874 04 13 08 00  57.20   -2.20  994.2         ABERDEEN
1874 04 14 08 00  57.20   -2.20 1014.2         ABERDEEN
1874 04 15 08 00  57.20   -2.20 1016.9         ABERDEEN
1874 04 16 08 00  57.20   -2.20 1008.8         ABERDEEN
1874 04 17 08 00  57.20   -2.20 1004.4         ABERDEEN
1874 04 18 08 00  57.20   -2.20 1012.2         ABERDEEN
1874 04 19 08 00  57.20   -2.20 1012.5         ABERDEEN
1874 04 20 08 00  57.20   -2.20 1010.8         ABERDEEN
1874 04 21 08 00  57.20   -2.20 1010.2         ABERDEEN
1874 04 22 08 00  57.20   -2.20 1013.2         ABERDEEN
1874 04 23 08 00  57.20   -2.20 1020.7         ABERDEEN
1874 04 24 08 00  57.20   -2.20 1015.6         ABERDEEN
1874 04 25 08 00  57.20   -2.20 1019.0         ABERDEEN
1874 04 26 08 00  57.20   -2.20 1022.7         ABERDEEN
1874 04 27 08 00  57.20   -2.20 1025.4         ABERDEEN
1874 04 28 08 00  57.20   -2.20 1029.8         ABERDEEN
1874 04 29 08 00  57.20   -2.20 1026.4         ABERDEEN
1874 04 30 08 00  57.20   -2.20 1017.3         ABERDEEN
1874 04 01 08 00  45.94   -0.96 1029.1        ROCHEFORT
1874 04 02 08 00  45.94   -0.96 1021.7        ROCHEFORT
1874 04 03 08 00  45.94   -0.96 1007.5        ROCHEFORT
1874 04 04 08 00  45.94   -0.96 1010.8        ROCHEFORT
1874 04 05 08 00  45.94   -0.96 1006.1        ROCHEFORT
1874 04 06 08 00  45.94   -0.96 1007.5        ROCHEFORT
1874 04 07 08 00  45.94   -0.96 1023.0        ROCHEFORT
1874 04 08 08 00  45.94   -0.96 1019.0        ROCHEFORT
1874 04 09 08 00  45.94   -0.96 1018.3        ROCHEFORT
1874 04 10 08 00  45.94   -0.96 1001.7        ROCHEFORT
1874 04 11 08 00  45.94   -0.96  991.5        ROCHEFORT
1874 04 12 08 00  45.94   -0.96  992.9        ROCHEFORT
1874 04 13 08 00  45.94   -0.96 1012.2        ROCHEFORT
1874 04 14 08 00  45.94   -0.96  997.6        ROCHEFORT
1874 04 15 08 00  45.94   -0.96 1010.2        ROCHEFORT
1874 04 16 08 00  45.94   -0.96 1017.6        ROCHEFORT
1874 04 17 08 00  45.94   -0.96 1020.7        ROCHEFORT
1874 04 18 08 00  45.94   -0.96 1024.4        ROCHEFORT
1874 04 19 08 00  45.94   -0.96 1022.7        ROCHEFORT
1874 04 20 08 00  45.94   -0.96 1017.9        ROCHEFORT
1874 04 21 08 00  45.94   -0.96 1014.9        ROCHEFORT
1874 04 22 08 00  45.94   -0.96 1019.0        ROCHEFORT
1874 04 23 08 00  45.94   -0.96 1020.0        ROCHEFORT
1874 04 24 08 00  45.94   -0.96 1024.4        ROCHEFORT
1874 04 25 08 00  45.94   -0.96 1019.6        ROCHEFORT
1874 04 26 08 00  45.94   -0.96 1016.6        ROCHEFORT
1874 04 27 08 00  45.94   -0.96 1018.6        ROCHEFORT
1874 04 28 08 00  45.94   -0.96 1016.9        ROCHEFORT
1874 04 29 08 00  45.94   -0.96 1017.9        ROCHEFORT
1874 04 30 08 00  45.94   -0.96 1013.5        ROCHEFORT
1874 04 01 08 00  51.80   -8.30 1017.3      ROCHESPOINT
1874 04 02 08 00  51.80   -8.30  994.9      ROCHESPOINT
1874 04 03 08 00  51.80   -8.30  992.2      ROCHESPOINT
1874 04 04 08 00  51.80   -8.30  991.5      ROCHESPOINT
1874 04 05 08 00  51.80   -8.30  998.6      ROCHESPOINT
1874 04 06 08 00  51.80   -8.30 1011.2      ROCHESPOINT
1874 04 07 08 00  51.80   -8.30 1013.2      ROCHESPOINT
1874 04 08 08 00  51.80   -8.30 1013.5      ROCHESPOINT
1874 04 09 08 00  51.80   -8.30  998.6      ROCHESPOINT
1874 04 10 08 00  51.80   -8.30  994.6      ROCHESPOINT
1874 04 11 08 00  51.80   -8.30  988.1      ROCHESPOINT
1874 04 12 08 00  51.80   -8.30 1004.7      ROCHESPOINT
1874 04 13 08 00  51.80   -8.30  985.4      ROCHESPOINT
1874 04 14 08 00  51.80   -8.30 1015.2      ROCHESPOINT
1874 04 15 08 00  51.80   -8.30 1023.0      ROCHESPOINT
1874 04 16 08 00  51.80   -8.30 1021.0      ROCHESPOINT
1874 04 17 08 00  51.80   -8.30 1020.7      ROCHESPOINT
1874 04 18 08 00  51.80   -8.30 1020.0      ROCHESPOINT
1874 04 19 08 00  51.80   -8.30 1020.0      ROCHESPOINT
1874 04 20 08 00  51.80   -8.30 1016.3      ROCHESPOINT
1874 04 21 08 00  51.80   -8.30 1010.5      ROCHESPOINT
1874 04 22 08 00  51.80   -8.30 1020.3      ROCHESPOINT
1874 04 23 08 00  51.80   -8.30 1015.9      ROCHESPOINT
1874 04 24 08 00  51.80   -8.30 1016.3      ROCHESPOINT
1874 04 25 08 00  51.80   -8.30 1017.6      ROCHESPOINT
1874 04 26 08 00  51.80   -8.30 1015.9      ROCHESPOINT
1874 04 27 08 00  51.80   -8.30 1016.6      ROCHESPOINT
1874 04 28 08 00  51.80   -8.30 1016.9      ROCHESPOINT
1874 04 29 08 00  51.80   -8.30 1022.4      ROCHESPOINT
1874 04 30 08 00  51.80   -8.30 1016.3      ROCHESPOINT
1874 04 01 08 00  50.38   -4.14 1021.3         PLYMOUTH
1874 04 02 08 00  50.38   -4.14 1007.8         PLYMOUTH
1874 04 03 08 00  50.38   -4.14  994.9         PLYMOUTH
1874 04 04 08 00  50.38   -4.14  997.6         PLYMOUTH
1874 04 05 08 00  50.38   -4.14 1000.7         PLYMOUTH
1874 04 06 08 00  50.38   -4.14 1009.1         PLYMOUTH
1874 04 07 08 00  50.38   -4.14 1018.6         PLYMOUTH
1874 04 08 08 00  50.38   -4.14 1015.6         PLYMOUTH
1874 04 09 08 00  50.38   -4.14 1004.1         PLYMOUTH
1874 04 10 08 00  50.38   -4.14  996.6         PLYMOUTH
1874 04 11 08 00  50.38   -4.14  987.5         PLYMOUTH
1874 04 12 08 00  50.38   -4.14 1000.3         PLYMOUTH
1874 04 13 08 00  50.38   -4.14  994.2         PLYMOUTH
1874 04 14 08 00  50.38   -4.14 1005.4         PLYMOUTH
1874 04 15 08 00  50.38   -4.14 1019.6         PLYMOUTH
1874 04 16 08 00  50.38   -4.14 1017.3         PLYMOUTH
1874 04 17 08 00  50.38   -4.14 1020.3         PLYMOUTH
1874 04 18 08 00  50.38   -4.14 1020.3         PLYMOUTH
1874 04 19 08 00  50.38   -4.14 1021.7         PLYMOUTH
1874 04 20 08 00  50.38   -4.14 1019.6         PLYMOUTH
1874 04 21 08 00  50.38   -4.14 1013.5         PLYMOUTH
1874 04 22 08 00  50.38   -4.14 1019.3         PLYMOUTH
1874 04 23 08 00  50.38   -4.14 1019.6         PLYMOUTH
1874 04 24 08 00  50.38   -4.14 1021.3         PLYMOUTH
1874 04 25 08 00  50.38   -4.14 1021.0         PLYMOUTH
1874 04 26 08 00  50.38   -4.14 1018.6         PLYMOUTH
1874 04 27 08 00  50.38   -4.14 1018.3         PLYMOUTH
1874 04 28 08 00  50.38   -4.14 1019.6         PLYMOUTH
1874 04 29 08 00  50.38   -4.14 1024.0         PLYMOUTH
1874 04 30 08 00  50.38   -4.14 1017.9         PLYMOUTH
1874 04 01 08 00  41.90   12.50 1021.2             ROME
1874 04 02 08 00  41.90   12.50 1020.5             ROME
1874 04 03 08 00  41.90   12.50 1018.0             ROME
1874 04 04 08 00  41.90   12.50 1017.3             ROME
1874 04 05 08 00  41.90   12.50 1010.4             ROME
1874 04 06 08 00  41.90   12.50 1003.5             ROME
1874 04 07 08 00  41.90   12.50 1010.0             ROME
1874 04 08 08 00  41.90   12.50 1002.6             ROME
1874 04 09 08 00  41.90   12.50 1000.0             ROME
1874 04 10 08 00  41.90   12.50 1004.9             ROME
1874 04 11 08 00  41.90   12.50 1003.6             ROME
1874 04 12 08 00  41.90   12.50  995.4             ROME
1874 04 13 08 00  41.90   12.50  999.1             ROME
1874 04 14 08 00  41.90   12.50  982.9             ROME
1874 04 15 08 00  41.90   12.50 1000.0             ROME
1874 04 16 08 00  41.90   12.50 1006.0             ROME
1874 04 17 08 00  41.90   12.50 1014.1             ROME
1874 04 18 08 00  41.90   12.50 1019.2             ROME
1874 04 19 08 00  41.90   12.50 1019.2             ROME
1874 04 20 08 00  41.90   12.50 1020.4             ROME
1874 04 21 08 00  41.90   12.50 1018.6             ROME
1874 04 22 08 00  41.90   12.50 1019.8             ROME
1874 04 23 08 00  41.90   12.50 1020.8             ROME
1874 04 24 08 00  41.90   12.50 1015.6             ROME
1874 04 25 08 00  41.90   12.50 1016.7             ROME
1874 04 26 08 00  41.90   12.50 1017.7             ROME
1874 04 27 08 00  41.90   12.50 1016.5             ROME
1874 04 28 08 00  41.90   12.50 1010.8             ROME
1874 04 29 08 00  41.90   12.50 1009.9             ROME
1874 04 30 08 00  41.90   12.50 1016.5             ROME
1874 04 01 08 00  48.39   -4.49 1026.4            BREST
1874 04 02 08 00  48.39   -4.49 1014.9            BREST
1874 04 03 08 00  48.39   -4.49 1000.3            BREST
1874 04 04 08 00  48.39   -4.49 1004.1            BREST
1874 04 05 08 00  48.39   -4.49 1004.1            BREST
1874 04 06 08 00  48.39   -4.49 1008.5            BREST
1874 04 07 08 00  48.39   -4.49 1021.7            BREST
1874 04 08 08 00  48.39   -4.49 1019.0            BREST
1874 04 09 08 00  48.39   -4.49 1009.1            BREST
1874 04 10 08 00  48.39   -4.49 1000.7            BREST
1874 04 11 08 00  48.39   -4.49  984.4            BREST
1874 04 12 08 00  48.39   -4.49 1000.3            BREST
1874 04 13 08 00  48.39   -4.49 1001.0            BREST
1874 04 14 08 00  48.39   -4.49 1004.7            BREST
1874 04 15 08 00  48.39   -4.49 1019.0            BREST
1874 04 16 08 00  48.39   -4.49 1019.0            BREST
1874 04 17 08 00  48.39   -4.49 1022.0            BREST
1874 04 18 08 00  48.39   -4.49 1024.4            BREST
1874 04 19 08 00  48.39   -4.49 1023.4            BREST
1874 04 20 08 00  48.39   -4.49 1019.3            BREST
1874 04 21 08 00  48.39   -4.49 1014.2            BREST
1874 04 22 08 00  48.39   -4.49 1020.0            BREST
1874 04 23 08 00  48.39   -4.49 1020.3            BREST
1874 04 24 08 00  48.39   -4.49 1023.4            BREST
1874 04 25 08 00  48.39   -4.49 1021.7            BREST
1874 04 26 08 00  48.39   -4.49 1017.9            BREST
1874 04 27 08 00  48.39   -4.49 1019.6            BREST
1874 04 28 08 00  48.39   -4.49 1016.9            BREST
1874 04 29 08 00  48.39   -4.49 1020.0            BREST
1874 04 30 08 00  48.39   -4.49 1016.3            BREST
1874 04 01 08 00  45.76    4.84 1019.8            LYONS
1874 04 02 08 00  45.76    4.84 1015.5            LYONS
1874 04 03 08 00  45.76    4.84 1000.2            LYONS
1874 04 04 08 00  45.76    4.84 1002.8            LYONS
1874 04 05 08 00  45.76    4.84  996.2            LYONS
1874 04 06 08 00  45.76    4.84  998.8            LYONS
1874 04 07 08 00  45.76    4.84 1007.5            LYONS
1874 04 08 08 00  45.76    4.84 1006.1            LYONS
1874 04 09 08 00  45.76    4.84 1006.8            LYONS
1874 04 10 08 00  45.76    4.84  996.2            LYONS
1874 04 11 08 00  45.76    4.84  988.2            LYONS
1874 04 12 08 00  45.76    4.84  980.2            LYONS
1874 04 13 08 00  45.76    4.84  998.2            LYONS
1874 04 14 08 00  45.76    4.84  987.1            LYONS
1874 04 15 08 00  45.76    4.84  989.5            LYONS
1874 04 16 08 00  45.76    4.84 1001.8            LYONS
1874 04 17 08 00  45.76    4.84 1010.8            LYONS
1874 04 18 08 00  45.76    4.84 1014.8            LYONS
1874 04 19 08 00  45.76    4.84 1014.8            LYONS
1874 04 20 08 00  45.76    4.84 1013.5            LYONS
1874 04 21 08 00  45.76    4.84 1012.1            LYONS
1874 04 22 08 00  45.76    4.84 1013.5            LYONS
1874 04 23 08 00  45.76    4.84 1014.8            LYONS
1874 04 24 08 00  45.76    4.84 1014.4            LYONS
1874 04 25 08 00  45.76    4.84 1013.5            LYONS
1874 04 26 08 00  45.76    4.84 1012.1            LYONS
1874 04 27 08 00  45.76    4.84 1013.5            LYONS
1874 04 28 08 00  45.76    4.84 1008.8            LYONS
1874 04 29 08 00  45.76    4.84 1010.8            LYONS
1874 04 30 08 00  45.76    4.84 1008.1            LYONS
1874 04 01 08 00  43.12    5.93 1021.3           TOULON
1874 04 02 08 00  43.12    5.93 1019.3           TOULON
1874 04 03 08 00  43.12    5.93 1015.2           TOULON
1874 04 04 08 00  43.12    5.93 1011.2           TOULON
1874 04 05 08 00  43.12    5.93 1001.7           TOULON
1874 04 06 08 00  43.12    5.93 1004.7           TOULON
1874 04 07 08 00  43.12    5.93 1002.3           TOULON
1874 04 08 08 00  43.12    5.93 1009.5           TOULON
1874 04 09 08 00  43.12    5.93 1004.7           TOULON
1874 04 10 08 00  43.12    5.93 1005.4           TOULON
1874 04 11 08 00  43.12    5.93  998.3           TOULON
1874 04 12 08 00  43.12    5.93  984.8           TOULON
1874 04 13 08 00  43.12    5.93 1001.5           TOULON
1874 04 14 08 00  43.12    5.93  989.8           TOULON
1874 04 15 08 00  43.12    5.93  998.3           TOULON
1874 04 16 08 00  43.12    5.93 1008.8           TOULON
1874 04 17 08 00  43.12    5.93 1011.2           TOULON
1874 04 18 08 00  43.12    5.93 1019.0           TOULON
1874 04 19 08 00  43.12    5.93 1020.3           TOULON
1874 04 20 08 00  43.12    5.93 1023.0           TOULON
1874 04 21 08 00  43.12    5.93 1020.0           TOULON
1874 04 22 08 00  43.12    5.93 1021.7           TOULON
1874 04 23 08 00  43.12    5.93 1022.0           TOULON
1874 04 24 08 00  43.12    5.93 1019.6           TOULON
1874 04 25 08 00  43.12    5.93 1018.6           TOULON
1874 04 26 08 00  43.12    5.93 1012.2           TOULON
1874 04 27 08 00  43.12    5.93 1020.3           TOULON
1874 04 28 08 00  43.12    5.93 1011.5           TOULON
1874 04 29 08 00  43.12    5.93 1013.5           TOULON
1874 04 30 08 00  43.12    5.93 1014.9           TOULON
1874 04 01 08 00  33.31   44.36 1030.8          BAGHDAD
1874 04 02 08 00  33.31   44.36 1022.8          BAGHDAD
1874 04 03 08 00  33.31   44.36 1022.8          BAGHDAD
1874 04 04 08 00  33.31   44.36 1024.1          BAGHDAD
1874 04 05 08 00  33.31   44.36 1021.4          BAGHDAD
1874 04 06 08 00  33.31   44.36 1022.8          BAGHDAD
1874 04 07 08 00  33.31   44.36 1024.1          BAGHDAD
1874 04 08 08 00  33.31   44.36 1029.4          BAGHDAD
1874 04 09 08 00  33.31   44.36 1026.8          BAGHDAD
1874 04 10 08 00  33.31   44.36 1025.4          BAGHDAD
1874 04 11 08 00  33.31   44.36 1026.8          BAGHDAD
1874 04 12 08 00  33.31   44.36 1026.8          BAGHDAD
1874 04 13 08 00  33.31   44.36 1025.4          BAGHDAD
1874 04 14 08 00  33.31   44.36 1025.4          BAGHDAD
1874 04 15 08 00  33.31   44.36 1025.4          BAGHDAD
1874 04 16 08 00  33.31   44.36 1024.1          BAGHDAD
1874 04 17 08 00  33.31   44.36 1025.4          BAGHDAD
1874 04 18 08 00  33.31   44.36 1024.1          BAGHDAD
1874 04 19 08 00  33.31   44.36 1020.1          BAGHDAD
1874 04 20 08 00  33.31   44.36 1013.5          BAGHDAD
1874 04 21 08 00  33.31   44.36 1017.5          BAGHDAD
1874 04 22 08 00  33.31   44.36 1016.1          BAGHDAD
1874 04 23 08 00  33.31   44.36 1012.1          BAGHDAD
1874 04 24 08 00  33.31   44.36 1016.1          BAGHDAD
1874 04 25 08 00  33.31   44.36 1018.8          BAGHDAD
1874 04 26 08 00  33.31   44.36 1017.5          BAGHDAD
1874 04 27 08 00  33.31   44.36 1017.5          BAGHDAD
1874 04 28 08 00  33.31   44.36 1018.8          BAGHDAD
1874 04 29 08 00  33.31   44.36 1020.1          BAGHDAD
1874 04 30 08 00  33.31   44.36 1018.8          BAGHDAD
1874 04 01 08 00  58.20   -6.30  992.2        STORNOWAY
1874 04 02 08 00  58.20   -6.30  969.6        STORNOWAY
1874 04 03 08 00  58.20   -6.30  957.6        STORNOWAY
1874 04 04 08 00  58.20   -6.30  972.2        STORNOWAY
1874 04 05 08 00  58.20   -6.30  978.9        STORNOWAY
1874 04 06 08 00  58.20   -6.30  997.5        STORNOWAY
1874 04 07 08 00  58.20   -6.30 1002.8        STORNOWAY
1874 04 08 08 00  58.20   -6.30  997.5        STORNOWAY
1874 04 09 08 00  58.20   -6.30  982.9        STORNOWAY
1874 04 10 08 00  58.20   -6.30  984.2        STORNOWAY
1874 04 11 08 00  58.20   -6.30  981.5        STORNOWAY
1874 04 12 08 00  58.20   -6.30  996.2        STORNOWAY
1874 04 13 08 00  58.20   -6.30  985.5        STORNOWAY
1874 04 14 08 00  58.20   -6.30 1005.5        STORNOWAY
1874 04 15 08 00  58.20   -6.30 1008.1        STORNOWAY
1874 04 16 08 00  58.20   -6.30 1001.5        STORNOWAY
1874 04 17 08 00  58.20   -6.30 1002.8        STORNOWAY
1874 04 18 08 00  58.20   -6.30 1008.1        STORNOWAY
1874 04 19 08 00  58.20   -6.30 1004.2        STORNOWAY
1874 04 20 08 00  58.20   -6.30 1002.8        STORNOWAY
1874 04 21 08 00  58.20   -6.30 1001.5        STORNOWAY
1874 04 22 08 00  58.20   -6.30 1006.8        STORNOWAY
1874 04 23 08 00  58.20   -6.30 1000.2        STORNOWAY
1874 04 24 08 00  58.20   -6.30 1009.5        STORNOWAY
1874 04 25 08 00  58.20   -6.30 1013.5        STORNOWAY
1874 04 26 08 00  58.20   -6.30 1017.5        STORNOWAY
1874 04 27 08 00  58.20   -6.30 1018.8        STORNOWAY
1874 04 28 08 00  58.20   -6.30 1020.1        STORNOWAY
1874 04 29 08 00  58.20   -6.30 1020.1        STORNOWAY
1874 04 30 08 00  58.20   -6.30 1014.8        STORNOWAY
1874 04 01 08 00  37.93   40.21 1025.4       DIYARBAKIR
1874 04 02 08 00  37.93   40.21 1025.4       DIYARBAKIR
1874 04 03 08 00  37.93   40.21 1009.5       DIYARBAKIR
1874 04 04 08 00  37.93   40.21 1016.1       DIYARBAKIR
1874 04 05 08 00  37.93   40.21 1017.5       DIYARBAKIR
1874 04 06 08 00  37.93   40.21 1017.5       DIYARBAKIR
1874 04 07 08 00  37.93   40.21 1021.4       DIYARBAKIR
1874 04 08 08 00  37.93   40.21 1025.4       DIYARBAKIR
1874 04 09 08 00  37.93   40.21 1026.8       DIYARBAKIR
1874 04 10 08 00  37.93   40.21 1026.8       DIYARBAKIR
1874 04 11 08 00  37.93   40.21 1026.8       DIYARBAKIR
1874 04 12 08 00  37.93   40.21 1025.4       DIYARBAKIR
1874 04 13 08 00  37.93   40.21 1026.8       DIYARBAKIR
1874 04 14 08 00  37.93   40.21 1025.4       DIYARBAKIR
1874 04 15 08 00  37.93   40.21 1024.1       DIYARBAKIR
1874 04 16 08 00  37.93   40.21 1025.4       DIYARBAKIR
1874 04 17 08 00  37.93   40.21 1026.8       DIYARBAKIR
1874 04 18 08 00  37.93   40.21 1024.1       DIYARBAKIR
1874 04 19 08 00  37.93   40.21 1021.4       DIYARBAKIR
1874 04 20 08 00  37.93   40.21 1017.5       DIYARBAKIR
1874 04 21 08 00  37.93   40.21 1018.8       DIYARBAKIR
1874 04 22 08 00  37.93   40.21 1021.4       DIYARBAKIR
1874 04 23 08 00  37.93   40.21 1018.8       DIYARBAKIR
1874 04 24 08 00  37.93   40.21 1018.8       DIYARBAKIR
1874 04 25 08 00  37.93   40.21 1020.1       DIYARBAKIR
1874 04 26 08 00  37.93   40.21 1017.5       DIYARBAKIR
1874 04 27 08 00  37.93   40.21 1016.1       DIYARBAKIR
1874 04 28 08 00  37.93   40.21 1016.1       DIYARBAKIR
1874 04 29 08 00  37.93   40.21 1018.8       DIYARBAKIR
1874 04 30 08 00  37.93   40.21 1017.5       DIYARBAKIR
1874 04 01 08 00  32.67  -16.92 1024.1          FUNCHAL
1874 04 02 08 00  32.67  -16.92 1025.4          FUNCHAL
1874 04 03 08 00  32.67  -16.92 1022.8          FUNCHAL
1874 04 04 08 00  32.67  -16.92 1021.4          FUNCHAL
1874 04 05 08 00  32.67  -16.92 1024.1          FUNCHAL
1874 04 06 08 00  32.67  -16.92 1025.4          FUNCHAL
1874 04 07 08 00  32.67  -16.92 1026.8          FUNCHAL
1874 04 08 08 00  32.67  -16.92 1025.4          FUNCHAL
1874 04 09 08 00  32.67  -16.92 1024.1          FUNCHAL
1874 04 10 08 00  32.67  -16.92 1022.8          FUNCHAL
1874 04 11 08 00  32.67  -16.92 1018.8          FUNCHAL
1874 04 12 08 00  32.67  -16.92 1020.1          FUNCHAL
1874 04 13 08 00  32.67  -16.92 1025.4          FUNCHAL
1874 04 14 08 00  32.67  -16.92 1025.4          FUNCHAL
1874 04 15 08 00  32.67  -16.92 1018.8          FUNCHAL
1874 04 16 08 00  32.67  -16.92 1016.1          FUNCHAL
1874 04 17 08 00  32.67  -16.92 1014.8          FUNCHAL
1874 04 18 08 00  32.67  -16.92 1022.8          FUNCHAL
1874 04 19 08 00  32.67  -16.92 1014.8          FUNCHAL
1874 04 20 08 00  32.67  -16.92 1014.8          FUNCHAL
1874 04 21 08 00  32.67  -16.92 1016.1          FUNCHAL
1874 04 22 08 00  32.67  -16.92 1018.8          FUNCHAL
1874 04 23 08 00  32.67  -16.92 1022.8          FUNCHAL
1874 04 24 08 00  32.67  -16.92 1020.1          FUNCHAL
1874 04 25 08 00  32.67  -16.92 1017.5          FUNCHAL
1874 04 26 08 00  32.67  -16.92 1014.8          FUNCHAL
1874 04 27 08 00  32.67  -16.92 1010.8          FUNCHAL
1874 04 28 08 00  32.67  -16.92 1018.8          FUNCHAL
1874 04 29 08 00  32.67  -16.92 1022.8          FUNCHAL
1874 04 30 08 00  32.67  -16.92 1017.5          FUNCHAL
1874 04 01 08 00  55.20   -6.99 1006.8      GREENCASTLE
1874 04 01 14 00  55.20   -6.99 1000.7      GREENCASTLE
1874 04 02 08 00  55.20   -6.99  987.5      GREENCASTLE
1874 04 02 14 00  55.20   -6.99 1007.5      GREENCASTLE
1874 04 03 08 00  55.20   -6.99  982.1      GREENCASTLE
1874 04 03 14 00  55.20   -6.99  975.3      GREENCASTLE
1874 04 04 08 00  55.20   -6.99  984.1      GREENCASTLE
1874 04 05 08 00  55.20   -6.99  990.9      GREENCASTLE
1874 04 05 14 00  55.20   -6.99  984.8      GREENCASTLE
1874 04 06 08 00  55.20   -6.99 1005.8      GREENCASTLE
1874 04 07 08 00  55.20   -6.99 1010.2      GREENCASTLE
1874 04 07 14 00  55.20   -6.99 1011.5      GREENCASTLE
1874 04 08 08 00  55.20   -6.99 1006.8      GREENCASTLE
1874 04 08 14 00  55.20   -6.99 1005.1      GREENCASTLE
1874 04 09 08 00  55.20   -6.99  993.2      GREENCASTLE
1874 04 09 14 00  55.20   -6.99 1005.8      GREENCASTLE
1874 04 10 08 00  55.20   -6.99  991.2      GREENCASTLE
1874 04 10 14 00  55.20   -6.99  993.6      GREENCASTLE
1874 04 11 08 00  55.20   -6.99  989.5      GREENCASTLE
1874 04 11 14 00  55.20   -6.99  990.5      GREENCASTLE
1874 04 12 08 00  55.20   -6.99 1003.4      GREENCASTLE
1874 04 12 14 00  55.20   -6.99  991.9      GREENCASTLE
1874 04 13 08 00  55.20   -6.99  980.4      GREENCASTLE
1874 04 14 08 00  55.20   -6.99 1016.6      GREENCASTLE
1874 04 14 14 00  55.20   -6.99  985.4      GREENCASTLE
1874 04 15 08 00  55.20   -6.99 1019.6      GREENCASTLE
1874 04 15 14 00  55.20   -6.99 1020.3      GREENCASTLE
1874 04 16 08 00  55.20   -6.99 1015.6      GREENCASTLE
1874 04 16 14 00  55.20   -6.99 1018.3      GREENCASTLE
1874 04 17 08 00  55.20   -6.99 1015.2      GREENCASTLE
1874 04 17 14 00  55.20   -6.99 1013.5      GREENCASTLE
1874 04 18 08 00  55.20   -6.99 1013.5      GREENCASTLE
1874 04 18 14 00  55.20   -6.99 1016.3      GREENCASTLE
1874 04 19 08 00  55.20   -6.99 1015.9      GREENCASTLE
1874 04 19 14 00  55.20   -6.99 1014.9      GREENCASTLE
1874 04 20 08 00  55.20   -6.99 1013.9      GREENCASTLE
1874 04 21 08 00  55.20   -6.99 1008.8      GREENCASTLE
1874 04 21 14 00  55.20   -6.99 1011.9      GREENCASTLE
1874 04 22 08 00  55.20   -6.99 1018.6      GREENCASTLE
1874 04 22 14 00  55.20   -6.99 1008.5      GREENCASTLE
1874 04 23 08 00  55.20   -6.99 1016.3      GREENCASTLE
1874 04 23 14 00  55.20   -6.99 1021.0      GREENCASTLE
1874 04 24 08 00  55.20   -6.99 1015.2      GREENCASTLE
1874 04 24 14 00  55.20   -6.99 1015.2      GREENCASTLE
1874 04 25 08 00  55.20   -6.99 1016.9      GREENCASTLE
1874 04 25 14 00  55.20   -6.99 1015.9      GREENCASTLE
1874 04 26 08 00  55.20   -6.99 1019.0      GREENCASTLE
1874 04 26 14 00  55.20   -6.99 1017.9      GREENCASTLE
1874 04 27 08 00  55.20   -6.99 1019.3      GREENCASTLE
1874 04 28 08 00  55.20   -6.99 1021.3      GREENCASTLE
1874 04 28 14 00  55.20   -6.99 1019.0      GREENCASTLE
1874 04 29 08 00  55.20   -6.99 1025.1      GREENCASTLE
1874 04 29 14 00  55.20   -6.99 1020.3      GREENCASTLE
1874 04 30 08 00  55.20   -6.99 1017.6      GREENCASTLE
1874 04 30 14 00  55.20   -6.99 1023.4      GREENCASTLE
