1877 11 02 08 00  36.75    3.06 1018.5          ALGIERS
1877 11 03 08 00  36.75    3.06 1016.0          ALGIERS
1877 11 05 08 00  36.75    3.06 1013.9          ALGIERS
1877 11 06 08 00  36.75    3.06 1015.7          ALGIERS
1877 11 07 08 00  36.75    3.06 1014.7          ALGIERS
1877 11 08 08 00  36.75    3.06 1011.1          ALGIERS
1877 11 09 08 00  36.75    3.06 1017.8          ALGIERS
1877 11 10 08 00  36.75    3.06 1015.6          ALGIERS
1877 11 12 08 00  36.75    3.06 1009.2          ALGIERS
1877 11 13 08 00  36.75    3.06 1003.9          ALGIERS
1877 11 14 08 00  36.75    3.06 1010.9          ALGIERS
1877 11 15 08 00  36.75    3.06 1014.3          ALGIERS
1877 11 16 08 00  36.75    3.06 1015.9          ALGIERS
1877 11 17 08 00  36.75    3.06 1014.3          ALGIERS
1877 11 19 08 00  36.75    3.06 1013.9          ALGIERS
1877 11 20 08 00  36.75    3.06 1018.1          ALGIERS
1877 11 21 08 00  36.75    3.06 1013.9          ALGIERS
1877 11 22 08 00  36.75    3.06 1018.2          ALGIERS
1877 11 23 08 00  36.75    3.06 1018.2          ALGIERS
1877 11 24 08 00  36.75    3.06 1018.0          ALGIERS
1877 11 26 08 00  36.75    3.06 1013.5          ALGIERS
1877 11 27 08 00  36.75    3.06 1016.4          ALGIERS
1877 11 28 08 00  36.75    3.06 1008.3          ALGIERS
1877 11 29 08 00  36.75    3.06 1005.3          ALGIERS
1877 11 30 08 00  36.75    3.06 1006.0          ALGIERS
1877 11 01 08 00  38.66  -27.23 1010.8            ANGRA
1877 11 02 08 00  38.66  -27.23 1016.1            ANGRA
1877 11 03 08 00  38.66  -27.23 1017.5            ANGRA
1877 11 04 08 00  38.66  -27.23 1017.5            ANGRA
1877 11 05 08 00  38.66  -27.23 1017.5            ANGRA
1877 11 06 08 00  38.66  -27.23 1013.5            ANGRA
1877 11 07 08 00  38.66  -27.23 1018.8            ANGRA
1877 11 08 08 00  38.66  -27.23 1016.1            ANGRA
1877 11 09 08 00  38.66  -27.23 1013.5            ANGRA
1877 11 10 08 00  38.66  -27.23 1018.8            ANGRA
1877 11 11 08 00  38.66  -27.23 1012.1            ANGRA
1877 11 12 08 00  38.66  -27.23 1014.8            ANGRA
1877 11 13 08 00  38.66  -27.23 1016.1            ANGRA
1877 11 14 08 00  38.66  -27.23 1016.1            ANGRA
1877 11 15 08 00  38.66  -27.23 1018.8            ANGRA
1877 11 16 08 00  38.66  -27.23 1021.4            ANGRA
1877 11 17 08 00  38.66  -27.23 1024.1            ANGRA
1877 11 18 08 00  38.66  -27.23 1024.1            ANGRA
1877 11 19 08 00  38.66  -27.23 1026.8            ANGRA
1877 11 20 08 00  38.66  -27.23 1026.8            ANGRA
1877 11 21 08 00  38.66  -27.23 1021.4            ANGRA
1877 11 22 08 00  38.66  -27.23 1014.8            ANGRA
1877 11 23 08 00  38.66  -27.23 1009.5            ANGRA
1877 11 24 08 00  38.66  -27.23 1001.5            ANGRA
1877 11 25 08 00  38.66  -27.23 1004.2            ANGRA
1877 11 26 08 00  38.66  -27.23  997.5            ANGRA
1877 11 27 08 00  38.66  -27.23 1000.2            ANGRA
1877 11 28 08 00  38.66  -27.23 1010.8            ANGRA
1877 11 29 08 00  38.66  -27.23 1012.1            ANGRA
1877 11 30 08 00  38.66  -27.23 1017.5            ANGRA
1877 11 01 08 00  38.72   -9.14 1008.1           LISBON
1877 11 02 08 00  38.72   -9.14 1006.8           LISBON
1877 11 03 08 00  38.72   -9.14 1008.1           LISBON
1877 11 04 08 00  38.72   -9.14 1006.8           LISBON
1877 11 05 08 00  38.72   -9.14 1006.8           LISBON
1877 11 06 08 00  38.72   -9.14 1005.5           LISBON
1877 11 07 08 00  38.72   -9.14 1004.2           LISBON
1877 11 08 08 00  38.72   -9.14 1008.1           LISBON
1877 11 09 08 00  38.72   -9.14 1009.5           LISBON
1877 11 10 08 00  38.72   -9.14 1001.5           LISBON
1877 11 11 08 00  38.72   -9.14 1005.5           LISBON
1877 11 12 08 00  38.72   -9.14  994.8           LISBON
1877 11 13 08 00  38.72   -9.14 1001.5           LISBON
1877 11 14 08 00  38.72   -9.14 1010.8           LISBON
1877 11 15 08 00  38.72   -9.14 1014.8           LISBON
1877 11 16 08 00  38.72   -9.14 1012.1           LISBON
1877 11 17 08 00  38.72   -9.14 1008.1           LISBON
1877 11 18 08 00  38.72   -9.14 1008.1           LISBON
1877 11 19 08 00  38.72   -9.14 1010.8           LISBON
1877 11 20 08 00  38.72   -9.14 1012.1           LISBON
1877 11 21 08 00  38.72   -9.14 1012.1           LISBON
1877 11 22 08 00  38.72   -9.14 1012.1           LISBON
1877 11 23 08 00  38.72   -9.14 1013.5           LISBON
1877 11 24 08 00  38.72   -9.14 1009.5           LISBON
1877 11 25 08 00  38.72   -9.14 1009.5           LISBON
1877 11 26 08 00  38.72   -9.14 1009.5           LISBON
1877 11 27 08 00  38.72   -9.14 1002.8           LISBON
1877 11 28 08 00  38.72   -9.14  997.5           LISBON
1877 11 29 08 00  38.72   -9.14  998.8           LISBON
1877 11 30 08 00  38.72   -9.14 1006.8           LISBON
1877 11 01 08 00  57.20   -2.20 1006.4         ABERDEEN
1877 11 02 08 00  57.20   -2.20 1021.0         ABERDEEN
1877 11 03 08 00  57.20   -2.20 1001.7         ABERDEEN
1877 11 04 08 00  57.20   -2.20 1008.8         ABERDEEN
1877 11 05 08 00  57.20   -2.20  994.9         ABERDEEN
1877 11 06 08 00  57.20   -2.20  993.2         ABERDEEN
1877 11 07 08 00  57.20   -2.20  991.2         ABERDEEN
1877 11 08 08 00  57.20   -2.20  997.6         ABERDEEN
1877 11 09 08 00  57.20   -2.20 1002.0         ABERDEEN
1877 11 10 08 00  57.20   -2.20  988.5         ABERDEEN
1877 11 11 08 00  57.20   -2.20  977.0         ABERDEEN
1877 11 12 08 00  57.20   -2.20  960.4         ABERDEEN
1877 11 13 08 00  57.20   -2.20  969.9         ABERDEEN
1877 11 14 08 00  57.20   -2.20  995.9         ABERDEEN
1877 11 15 08 00  57.20   -2.20 1008.1         ABERDEEN
1877 11 16 08 00  57.20   -2.20 1010.2         ABERDEEN
1877 11 17 08 00  57.20   -2.20 1015.6         ABERDEEN
1877 11 18 08 00  57.20   -2.20 1015.2         ABERDEEN
1877 11 19 08 00  57.20   -2.20 1005.8         ABERDEEN
1877 11 20 08 00  57.20   -2.20  992.9         ABERDEEN
1877 11 21 08 00  57.20   -2.20 1010.5         ABERDEEN
1877 11 22 08 00  57.20   -2.20  982.1         ABERDEEN
1877 11 23 08 00  57.20   -2.20  967.2         ABERDEEN
1877 11 24 08 00  57.20   -2.20  995.9         ABERDEEN
1877 11 25 08 00  57.20   -2.20  998.3         ABERDEEN
1877 11 26 08 00  57.20   -2.20 1006.4         ABERDEEN
1877 11 27 08 00  57.20   -2.20  997.3         ABERDEEN
1877 11 28 08 00  57.20   -2.20  981.0         ABERDEEN
1877 11 29 08 00  57.20   -2.20  976.6         ABERDEEN
1877 11 30 08 00  57.20   -2.20  969.5         ABERDEEN
1877 11 01 08 00  45.94   -0.96 1029.5        ROCHEFORT
1877 11 02 08 00  45.94   -0.96 1029.8        ROCHEFORT
1877 11 03 08 00  45.94   -0.96 1018.6        ROCHEFORT
1877 11 04 08 00  45.94   -0.96 1019.6        ROCHEFORT
1877 11 05 08 00  45.94   -0.96 1016.9        ROCHEFORT
1877 11 06 08 00  45.94   -0.96 1019.0        ROCHEFORT
1877 11 07 08 00  45.94   -0.96 1016.9        ROCHEFORT
1877 11 08 08 00  45.94   -0.96 1010.8        ROCHEFORT
1877 11 09 08 00  45.94   -0.96 1019.6        ROCHEFORT
1877 11 10 08 00  45.94   -0.96 1011.5        ROCHEFORT
1877 11 11 08 00  45.94   -0.96 1007.5        ROCHEFORT
1877 11 12 08 00  45.94   -0.96 1001.7        ROCHEFORT
1877 11 13 08 00  45.94   -0.96  994.2        ROCHEFORT
1877 11 14 08 00  45.94   -0.96 1009.1        ROCHEFORT
1877 11 15 08 00  45.94   -0.96 1025.4        ROCHEFORT
1877 11 16 08 00  45.94   -0.96 1029.8        ROCHEFORT
1877 11 17 08 00  45.94   -0.96 1029.5        ROCHEFORT
1877 11 18 08 00  45.94   -0.96 1024.0        ROCHEFORT
1877 11 19 08 00  45.94   -0.96 1023.7        ROCHEFORT
1877 11 20 08 00  45.94   -0.96  983.1        ROCHEFORT
1877 11 21 08 00  45.94   -0.96 1015.6        ROCHEFORT
1877 11 22 08 00  45.94   -0.96 1015.9        ROCHEFORT
1877 11 23 08 00  45.94   -0.96 1009.8        ROCHEFORT
1877 11 24 08 00  45.94   -0.96 1017.3        ROCHEFORT
1877 11 25 08 00  45.94   -0.96  988.1        ROCHEFORT
1877 11 26 08 00  45.94   -0.96 1020.7        ROCHEFORT
1877 11 27 08 00  45.94   -0.96 1012.5        ROCHEFORT
1877 11 28 08 00  45.94   -0.96 1002.4        ROCHEFORT
1877 11 29 08 00  45.94   -0.96 1002.7        ROCHEFORT
1877 11 30 08 00  45.94   -0.96  994.9        ROCHEFORT
1877 11 01 08 00  50.38   -4.14 1031.8         PLYMOUTH
1877 11 02 08 00  50.38   -4.14 1022.7         PLYMOUTH
1877 11 03 08 00  50.38   -4.14 1019.3         PLYMOUTH
1877 11 04 08 00  50.38   -4.14 1012.5         PLYMOUTH
1877 11 05 08 00  50.38   -4.14 1009.1         PLYMOUTH
1877 11 06 08 00  50.38   -4.14 1006.4         PLYMOUTH
1877 11 07 08 00  50.38   -4.14 1003.4         PLYMOUTH
1877 11 08 08 00  50.38   -4.14 1009.8         PLYMOUTH
1877 11 09 08 00  50.38   -4.14 1001.7         PLYMOUTH
1877 11 10 08 00  50.38   -4.14  993.6         PLYMOUTH
1877 11 11 08 00  50.38   -4.14  990.2         PLYMOUTH
1877 11 12 08 00  50.38   -4.14  977.3         PLYMOUTH
1877 11 13 08 00  50.38   -4.14  993.2         PLYMOUTH
1877 11 14 08 00  50.38   -4.14 1017.3         PLYMOUTH
1877 11 15 08 00  50.38   -4.14 1024.7         PLYMOUTH
1877 11 16 08 00  50.38   -4.14 1025.7         PLYMOUTH
1877 11 17 08 00  50.38   -4.14 1030.8         PLYMOUTH
1877 11 18 08 00  50.38   -4.14 1021.0         PLYMOUTH
1877 11 19 08 00  50.38   -4.14 1013.5         PLYMOUTH
1877 11 20 08 00  50.38   -4.14 1006.8         PLYMOUTH
1877 11 21 08 00  50.38   -4.14 1007.8         PLYMOUTH
1877 11 22 08 00  50.38   -4.14  994.9         PLYMOUTH
1877 11 23 08 00  50.38   -4.14 1007.8         PLYMOUTH
1877 11 24 08 00  50.38   -4.14  994.9         PLYMOUTH
1877 11 25 08 00  50.38   -4.14 1010.8         PLYMOUTH
1877 11 26 08 00  50.38   -4.14 1013.2         PLYMOUTH
1877 11 27 08 00  50.38   -4.14  993.9         PLYMOUTH
1877 11 28 08 00  50.38   -4.14  992.6         PLYMOUTH
1877 11 29 08 00  50.38   -4.14  977.7         PLYMOUTH
1877 11 30 08 00  50.38   -4.14  987.5         PLYMOUTH
1877 11 01 08 00  41.90   12.50 1017.5             ROME
1877 11 02 08 00  41.90   12.50 1020.1             ROME
1877 11 03 08 00  41.90   12.50 1020.1             ROME
1877 11 04 08 00  41.90   12.50 1017.5             ROME
1877 11 05 08 00  41.90   12.50 1017.5             ROME
1877 11 06 08 00  41.90   12.50 1021.4             ROME
1877 11 07 08 00  41.90   12.50 1022.8             ROME
1877 11 08 08 00  41.90   12.50 1021.4             ROME
1877 11 09 08 00  41.90   12.50 1021.4             ROME
1877 11 10 08 00  41.90   12.50 1018.8             ROME
1877 11 11 08 00  41.90   12.50 1017.5             ROME
1877 11 12 08 00  41.90   12.50 1012.1             ROME
1877 11 13 08 00  41.90   12.50 1006.8             ROME
1877 11 14 08 00  41.90   12.50 1010.8             ROME
1877 11 15 08 00  41.90   12.50 1018.8             ROME
1877 11 16 08 00  41.90   12.50 1021.4             ROME
1877 11 17 08 00  41.90   12.50 1020.1             ROME
1877 11 18 08 00  41.90   12.50 1018.8             ROME
1877 11 19 08 00  41.90   12.50 1017.5             ROME
1877 11 20 08 00  41.90   12.50 1012.1             ROME
1877 11 21 08 00  41.90   12.50 1000.2             ROME
1877 11 22 08 00  41.90   12.50 1009.5             ROME
1877 11 23 08 00  41.90   12.50 1012.1             ROME
1877 11 24 08 00  41.90   12.50 1013.5             ROME
1877 11 25 08 00  41.90   12.50 1001.5             ROME
1877 11 26 08 00  41.90   12.50 1008.1             ROME
1877 11 27 08 00  41.90   12.50 1014.8             ROME
1877 11 28 08 00  41.90   12.50 1005.5             ROME
1877 11 29 08 00  41.90   12.50 1001.5             ROME
1877 11 30 08 00  41.90   12.50 1000.2             ROME
1877 11 01 08 00  48.39   -4.49 1032.8            BREST
1877 11 02 08 00  48.39   -4.49 1031.8            BREST
1877 11 03 08 00  48.39   -4.49 1017.3            BREST
1877 11 04 08 00  48.39   -4.49 1022.7            BREST
1877 11 05 08 00  48.39   -4.49 1012.2            BREST
1877 11 06 08 00  48.39   -4.49 1015.9            BREST
1877 11 07 08 00  48.39   -4.49 1007.8            BREST
1877 11 08 08 00  48.39   -4.49 1009.5            BREST
1877 11 09 08 00  48.39   -4.49 1014.2            BREST
1877 11 10 08 00  48.39   -4.49 1003.0            BREST
1877 11 11 08 00  48.39   -4.49 1001.4            BREST
1877 11 12 08 00  48.39   -4.49  980.4            BREST
1877 11 13 08 00  48.39   -4.49  984.1            BREST
1877 11 14 08 00  48.39   -4.49 1007.8            BREST
1877 11 15 08 00  48.39   -4.49 1023.0            BREST
1877 11 16 08 00  48.39   -4.49 1028.8            BREST
1877 11 17 08 00  48.39   -4.49 1031.2            BREST
1877 11 18 08 00  48.39   -4.49 1027.1            BREST
1877 11 19 08 00  48.39   -4.49 1024.0            BREST
1877 11 20 08 00  48.39   -4.49 1012.9            BREST
1877 11 21 08 00  48.39   -4.49 1017.3            BREST
1877 11 22 08 00  48.39   -4.49 1010.5            BREST
1877 11 23 08 00  48.39   -4.49 1006.1            BREST
1877 11 24 08 00  48.39   -4.49 1013.9            BREST
1877 11 25 08 00  48.39   -4.49  989.8            BREST
1877 11 26 08 00  48.39   -4.49 1021.3            BREST
1877 11 27 08 00  48.39   -4.49 1001.7            BREST
1877 11 28 08 00  48.39   -4.49  994.9            BREST
1877 11 29 08 00  48.39   -4.49  995.9            BREST
1877 11 30 08 00  48.39   -4.49  987.1            BREST
1877 11 01 08 00  31.20   29.91 1012.8       ALEXANDRIA
1877 11 02 08 00  31.20   29.91 1011.3       ALEXANDRIA
1877 11 03 08 00  31.20   29.91 1008.7       ALEXANDRIA
1877 11 04 08 00  31.20   29.91 1009.6       ALEXANDRIA
1877 11 05 08 00  31.20   29.91 1014.3       ALEXANDRIA
1877 11 06 08 00  31.20   29.91 1014.8       ALEXANDRIA
1877 11 07 08 00  31.20   29.91 1016.9       ALEXANDRIA
1877 11 08 08 00  31.20   29.91 1016.3       ALEXANDRIA
1877 11 09 08 00  31.20   29.91 1014.0       ALEXANDRIA
1877 11 10 08 00  31.20   29.91 1013.1       ALEXANDRIA
1877 11 11 08 00  31.20   29.91 1015.5       ALEXANDRIA
1877 11 12 08 00  31.20   29.91 1014.9       ALEXANDRIA
1877 11 13 08 00  31.20   29.91 1016.4       ALEXANDRIA
1877 11 14 08 00  31.20   29.91 1017.8       ALEXANDRIA
1877 11 15 08 00  31.20   29.91 1017.3       ALEXANDRIA
1877 11 16 08 00  31.20   29.91 1017.5       ALEXANDRIA
1877 11 17 08 00  31.20   29.91 1016.4       ALEXANDRIA
1877 11 18 08 00  31.20   29.91 1015.9       ALEXANDRIA
1877 11 19 08 00  31.20   29.91 1015.3       ALEXANDRIA
1877 11 20 08 00  31.20   29.91 1014.0       ALEXANDRIA
1877 11 21 08 00  31.20   29.91 1008.7       ALEXANDRIA
1877 11 22 08 00  31.20   29.91 1013.1       ALEXANDRIA
1877 11 23 08 00  31.20   29.91 1012.9       ALEXANDRIA
1877 11 24 08 00  31.20   29.91 1009.5       ALEXANDRIA
1877 11 25 08 00  31.20   29.91 1011.9       ALEXANDRIA
1877 11 26 08 00  31.20   29.91 1013.1       ALEXANDRIA
1877 11 27 08 00  31.20   29.91 1009.1       ALEXANDRIA
1877 11 28 08 00  31.20   29.91 1011.1       ALEXANDRIA
1877 11 29 08 00  31.20   29.91 1013.7       ALEXANDRIA
1877 11 30 08 00  31.20   29.91 1014.3       ALEXANDRIA
1877 11 01 08 00  45.76    4.84 1028.2            LYONS
1877 11 02 08 00  45.76    4.84 1024.9            LYONS
1877 11 03 08 00  45.76    4.84 1019.0            LYONS
1877 11 04 08 00  45.76    4.84 1017.6            LYONS
1877 11 05 08 00  45.76    4.84 1017.1            LYONS
1877 11 06 08 00  45.76    4.84 1020.5            LYONS
1877 11 07 08 00  45.76    4.84 1016.1            LYONS
1877 11 08 08 00  45.76    4.84 1014.8            LYONS
1877 11 09 08 00  45.76    4.84 1018.6            LYONS
1877 11 10 08 00  45.76    4.84 1012.4            LYONS
1877 11 11 08 00  45.76    4.84 1010.4            LYONS
1877 11 12 08 00  45.76    4.84  996.4            LYONS
1877 11 13 08 00  45.76    4.84 1002.7            LYONS
1877 11 14 08 00  45.76    4.84 1016.9            LYONS
1877 11 15 08 00  45.76    4.84 1028.2            LYONS
1877 11 16 08 00  45.76    4.84 1027.8            LYONS
1877 11 17 08 00  45.76    4.84 1025.8            LYONS
1877 11 18 08 00  45.76    4.84 1021.6            LYONS
1877 11 19 08 00  45.76    4.84 1020.9            LYONS
1877 11 20 08 00  45.76    4.84 1009.5            LYONS
1877 11 21 08 00  45.76    4.84 1016.7            LYONS
1877 11 22 08 00  45.76    4.84 1014.0            LYONS
1877 11 23 08 00  45.76    4.84 1013.2            LYONS
1877 11 24 08 00  45.76    4.84 1009.7            LYONS
1877 11 25 08 00  45.76    4.84  995.2            LYONS
1877 11 26 08 00  45.76    4.84 1021.7            LYONS
1877 11 27 08 00  45.76    4.84 1008.8            LYONS
1877 11 28 08 00  45.76    4.84 1000.8            LYONS
1877 11 29 08 00  45.76    4.84  998.8            LYONS
1877 11 30 08 00  45.76    4.84  997.5            LYONS
1877 11 01 08 00  43.12    5.93 1017.6           TOULON
1877 11 02 08 00  43.12    5.93 1020.3           TOULON
1877 11 03 08 00  43.12    5.93 1022.7           TOULON
1877 11 04 08 00  43.12    5.93 1020.3           TOULON
1877 11 05 08 00  43.12    5.93 1016.9           TOULON
1877 11 06 08 00  43.12    5.93 1018.6           TOULON
1877 11 07 08 00  43.12    5.93 1022.4           TOULON
1877 11 08 08 00  43.12    5.93 1021.0           TOULON
1877 11 09 08 00  43.12    5.93 1021.7           TOULON
1877 11 10 08 00  43.12    5.93 1019.3           TOULON
1877 11 11 08 00  43.12    5.93 1014.2           TOULON
1877 11 12 08 00  43.12    5.93 1011.2           TOULON
1877 11 13 08 00  43.12    5.93 1002.4           TOULON
1877 11 14 08 00  43.12    5.93 1006.8           TOULON
1877 11 15 08 00  43.12    5.93 1017.6           TOULON
1877 11 16 08 00  43.12    5.93 1026.1           TOULON
1877 11 17 08 00  43.12    5.93 1023.7           TOULON
1877 11 18 08 00  43.12    5.93 1023.4           TOULON
1877 11 19 08 00  43.12    5.93 1020.7           TOULON
1877 11 20 08 00  43.12    5.93 1018.6           TOULON
1877 11 21 08 00  43.12    5.93 1009.1           TOULON
1877 11 22 08 00  43.12    5.93 1011.5           TOULON
1877 11 23 08 00  43.12    5.93 1014.9           TOULON
1877 11 24 08 00  43.12    5.93 1025.1           TOULON
1877 11 25 08 00  43.12    5.93 1004.7           TOULON
1877 11 26 08 00  43.12    5.93 1009.5           TOULON
1877 11 27 08 00  43.12    5.93 1018.3           TOULON
1877 11 28 08 00  43.12    5.93 1009.8           TOULON
1877 11 29 08 00  43.12    5.93 1001.7           TOULON
1877 11 30 08 00  43.12    5.93  997.0           TOULON
1877 11 01 08 00  58.20   -6.30 1019.3        STORNOWAY
1877 11 02 08 00  58.20   -6.30 1003.4        STORNOWAY
1877 11 03 08 00  58.20   -6.30 1004.4        STORNOWAY
1877 11 04 08 00  58.20   -6.30  989.8        STORNOWAY
1877 11 05 08 00  58.20   -6.30  991.9        STORNOWAY
1877 11 06 08 00  58.20   -6.30  986.5        STORNOWAY
1877 11 07 08 00  58.20   -6.30  989.2        STORNOWAY
1877 11 08 08 00  58.20   -6.30  998.3        STORNOWAY
1877 11 09 08 00  58.20   -6.30  985.8        STORNOWAY
1877 11 10 08 00  58.20   -6.30  978.3        STORNOWAY
1877 11 11 08 00  58.20   -6.30  968.5        STORNOWAY
1877 11 12 08 00  58.20   -6.30  953.6        STORNOWAY
1877 11 13 08 00  58.20   -6.30  975.6        STORNOWAY
1877 11 14 08 00  58.20   -6.30 1003.7        STORNOWAY
1877 11 15 08 00  58.20   -6.30 1003.4        STORNOWAY
1877 11 16 08 00  58.20   -6.30 1004.4        STORNOWAY
1877 11 17 08 00  58.20   -6.30 1014.6        STORNOWAY
1877 11 18 08 00  58.20   -6.30 1001.4        STORNOWAY
1877 11 19 08 00  58.20   -6.30  999.0        STORNOWAY
1877 11 20 08 00  58.20   -6.30 1001.4        STORNOWAY
1877 11 21 08 00  58.20   -6.30  995.9        STORNOWAY
1877 11 22 08 00  58.20   -6.30  963.8        STORNOWAY
1877 11 23 08 00  58.20   -6.30  992.9        STORNOWAY
1877 11 24 08 00  58.20   -6.30  995.3        STORNOWAY
1877 11 25 08 00  58.20   -6.30 1005.1        STORNOWAY
1877 11 26 08 00  58.20   -6.30  997.6        STORNOWAY
1877 11 27 08 00  58.20   -6.30  981.0        STORNOWAY
1877 11 28 08 00  58.20   -6.30  971.9        STORNOWAY
1877 11 29 08 00  58.20   -6.30  969.5        STORNOWAY
1877 11 30 08 00  58.20   -6.30  975.3        STORNOWAY
1877 11 01 08 00  32.67  -16.92 1014.8          FUNCHAL
1877 11 02 08 00  32.67  -16.92 1014.8          FUNCHAL
1877 11 03 08 00  32.67  -16.92 1012.1          FUNCHAL
1877 11 04 08 00  32.67  -16.92 1012.1          FUNCHAL
1877 11 05 08 00  32.67  -16.92 1016.1          FUNCHAL
1877 11 06 08 00  32.67  -16.92 1014.8          FUNCHAL
1877 11 07 08 00  32.67  -16.92 1014.8          FUNCHAL
1877 11 08 08 00  32.67  -16.92 1018.8          FUNCHAL
1877 11 09 08 00  32.67  -16.92 1018.8          FUNCHAL
1877 11 10 08 00  32.67  -16.92 1016.1          FUNCHAL
1877 11 11 08 00  32.67  -16.92 1017.5          FUNCHAL
1877 11 12 08 00  32.67  -16.92 1013.5          FUNCHAL
1877 11 13 08 00  32.67  -16.92 1016.1          FUNCHAL
1877 11 14 08 00  32.67  -16.92 1021.4          FUNCHAL
1877 11 15 08 00  32.67  -16.92 1020.1          FUNCHAL
1877 11 16 08 00  32.67  -16.92 1016.1          FUNCHAL
1877 11 17 08 00  32.67  -16.92 1014.8          FUNCHAL
1877 11 18 08 00  32.67  -16.92 1014.8          FUNCHAL
1877 11 19 08 00  32.67  -16.92 1018.8          FUNCHAL
1877 11 20 08 00  32.67  -16.92 1021.4          FUNCHAL
1877 11 21 08 00  32.67  -16.92 1020.1          FUNCHAL
1877 11 22 08 00  32.67  -16.92 1020.1          FUNCHAL
1877 11 23 08 00  32.67  -16.92 1018.8          FUNCHAL
1877 11 24 08 00  32.67  -16.92 1016.1          FUNCHAL
1877 11 25 08 00  32.67  -16.92 1016.1          FUNCHAL
1877 11 26 08 00  32.67  -16.92 1016.1          FUNCHAL
1877 11 27 08 00  32.67  -16.92 1016.1          FUNCHAL
1877 11 28 08 00  32.67  -16.92 1013.5          FUNCHAL
1877 11 29 08 00  32.67  -16.92 1013.5          FUNCHAL
1877 11 30 08 00  32.67  -16.92 1016.1          FUNCHAL
