01 30176 30157 30134 30120 30119 30113 30102 30091 30064 30052 30022 29998 29967 29937 29912 29874 29853 29838 29835 29828 29818 29805 29793 29779
02 29767 29748 29738 29736 29735 29735 29738 29748 29743 29733 29718 29713 29707 29705 29707 29725 29738 29741 29758 29773 29779 29782 29774 29768
03 29762 29757 29755 29755 29760 29762 29765 29775 29785 29792 29806 29816 29821 29825 29830 29841 29855 29872 29893 29919 29938 29953 29971 29978
04 29978 29981 29988 29996 30016 30033 30043 30058 30058 30060 30066 30059 30049 30043 30044 30045 30039 30042 30042 30048 30059 30066 30059 30061
05 30046 30040 30036 30029 30029 30037 30042 30039 30042 30039 30040 30034 30031 30032 30024 30025 30026 30030 30033 30036 30037 30040 30033 30021
06 30021 30010 30000 29995 29996 29995 29988 29991 30001 30011 30014 30021 30026 30034 30034 30031 30034 30041 30054 30062 30066 30066 30068 30065
07 30063 30055 30052 30049 30046 30047 30047 30046 30042 30038 30033 30033 30025 30016 30016 30009 30009 30008 30006 30008 30011 30006 30002 30002
08 29995 29992 29991 29997 30010 30025 30041 30054 30067 30076 30093 30108 30119 30130 30140 30147 30159 30167 30187 30206 30219 30238 30250 30251
09 30260 30261 30262 30263 30264 30266 30270 30272 30273 30263 30260 30260 30249 30237 30222 30211 30196 30179 30168 30164 30165 30155 30148 30127
10 30111 30094 30082 30082 30075 30083 30085 30093 30092 30093 30099 30106 30105 30105 30105 30106 30107 30122 30135 30147 30151 30159 30159 30152
11 30148 30137 30126 30118 30119 30132 30141 30154 30162 30171 30174 30174 30175 30180 30178 30181 30176 30188 30195 30210 30213 30207 30211 30210
12 30206 30201 30207 30205 30205 30207 30218 30221 30228 30231 30232 30236 30234 30229 30226 30222 30223 30228 30236 30242 30242 30248 30248 30249
13 30250 30244 30242 30242 30249 30259 30267 30279 30286 30296 30294 30292 30292 30289 30286 30287 30283 30282 30284 30291 30304 30299 30298 30289
14 30278 30270 30264 30260 30265 30269 30273 30278 30272 30273 30276 30275 30272 30275 30265 30267 30268 30271 30275 30284 30290 30300 30309 30306
15 30298 30299 30300 30298 30297 30300 30310 30314 30320 30307 30309 30312 30308 30303 30295 30289 30288 30279 30283 30289 30291 30286 30284 30282
16 30276 30269 30267 30262 30263 30263 30265 30267 30270 30272 30270 30268 30269 30263 30252 30249 30249 30246 30249 30251 30256 30259 30256 30248
17 30245 30241 30236 30239 30247 30249 30249 30253 30253 30258 30264 30265 30265 30265 30265 30267 30263 30270 30274 30285 30290 30292 30285 30282
18 30278 30265 30263 30254 30263 30262 30258 30255 30252 30245 30240 30235 30227 30219 30205 30210 30191 30185 30181 30171 30166 30145 30122 30110
19 30072 30049 30025 29991 29971 29961 29952 29947 29952 29955 29951 29958 29966 29956 29940 29945 29949 29955 29956 29970 29971 29992 29992 29983
20 29987 29993 29996 30007 30030 30048 30066 30087 30096 30116 30126 30129 30126 30127 30118 30108 30102 30131 30130 30121 30109 30098 30063 30045
21 30006 29988 29975 29970 29973 29980 29977 29970 29963 29960 29956 29941 29930 29918 29894 29871 29858 29841 29828 29809 29777 29741 29689 29654
22 29598 29553 29496 29478 29454 29453 29442 29434 29444 29449 29479 29511 29522 29532 29553 29561 29569 29583 29599 29611 29619 29622 29612 29604
23 29592 29564 29544 29528 29507 29492 29468 29456 29429 29396 29378 29354 29331 29316 29294 29271 29256 29257 29253 29264 29270 29275 29279 29268
24 29256 29243 29236 29233 29219 29210 29204 29194 29192 29229 29243 29277 29322 29362 29385 29412 29448 29470 29498 29535 29548 29562 29577 29585
25 29594 29598 29605 29613 29622 29627 29645 29661 29668 29668 29686 29685 29683 29691 29690 29696 29713 29720 29729 29729 29733 29723 29703 29680
26 29639 29620 29580 29523 29525 29506 29496 29473 29462 29483 29483 29493 29508 29515 29533 29544 29553 29570 29590 29621 29633 29658 29673 29685
27 29701 29693 29678 29678 29695 29692 29691 29692 29695 29681 29685 29685 29675 29678 29674 29670 29670 29695 29696 29728 29722 29747 29757 29768
28 29778 29787 29789 29801 29807 29819 29838 29851 29858 29864 29891 29890 29898 29932 29938 29946 29936 29971 29982 29993 30025 30048 30065 30085
29 30105 30130 30148 30175 30196 30221 30241 30265 30278 30286 30289 30294 30290 30290 30276 30272 30267 30262 30256 30254 30254 30249 30231 30217
30 30199 30179 30172 30155 30140 30132 30119 30115 30098 30083 30069 30050 30026 30018 30013 30010 30003 30004 30004 30009 30015 30013 30000 29994
31 29996 29996 29995 29999 30009 30023 30041 30049 30065 30083 30103 30123 30142 30155 30157 30176 30194 30210 30231 30257 30275 30291 30297 30309
