01 30325 30320 30316 30320 30318 30316 30318 30327 30330 30328 30317 30305 30305 30299 30285 30273 30277 30293 30297 30299 30299 30299 30299 30297
02 30295 30301 30297 30293 30291 30287 30289 30297 30305 30309 30322 30310 30308 30307 30307 30320 30324 30354 30361 30370 30374 30376 30383 30384
03 30388 30397 30400 30402 30400 30398 30404 30414 30424 30440 30438 30430 30424 30410 30398 30381 30394 30388 30397 30387 30398 30394 30392 30392
04 30387 30382 30379 30374 30370 30370 30373 30380 30382 30386 30386 30368 30347 30326 30309 30296 30288 30284 30278 30270 30266 30259 30252 30232
05 30212 30192 30168 30154 30150 30134 30124 30118 30124 30112 30105 30079 30059 30031 30011 30009 30013 30008 30008 29999 30001 29983 29990 29973
06 29967 29960 29949 29936 29919 29905 29897 29903 29897 29891 29885 29878 29854 29838 29810 29796 29788 29782 29769 29753 29726 29711 29706 29686
07 29666 29641 29636 29640 29644 29646 29654 29659 29670 29682 29677 29661 29630 29597 29585 29553 29515 29507 29481 29463 29443 29419 29411 29398
08 29369 29365 29363 29363 29366 29379 29401 29425 29453 29473 29508 29520 29528 29532 29550 29556 29568 29594 29616 29622 29626 29621 29621 29608
09 29585 29562 29534 29510 29474 29438 29410 29402 29374 29355 29329 29291 29263 29222 29209 29177 29161 29144 29138 29125 29126 29155 29187 29225
10 29255 29301 29329 29371 29395 29423 29441 29447 29446 29441 29455 29453 29449 29457 29445 29439 29446 29451 29467 29489 29507 29515 29521 29532
11 29553 29574 29585 29603 29627 29650 29660 29693 29719 29721 29736 29743 29745 29761 29769 29781 29801 29803 29809 29827 29820 29809 29809 29807
12 29801 29792 29786 29759 29751 29739 29736 29745 29747 29767 29785 29791 29795 29799 29823 29861 29891 29920 29939 29951 29977 29991 30011 30033
13 30049 30073 30087 30099 30118 30139 30167 30181 30199 30207 30199 30201 30191 30175 30165 30161 30153 30149 30147 30129 30119 30101 30087 30063
14 30028 29990 29958 29925 29895 29871 29863 29855 29843 29838 29835 29817 29808 29803 29803 29807 29809 29821 29827 29833 29836 29835 29830 29837
15 29833 29835 29825 29817 29813 29803 29797 29779 29778 29763 29745 29717 29683 29635 29602 29561 29531 29501 29477 29453 29437 29417 29401 29399
16 29389 29353 29305 29285 29270 29225 29197 29147 29087 29021 28977 28941 28913 28905 28915 28937 28967 28995 29007 29027 29029 29005 28991 28949
17 28903 28833 28805 28803 28795 28797 28789 28885 28989 29059 29115 29149 29169 29181 29203 29215 29239 29252 29261 29262 29269 29267 29269 29260
18 29267 29261 29249 29247 29248 29249 29262 29278 29281 29305 29333 29365 29382 29391 29392 29406 29389 29383 29363 29353 29342 29333 29309 29289
19 29275 29273 29261 29248 29247 29263 29253 29271 29275 29287 29290 29305 29296 29285 29282 29283 29291 29300 29299 29301 29297 29289 29297 29305
20 29321 29330 29336 29335 29337 29346 29361 29376 29383 29393 29408 29407 29400 29403 29401 29423 29433 29453 29473 29482 29499 29511 29531 29561
21 29576 29594 29609 29628 29656 29691 29715 29738 29753 29769 29763 29761 29748 29727 29713 29715 29717 29729 29735 29745 29759 29761 29764 29771
22 29765 29761 29754 29747 29753 29753 29749 29755 29763 29774 29775 29767 29759 29755 29756 29763 29775 29791 29801 29813 29823 29829 29833 29849
23 29861 29873 29867 29881 29887 29898 29921 29957 29959 29959 29966 29969 29965 29963 29967 29973 29991 30015 30031 30043 30065 30077 30092 30105
24 30113 30124 30133 30146 30157 30170 30187 30211 30223 30237 30252 30254 30263 30267 30276 30293 30307 30337 30351 30374 30391 30408 30401 30410
25 30414 30419 30411 30413 30415 30424 30435 30435 30443 30436 30419 30400 30381 30353 30333 30307 30304 30279 30275 30245 30223 30204 30176 30146
26 30107 30071 30026 29984 29957 29934 29888 29869 29869 29865 29886 29890 29898 29906 29916 29910 29914 29917 29917 29920 29920 29914 29920 29914
27 29912 29904 29894 29888 29889 29884 29882 29896 29894 29879 29865 29849 29829 29799 29787 29761 29743 29738 29729 29721 29703 29663 29640 29618
28 29593 29555 29519 29509 29506 29486 29492 29500 29495 29500 29503 29514 29512 29518 29524 29537 29552 29578 29592 29610 29622 29631 29632 29634
29 29625 29623 29612 29610 29618 29622 29626 29641 29650 29654 29648 29644 29637 29618 29607 29588 29584 29586 29587 29582 29570 29572 29552 29536
