01 29679 29666 29647 29630 29611 29589 29562 29554 29571 29597 29595 29602 29599 29612 29619 29636 29656 29690 29700 29732 29757 29788 29807 29828
02 29834 29842 29840 29856 29862 29868 29882 29879 29902 29928 29940 29952 29956 29965 29962 29967 29959 29966 29977 29997 29993 29997 29990 29983
03 29973 29971 29953 29944 29923 29909 29883 29863 29859 29837 29812 29796 29792 29819 29817 29845 29875 29901 29913 29931 29953 29977 29982 30005
04 30022 30038 30051 30053 30059 30079 30091 30097 30107 30125 30116 30122 30112 30115 30118 30122 30127 30129 30127 30135 30115 30108 30099 30105
05 30086 30087 30076 30063 30055 30047 30035 30031 30035 30040 30032 30021 30003 29982 29984 29984 29985 29994 29993 29999 30017 30030 30040 30046
06 30032 30003 30026 30019 30005 30003 29997 29997 30007 30017 30028 30034 30045 30063 30087 30118 30143 30159 30189 30203 30221 30241 30263 30284
07 30280 30285 30278 30265 30265 30263 30269 30261 30258 30243 30235 30215 30193 30205 30205 30211 30203 30213 30217 30216 30214 30216 30211 30209
08 30187 30181 30179 30185 30161 30147 30143 30133 30119 30117 30078 30057 30033 29989 29974 29992 29980 29978 29970 29973 29982 29992 30003 30021
09 30038 30052 30064 30067 30067 30064 30059 30052 30052 30044 30049 30030 30032 30029 30012 30005 30003 29998 29994 29995 29975 29980 29948 29919
10 29898 29864 29842 29815 29826 29805 29845 29861 29876 29899 29907 29922 29919 29925 29936 29947 29957 29996 29994 29997 30010 29998 29998 29990
11 29980 29972 29963 29948 29898 29883 29844 29805 29777 29720 29703 29669 29665 29657 29625 29619 29629 29633 29627 29627 29611 29605 29614 29605
12 29586 29589 29589 29594 29594 29605 29616 29638 29655 29675 29687 29705 29707 29707 29707 29693 29667 29641 29587 29559 29551 29557 29555 29550
13 29555 29565 29551 29547 29563 29559 29561 29570 29577 29599 29601 29604 29593 29603 29602 29608 29603 29594 29549 29537 29524 29539 29547 29568
14 29580 29605 29625 29632 29629 29637 29638 29654 29665 29684 29681 29702 29711 29716 29714 29728 29736 29756 29744 29737 29732 29708 29669 29640
15 29596 29564 29541 29498 29452 29398 29346 29311 29278 29264 29231 29215 29188 29159 29137 29129 29116 29111 29113 29145 29156 29175 29194 29216
16 29240 29269 29298 29327 29353 29381 29412 29453 29479 29518 29542 29568 29573 29582 29594 29616 29628 29651 29658 29672 29675 29686 29691 29683
17 29672 29671 29674 29658 29649 29647 29638 29636 29646 29652 29649 29647 29623 29621 29596 29581 29577 29572 29549 29533 29502 29479 29449 29429
18 29390 29359 29305 29256 29210 29167 29128 29093 29055 29010 28965 28930 28861 28841 28825 28817 28803 28791 28775 28753 28733 28688 28661 28659
19 28661 28647 28631 28613 28611 28615 28626 28657 28676 28709 28730 28764 28761 28765 28804 28820 28850 28868 28891 28913 28918 28969 28999 29024
20 29032 29056 29070 29083 29090 29101 29102 29122 29145 29167 29174 29186 29182 29196 29187 29198 29199 29216 29234 29260 29269 29300 29320 29346
21 29390 29421 29470 29520 29552 29588 29608 29651 29688 29721 29729 29741 29756 29759 29752 29755 29746 29744 29748 29757 29750 29751 29744 29734
22 29726 29713 29688 29670 29638 29614 29598 29571 29551 29546 29526 29490 29462 29436 29386 29372 29336 29295 29241 29202 29156 29116 29071 29048
23 29027 29031 29044 29041 29034 29030 29024 29014 29007 29021 29005 28998 28989 28976 28957 28935 28912 28885 28863 28849 28829 28820 28811 28799
24 28796 28787 28785 28793 28785 28793 28796 28813 28844 28881 28895 28941 28972 29016 29036 29063 29075 29101 29100 29127 29123 29126 29119 29095
25 29091 29087 29075 29079 29105 29135 29152 29168 29191 29202 29210 29230 29236 29242 29254 29272 29290 29308 29326 29337 29346 29363 29358 29358
26 29349 29352 29357 29360 29359 29358 29364 29370 29376 29377 29365 29354 29333 29318 29298 29289 29286 29279 29268 29268 29266 29257 29256 29250
27 29236 29228 29222 29213 29206 29206 29210 29220 29240 29272 29278 29294 29291 29305 29309 29319 29327 29348 29351 29363 29364 29373 29365 29354
28 29342 29333 29324 29325 29316 29313 29322 29332 29339 29357 29355 29350 29347 29341 29336 29340 29340 29340 29338 29335 29327 29322 29324 29318
29 29308 29298 29301 29293 29282 29279 29273 29260 29261 29254 29232 29203 29167 29135 29101 29067 29036 29013 28999 28978 28960 28954 28943 28938
30 28934 28949 28960 28978 28994 29014 29042 29081 29105 29140 29160 29187 29196 29233 29258 29302 29324 29372 29398 29452 29495 29544 29573 29610
31 29638 29678 29704 29730 29760 29790 29807 29805 29819 29844 29859 29870 29868 29892 29894 29911 29910 29928 29936 29954 29952 29956 29950 29946
