01 30027 30011 29987 29967 29959 29944 29933 29929 29929 29937 29942 29918 29910 29898 29892 29894 29896 29902 29902 29904 29914 29930 29946 29965
02 29972 29972 29985 29996 29995 30002 30008 30008 30020 30040 30036 30025 30010 30000 29996 29998 30010 30018 30025 30034 30040 30045 30054 30058
03 30052 30058 30064 30074 30078 30080 30087 30105 30105 30106 30128 30126 30121 30127 30128 30135 30141 30161 30181 30189 30189 30189 30187 30195
04 30195 30195 30207 30213 30221 30236 30245 30263 30278 30293 30293 30293 30286 30280 30282 30292 30304 30314 30316 30322 30324 30326 30322 30328
05 30324 30316 30316 30308 30304 30302 30302 30310 30322 30326 30343 30335 30329 30321 30315 30311 30315 30314 30319 30327 30339 30335 30337 30337
06 30339 30339 30335 30319 30317 30325 30337 30343 30345 30353 30355 30349 30343 30337 30341 30341 30361 30375 30379 30384 30391 30392 30389 30394
07 30393 30399 30403 30404 30399 30395 30403 30419 30417 30441 30443 30427 30419 30407 30413 30419 30425 30421 30419 30427 30431 30431 30421 30421
08 30417 30419 30415 30409 30403 30411 30421 30434 30454 30457 30452 30438 30426 30406 30402 30405 30414 30418 30428 30432 30430 30422 30416 30414
09 30402 30408 30416 30400 30394 30402 30410 30410 30408 30413 30414 30394 30394 30385 30375 30369 30375 30381 30377 30381 30376 30357 30349 30347
10 30327 30319 30315 30311 30307 30309 30304 30299 30297 30301 30307 30302 30290 30282 30284 30288 30282 30278 30284 30289 30286 30282 30280 30264
11 30250 30244 30234 30226 30216 30210 30198 30194 30198 30198 30187 30159 30139 30121 30107 30097 30087 30075 30077 30069 30059 30054 30049 30044
12 30041 30053 30043 30046 30043 30045 30051 30069 30091 30103 30109 30109 30099 30093 30095 30101 30103 30094 30093 30089 30085 30083 30077 30077
13 30064 30053 30037 30021 30009 29993 29993 29994 30001 30011 30020 29998 29984 29976 29984 29980 29982 29988 29995 29994 29982 29974 29976 29972
14 29958 29955 29954 29936 29928 29928 29924 29906 29908 29910 29900 29884 29865 29850 29830 29825 29812 29808 29800 29790 29790 29782 29762 29744
15 29710 29685 29660 29638 29606 29582 29568 29548 29532 29515 29500 29462 29447 29444 29454 29462 29462 29462 29460 29450 29444 29435 29420 29414
16 29400 29384 29376 29366 29362 29358 29358 29358 29363 29374 29377 29371 29361 29355 29353 29351 29351 29351 29349 29351 29357 29365 29375 29386
17 29385 29389 29403 29403 29405 29414 29423 29445 29455 29473 29475 29456 29450 29448 29452 29458 29465 29482 29484 29484 29494 29498 29505 29510
18 29506 29502 29492 29478 29462 29446 29430 29408 29388 29375 29359 29331 29317 29319 29311 29321 29321 29325 29329 29337 29343 29351 29353 29356
19 29363 29361 29373 29365 29367 29383 29399 29415 29431 29447 29468 29448 29438 29420 29403 29388 29386 29390 29370 29356 29328 29322 29278 29228
20 29178 29168 29162 29156 29168 29202 29223 29223 29213 29216 29222 29241 29277 29301 29352 29399 29419 29462 29491 29517 29539 29551 29569 29577
21 29581 29607 29635 29641 29662 29685 29717 29752 29787 29835 29858 29863 29872 29872 29890 29892 29880 29872 29868 29860 29860 29838 29815 29802
22 29762 29720 29708 29702 29680 29665 29665 29654 29664 29665 29665 29658 29644 29630 29605 29588 29572 29548 29540 29512 29480 29462 29444 29435
23 29444 29452 29452 29448 29442 29438 29438 29438 29422 29408 29390 29350 29312 29276 29230 29180 29132 29112 29090 29078 29075 29075 29050 29034
24 29010 28980 28966 28958 28958 28994 29040 29102 29146 29194 29219 29227 29235 29257 29283 29318 29335 29365 29378 29393 29391 29407            
25                                           29443 29467 29495 29513 29521 29525 29531 29551 29561 29579 29601 29609 29609 29609 29613 29615 29605
26 29589 29575 29573 29557 29517 29501 29489 29475 29461 29449 29449 29409 29361 29329 29283 29279 29247 29225 29191 29161 29157 29151 29145 29131
27 29117 29109 29097 29103 29108 29121 29133             29209 29236 29225 29220 29208 29220 29224 29225 29240 29252 29265 29268 29278 29288 29292
28 29292 29296 29310 29312 29317 29320 29326 29330 29344 29355 29354 29347 29333 29319 29323 29321 29323 29319 29313 29311 29307 29295 29293 29294
29 29271 29263 29253 29231 29203 29159 29106 29051 28979 28939 28914 28875 28856 28873 28932 28985 29030 29072 29120 29162 29194 29232 29238 29222
30 29194 29156 29144 29144 29134 29126 29132 29152 29158 29188 29210 29224 29240 29264 29308 29350 29384 29424 29465 29510 29548 29594 29620 29660
31 29688 29726 29762 29785 29820 29858 29904 29955 30010 30050 30075 30094 30108 30137 30155 30168 30182 30192 30204 30212 30222 30238 30242 30244
