01 29711 29707 29707 29711 29713 29714 29724 29724 29719 29729 29736 29718 29704 29694 29679 29661 29642 29626 29616 29621 29670 29692 29712 29761
02 29796 29843 29885 29920 29949 29986 30006 30032 30058 30085 30105 30105 30107 30122 30131 30150 30173 30205 30235 30264 30266 30302 30311 30321
03 30337 30338 30337 30340 30342 30335 30335 30335 30325 30326 30323 30314 30300 30276 30271 30264 30260 30261 30262 30263 30263 30258 30256 30241
04 30233 30211 30199 30184 30171 30164 30151 30147 30151 30168 30165 30156 30159 30159 30155 30161 30168 30164 30161 30169 30166 30159 30150 30146
05 30139 30134 30129 30126 30125 30143 30152 30172 30184 30205 30213 30208       30213       30226 30239 30251 30262 30266 30270 30285 30296 30308
06 30310 30316 30326 30343 30338 30346 30352 30369 30381 30401 30411 30403 30397 30390 30384 30392 30400 30403 30401 30401 30408 30419 30416 30419
07 30408 30408 30402 30398 30402 30413 30428 30451 30464 30488 30496 30496 30494 30489 30497 30499 30500 30506 30509 30508 30508 30500 30496 30496
08 30488 30480 30471 30458 30448 30446 30438 30439 30440 30452 30447 30437 30412 30399 30391 30376 30362 30362 30354 30347 30354 30346 30346 30340
09 30324 30316 30291 30276 30273 30262 30262 30256 30260 30279 30290 30273 30266 30265 30267 30262 30265 30269 30273 30279 30285 30303 30319 30331
10 30325 30325 30320 30323 30323 30321 30320 30318 30323 30343 30346 30344 30336 30334 30329 30337 30337 30339 30340 30349 30354 30354 30342 30344
11 30338 30334 30323 30308 30311 30316 30333 30349 30367 30358 30372 30360 30359 30358 30362 30367 30363 30375 30374 30382 30383 30394 30396 30394
12 30389 30383 30379 30376 30381 30378 30386 30380 30389 30402 30413 30412 30404 30399 30396 30404 30404 30413 30414 30415 30415 30433 30449 30451
13 30452 30457 30460 30461 30451 30447 30459 30474 30482 30504 30507 30509 30496 30480 30471 30482 30487 30492 30487 30493 30495 30505 30503 30501
14 30486 30478 30479 30476 30476 30471 30477 30486 30482 30485 30498 30493 30488 30480 30478 30482 30484 30477 30484 30488 30485 30483 30483 30484
15 30481 30475 30476 30472 30469 30463 30461 30461 30454 30457 30461 30447 30430 30412 30406 30396 30392 30379 30367 30360 30344 30322 30314 30301
16 30280 30257 30236 30224 30208 30187 30173 30159 30149 30147 30139 30120 30107 30082 30070 30060 30050 30050 30047 30048 30049 30062 30061 30072
17 30078 30090 30092 30099 30102 30107 30112 30116 30125 30137 30138 30145 30128 30124 30121 30108 30107 30112 30108 30107 30100 30096 30092 30078
18 30064 30050 30038 30022 29998 29974 29961 29965 29969 29976 29996 29991 29988 29981 29968 29967 29968 29980 29987 29998 30000 30003 30013 30040
19 30050 30062 30071 30083 30108 30135 30163 30191 30213 30241 30251 30289 30262 30282 30295 30310 30327 30354 30366 30388 30399 30418 30429 30433
20 30431 30436 30435 30441 30439 30441 30445 30456 30462 30460 30480 30485 30473 30454 30442 30440 30444 30456 30460 30473 30469 30478 30485 30489
21 30488 30486 30489 30482 30485 30481 30485 30488 30498 30513 30526 30532 30506 30503 30494 30492 30481 30489 30494 30492 30489 30493 30490 30489
22 30486 30478 30469 30457 30451 30445 30438 30443 30444 30446 30455 30448 30440 30431 30416 30414 30416 30422 30426 30441 30453 30464 30466 30472
23 30471 30460 30460 30461 30463 30467 30466 30473 30486 30487 30491 30483 30474 30462 30445 30441 30430 30429 30428 30424 30418 30416 30408 30393
24 30374 30343 30331 30303 30275 30250 30224 30217 30188 30183 30166 30133 30103 30051 30013 29978 29955 29924 29896 29872 29851 29838 29807 29795
25 29768 29742 29728 29716 29713 29721 29721 29740 29768 29791 29812 29847 29863 29885 29901 29931 29961 29988 30027 30063 30079 30107 30103 30131
26 30141 30141 30142 30147 30158 30160 30161 30178 30188 30211 30221 30221 30215 30203 30189 30180 30181 30188 30181 30194 30203 30200 30191 30185
27 30170 30158 30151 30138 30133 30132 30128 30125 30129 30130 30123 30126 30109 30090 30079 30080 30075 30067 30071 30068 30070 30077 30071 30066
28 30057 30049 30027 30009 30001 29990 29983 29974 29961 29960 29961 29943 29930 29905 29879 29871 29859 29858 29860 29854 29849 29847 29842 29841
29 29827 29816 29803 29784 29771 29756 29750 29741 29730 29721 29713 29693 29670 29660 29647 29666 29667 29671 29647 29642 29633 29630 29625 29619
30 29613 29594 29578 29561 29605 29634 29665 29695 29726 29760 29783 29803 29812 29823 29833 29862 29883 29908 29919 29937 29953 29964 29977 29985
31 29989 29993 29989 29993 30001 30012 30017 30026 30040 30050 30057 30052 30045 30049 30045 30057 30057 30077 30088 30105 30102 30104 30104 30097
