01 29866 29881 29897 29928 29934 29962 29981 30011 30037 30047 30073 30082 30094 30097 30102 30123 30134 30157 30177 30174 30184 30183 30185 30184
02 30177 30173 30167 30160 30157 30150 30142 30139 30135 30130 30122 30106 30096 30081 30074 30071 30071 30071 30076 30078 30084 30095 30115 30115
03 30118 30134 30145 30155 30175 30185 30210 30218 30220 30235 30252 30247 30250 30246 30246 30257 30262 30274 30264 30260 30255 30240 30234 30226
04 30215 30205 30194 30177 30165 30149 30142 30147 30134 30139 30130 30123 30108 30093 30087 30092 30104 30135 30138 30135 30140 30123 30133 30137
05 30120 30115 30107 30098 30095 30093 30100 30108 30108 30108 30105 30097 30087 30086 30085 30076 30080 30079 30083 30083 30085 30081 30076 30078
06 30070 30059 30048 30026 30015 29992 29979 29981 29953 29916 29899 29861 29846 29825 29801 29778 29768 29755 29761 29750 29749 29749 29779 29780
07 29786 29789 29786 29785 29781 29791 29802 29821 29831 29837 29846 29844 29844 29840 29841 29846 29842 29853 29856 29863 29874 29885 29892 29913
08 29933 29981 30019 30048 30073 30104 30133 30174 30193 30211 30220 30229 30235 30244 30265 30272 30280 30287 30281 30271 30245 30203 30164 30138
09 30095 30053 30004 29938 29873 29803 29728 29652 29583 29514 29476 29454 29445 29422 29398 29380 29361 29353 29322 29348 29401 29461 29511 29561
10 29605 29670 29721 29735 29791 29818 29838 29866 29878 29897 29907 29905 29902 29898 29885 29886 29885 29874 29860 29835 29814 29799 29785 29770
11 29747 29717 29700 29664 29637 29624 29613 29617 29620 29622 29624 29619 29620 29614 29615 29615 29615 29614 29617 29616 29600 29604 29600 29600
12 29590 29587 29577 29560 29556 29555 29545 29535 29525 29519 29509 29512 29507 29502 29506 29514 29519 29522 29525 29513 29497 29472 29449 29425
13 29382 29342 29273 29196 29115 29042 28989 28977 28986 29022 29058 29083 29097 29099 29108 29127 29136 29140 29149 29129 29133 29124 29113 29118
14 29107 29069 29062 29059 29058 29060 29065 29075 29065 29064 29071 29077 29075 29079 29082 29099 29111 29147 29175 29196 29219 29252 29271 29298
15 29328 29374 29389 29411 29428 29441 29450 29473 29494 29515 29517 29514 29507 29489 29469 29449 29422 29406 29381 29364 29351 29320 29294 29260
16 29224 29173 29122 29082 29021 28973 28937 28887 28854 28813 28784 28745 28713 28689 28679 28684 28689 28696 28723 28734 28744 28761 28779 28790
17 28799 28816 28829 28839 28859 28888 28908 28933 28971 28990 29028 29044 29048 29071 29067 29073 29091 29104 29120 29124 29133 29154 29161 29174
18 29187 29179 29181 29191 29191 29200 29208 29219 29229 29228 29244 29237 29235 29237 29237 29246 29255 29255 29250 29253 29267 29271 29267 29270
19 29279 29270 29285 29313 29345 29383 29420 29464 29500 29537 29578 29599 29633 29674 29698 29737 29778 29810 29846 29878 29900 29921 29950 29978
20 29998 30024 30041 30059 30079 30095 30116 30146 30164 30189 30204 30214 30229 30234 30239 30259 30275 30289 30305 30312 30318 30324 30324 30326
21 30335 30348 30345 30349 30341 30338 30337 30338 30339 30341 30332 30326 30308 30293 30281 30269 30262 30256 30249 30229 30214 30195 30174 30148
22 30124 30100 30063 30025 30001 29969 29946 29930 29904 29887 29875 29850 29824 29804 29755 29737 29710 29705 29679 29685 29671 29655 29642 29642
23 29630 29619 29597 29582 29573 29555 29543 29534 29521 29503 29494 29477 29468 29454 29447 29444 29436 29431 29426 29424 29391 29372 29368 29331
24 29312 29325 29344 29371 29372 29379 29377 29383 29374 29349 29351 29334 29341 29356 29343 29367 29374 29386 29382 29373 29339 29294 29236 29184
25 29117 29036 28957 28919 28910 28912 28886 28907 28934 28962 28980 28992 29005 29026 29038 29064 29113 29158 29199 29248 29283 29305 29320 29343
26 29343 29343 29304 29262 29196 29127 29060 28912 28847 28785 28741 28686 28666 28689 28726 28750 28791 28838 28870 28920 28967 29015 29047 29076
27 29093 29115 29117 29171 29190 29244 29274 29318 29372 29431 29462 29502 29526 29560 29585 29595 29624 29645 29681 29708 29737 29737 29745 29740
28 29722 29708 29705 29675 29682 29645 29655 29654 29662 29648 29652 29630 29635 29585 29614 29601 29617 29622 29640 29665 29677 29690 29699 29717
29 29747 29769 29782 29811 29825 29850 29887 29895 29912 29934 29949 29966 29963 29967 29971 29976 29991 30006 29996 30018 30013 30030 30033 30066
30 30069 30071 30076 30086 30098 30091 30101 30096 30101 30103 30096 30077 30038 30003 29970 29936 29892 29848 29812 29782 29766 29751 29733 29703
