01 30098 30088 30069 30057 30048 30041 30036 30043 30058 30063 30059 30050 30039 30024 30017 30002 30002 30002 29997 29991 29974 29977 29982 29985
02 29975 29967 29968 29977 29987 30006 30026 30050 30095 30118 30137 30162 30166 30190 30183 30196 30199 30217 30230 30247 30246 30270 30273 30264
03 30252 30249 30251 30249 30246 30235 30236 30241 30236 30238 30215 30209 30186 30169 30153 30148 30147 30146 30144 30149 30148 30143 30139 30136
04 30127 30119 30104 30091 30087 30091 30095 30100 30106 30105 30104 30092 30069 30042 30012 30000 29988 29965 29942 29917 29884 29872 29846 29822
05 29793 29812 29834 29848 29863 29878 29897 29928 29952 29970 29975 29995 29989 29982 29981 29974 29952 29950 29964 29949 29928 29909 29890 29868
06 29832 29798 29765 29719 29672 29645 29612 29583 29550 29508 29473 29441 29379 29321 29244 29185 29125 29122 29151 29192 29208 29245 29263 29295
07 29314 29332 29342 29352 29358 29379 29358 29363 29367 29377 29381 29358 29325 29300 29279 29268 29261 29264 29284 29288 29299 29320 29335 29362
08 29384 29392 29411 29412 29426 29447 29459 29474 29480 29504 29502 29504 29479 29449 29440 29414 29382 29336 29302 29257 29211 29147 29089 29040
09 29005 28971 28945 28952 28952 28973 28992 29030 29071 29120 29129 29169 29200 29219 29209 29184 29233 29243 29237 29211 29189 29180 29182 29192
10 29206 29203 29203 29202 29199 29218 29235 29264 29283 29313 29327 29353 29381 29408 29427 29496 29511 29560 29597 29643 29649 29694 29710 29733
11 29730 29723 29723 29706 29722 29729 29724 29692 29667 29626 29601 29573 29546 29499 29455 29411 29383 29383 29391 29408 29409 29437 29448 29474
12 29484 29483 29495 29498 29508 29547 29578 29599 29609 29656 29703 29734 29751 29780 29808 29835 29854 29880 29931 29951 29955 29999 30011 30043
13 30055 30054 30051 30028 30015 30002 29978 29953 29899 29848 29798 29731 29668 29625 29561 29510 29454 29385 29355 29341 29330 29296 29280 29264
14 29244 29233 29237 29270 29297 29330 29357 29405 29436 29469 29488 29524 29554 29574 29591 29608 29613 29638 29651 29657 29647 29638 29621 29588
15 29561 29501 29451 29394 29331 29268 29191 29131 29069 29002 28952 28883 28836 28789 28769 28752 28744 28762 28798 28846 28878 28900 28902 28899
16 28868 28850 28811 28766 28732 28688 28642 28607 28584 28569 28554 28540 28533 28538 28537 28574 28614 28630 28650 28668 28684 28691 28699 28707
17 28711 28713 28719 28723 28733 28735 28739 28743 28747 28741 28724 28700 28669 28635 28600 28571 28592 28619 28645 28652 28661 28685 28704 28769
18 28814 28861 28882 28921 28956 28968 28986 29002 28996 28968 28928 28895 28872 28825 28821 28817 28802 28805 28812 28809 28816 28827 28820 28831
19 28821 28817 28819 28793 28808 28811 28821 28850 28853 28860 28858 28854 28846 28817 28804 28803 28827 28888 28945 28980 29000 29027 29045 29069
20 29074 29081 29084 29088 29095 29116 29148 29177 29207 29243 29260 29297 29318 29343 29376 29415 29452 29489 29520 29550 29565 29590 29603 29630
21 29637 29656 29657 29665 29671 29683 29694 29715 29729 29742 29752 29754 29752 29744 29741 29742 29751 29772 29792 29812 29828 29851 29854 29870
22 29880 29891 29890 29897 29911 29926 29938 29961 29973 29992 30003 30013 30011 30013 30016 30021 30024 30043 30053 30061 30062 30065 30072 30084
23 30086 30088 30091 30092 30101 30120 30134 30159 30166 30176 30180 30182 30180 30181 30172 30165 30165 30166 30165 30147 30131 30156 30177 30188
24 30195 30201 30211 30223 30237 30245 30253 30248 30257 30288 30324 30361 30388 30402 30416 30411 30428 30461 30483 30499 30516 30527 30536 30533
25 30537 30536 30532 30524 30527 30533 30521 30527 30527 30524 30513 30511 30494 30472 30446 30430 30408 30403 30382 30363 30335 30309 30296 30263
26 30238 30214 30184 30163 30156 30183 30183 30198 30215 30233 30250 30264 30259 30251 30244 30229 30237 30243 30236 30229 30224 30227 30217 30200
27 30190 30183 30151 30119 30100 30084 30063 30047 30030 30002 29989 29957 29914 29886 29857 29823 29805 29785 29768 29744 29709 29692 29669 29659
28 29645 29641 29627 29629 29630 29634 29639 29651 29663 29684 29696 29712 29710 29701 29697 29701 29701 29706 29707 29700 29704 29709 29697 29694
29 29680 29666 29650 29634 29618 29609 29607 29596 29586 29577 29570 29551 29522 29490 29458 29432 29390 29358 29325 29292 29252 29239 29227 29238
